gene_id,Exp_2_3,Neg_1_2
CELE_Y74C9A.6|Y74C9A.6,4,4
CELE_Y74C9A.3|homt-1,1755,1485
CELE_Y74C9A.2|nlp-40,8827,6685
CELE_Y74C9A.7|21ur-15479,0,0
CELE_Y74C9A.8|21ur-13439,0,0
CELE_Y74C9A.5|sesn-1,1383,1394
CELE_Y74C9A.4|rcor-1,4411,4386
CELE_Y74C9A.9|Y74C9A.9,130,82
CELE_Y48G1C.5|Y48G1C.5,76,0
CELE_Y48G1C.12|Y48G1C.12,1917,1716
CELE_Y48G1C.4|pgs-1,1773,1632
CELE_Y48G1C.2|csk-1,4122,3773
CELE_Y48G1C.10|mtm-10,2256,2313
CELE_Y48G1C.6|Y48G1C.6,234,179
CELE_Y48G1C.9|natc-3,861,807
CELE_Y48G1C.1|pid-2,1597,1617
CELE_Y48G1C.13|Y48G1C.13,481,330
CELE_Y48G1C.8|Y48G1C.8,9922,10851
CELE_F53G12.7|col-45,114,0
CELE_F53G12.6|spe-8,42,0
CELE_F53G12.15|F53G12.15,0,0
CELE_F53G12.17|F53G12.17,0,0
CELE_F53G12.12|F53G12.12,0,0
CELE_F53G12.1|rab-11.1,27466,25176
CELE_F53G12.10|rpl-7,110517,105973
CELE_F53G12.9|F53G12.9,74,44
CELE_F53G12.8|F53G12.8,59,14
CELE_F53G12.3|duox-2,0,0
CELE_F53G12.18|F53G12.18,0,0
CELE_F56C11.1|bli-3,1777,1363
CELE_F56C11.2|ptr-11,494,346
CELE_F56C11.6|cest-27,566,631
CELE_F53G12.5|mex-3,27035,26548
CELE_F53G12.4|F53G12.4,62,64
CELE_F56C11.5|F56C11.5,1373,1293
CELE_F56C11.3|F56C11.3,447,426
CELE_Y48G1BL.2|atm-1,3287,3188
CELE_Y48G1BL.5|Y48G1BL.5,371,326
CELE_Y48G1BM.6|Y48G1BM.6,128,141
CELE_Y48G1BL.7|Y48G1BL.7,27,0
CELE_Y48G1BL.3|puf-10,3368,3532
CELE_Y48G1BL.1|snpc-3.3,108,114
CELE_Y48G1BL.8|Y48G1BL.8,18,25
CELE_Y48G1BM.8|Y48G1BM.8,75,84
CELE_Y48G1BM.1|snpc-3.2,259,243
CELE_Y48G1BR.1|Y48G1BR.1,665,463
CELE_C53D5.2|marc-4,250,180
CELE_C53D5.4|ztf-3,882,785
CELE_C53D5.1|C53D5.1,1551,1388
CELE_C53D5.5|C53D5.5,1165,1036
CELE_C53D5.6|imb-3,26619,25877
CELE_Y48G1A.7|Y48G1A.7,129,129
CELE_Y48G1A.5|xpo-2,13550,12133
CELE_Y48G1A.4|nol-14,2181,2537
CELE_Y48G1A.3|daf-25,1603,1326
CELE_Y48G1A.6|mbtr-1,1484,1569
CELE_Y48G1A.2|Y48G1A.2,2539,2172
CELE_Y48G1A.1|Y48G1A.1,788,774
CELE_R119.1|R119.1,971,1114
CELE_R119.6|taf-4,2487,2530
CELE_R119.5|R119.5,651,703
CELE_Y50C1A.1|otub-2,2772,2760
CELE_Y50C1A.2|Y50C1A.2,37,0
CELE_C07F11.1|tol-1,4212,4705
CELE_R119.7|rnp-8,7145,6933
CELE_R119.2|icpp-55,1546,1386
CELE_R119.3|R119.3,2006,2149
CELE_R119.4|pqn-59,46425,54567
CELE_W04C9.8|W04C9.8,47,32
CELE_W04C9.7|21ur-8411,0,0
CELE_W04C9.4|W04C9.4,1526,1666
CELE_W04C9.5|W04C9.5,20,21
CELE_W04C9.9|W04C9.9,0,0
CELE_W04C9.3|cutl-13,147,67
CELE_W04C9.6|W04C9.6,69,70
CELE_Y65B4BL.6|Y65B4BL.6,68,16
CELE_Y65B4BL.1|Y65B4BL.1,524,450
CELE_Y65B4BM.3|dbd-1,1146,874
CELE_Y65B4BR.8|psf-3,1884,1906
CELE_Y65B4BL.10|Y65B4BL.10,0,0
CELE_Y65B4BL.9|Y65B4BL.9,0,0
CELE_W04C9.2|W04C9.2,2347,2261
CELE_W04C9.1|haf-4,2022,1584
CELE_Y65B4BL.3|Y65B4BL.3,815,790
CELE_Y65B4BL.4|Y65B4BL.4,1405,1706
CELE_Y65B4BL.2|deps-1,11386,11972
CELE_Y65B4BL.7|Y65B4BL.7,50,55
CELE_Y65B4BL.5|acs-13,37137,33513
CELE_Y65B4BR.5|icd-2,27392,25973
CELE_Y65B4BR.12|Y65B4BR.12,0,0
CELE_Y65B4BR.4|wwp-1,15559,14821
CELE_Y65B4BR.2|lpr-1,159,90
CELE_Y65B4BR.11|Y65B4BR.11,0,0
CELE_Y65B4BR.3|ptr-21,4203,3454
CELE_F56A6.5|F56A6.5,0,0
CELE_Y65B4BR.1|Y65B4BR.1,4609,5723
CELE_Y65B4BR.6|grl-16,2798,753
CELE_F56A6.2|hum-7,819,285
CELE_Y65B4A.9|Y65B4A.9,34,22
CELE_Y18H1A.14|gtnt-50,0,0
CELE_Y18H1A.11|Y18H1A.11,266,86
CELE_Y18H1A.10|hasp-2,30,0
CELE_Y18H1A.1|ptp-5.3,26,0
CELE_Y65B4A.2|Y65B4A.2,294,274
CELE_Y65B4A.7|Y65B4A.7,13,9
CELE_Y65B4A.1|cus-2,3158,3012
CELE_Y65B4A.8|Y65B4A.8,1466,1224
CELE_F56A6.4|eme-1,2208,2233
CELE_F56A6.1|sago-2,3139,2565
CELE_Y65B4A.4|Y65B4A.4,39,0
CELE_Y65B4A.6|eif-4A3,5661,5088
CELE_Y65B4A.3|vps-20,2557,2278
CELE_Y18H1A.4|Y18H1A.4,1169,1154
CELE_Y18H1A.2|Y18H1A.2,1446,1292
CELE_T06A4.2|mps-3,19,0
CELE_Y18H1A.18|Y18H1A.18,0,6
CELE_Y18H1A.17|Y18H1A.17,0,0
CELE_Y18H1A.12|col-47,0,0
CELE_Y18H1A.T1|Y18H1A.t1,0,0
CELE_Y18H1A.8|Y18H1A.8,0,0
CELE_Y18H1A.13|col-46,60,0
CELE_Y18H1A.9|Y18H1A.9,206,89
CELE_Y18H1A.16|Y18H1A.16,2,0
CELE_T06A4.3|T06A4.3,198,108
CELE_T06A4.4|T06A4.4,0,0
CELE_T06A4.1|T06A4.1,118,45
CELE_T06A4.5|T06A4.5,5,0
CELE_ZC123.T1|ZC123.t1,0,0
CELE_ZC123.8|ZC123.8,0,0
CELE_ZC123.10|ZC123.10,0,0
CELE_ZC123.11|ZC123.11,0,0
CELE_ZC123.7|ZC123.7,0,0
CELE_ZC123.5|ZC123.5,0,0
CELE_ZC123.9|ZC123.9,0,0
CELE_ZC123.3|zfh-2,1634,1393
CELE_ZC123.6|ZC123.6,2,2
CELE_Y18H1A.7|rec-1,640,562
CELE_Y18H1A.3|hgap-1,4526,3832
CELE_Y18H1A.6|pif-1,2552,2570
CELE_Y95B8A.17|Y95B8A.17,0,0
CELE_ZC123.1|ZC123.1,584,295
CELE_ZC123.4|cdk-14,288,250
CELE_Y95B8A.8|zfr-1,6561,6073
CELE_Y95B8A.10|pde-6,1720,1214
CELE_Y95B8A.6|Y95B8A.6,669,706
CELE_Y95B8A.11|him-19,657,838
CELE_Y95B8A.12|prhg-1,92,0
CELE_Y95B8A.16|Y95B8A.16,0,0
CELE_Y95B8A.15|Y95B8A.15,0,0
CELE_Y95B8A.14|Y95B8A.14,0,0
CELE_Y95B8A.13|Y95B8A.13,0,0
CELE_Y95B8A.T1|Y95B8A.t1,0,0
CELE_Y95B8A.1|nas-30,253,47
CELE_Y95B8A.18|Y95B8A.18,0,0
CELE_Y95B8A.5|gpa-16,3136,2981
CELE_Y95B8A.4|Y95B8A.4,44,32
CELE_Y34D9B.1|mig-1,854,759
CELE_C54G6.6|C54G6.6,0,0
CELE_C54G6.7|C54G6.7,0,0
CELE_F54A5.1|hmbx-1,712,629
CELE_F54A5.3|shc-1,563,599
CELE_F54A5.2|cutl-20,353,228
CELE_C54G6.1|madf-6,830,808
CELE_C54G6.8|C54G6.8,0,0
CELE_C54G6.5|spp-17,3323,4246
CELE_Y34D9A.11|spp-23,1236,930
CELE_Y34D9A.1|mrpl-38,3399,3268
CELE_Y34D9A.4|spd-1,4634,4490
CELE_Y34D9A.3|Y34D9A.3,2037,1941
CELE_R06A10.2|gsa-1,850,665
CELE_ZK993.2|ZK993.2,0,0
CELE_ZK993.1|ceh-45,122,82
CELE_R06A10.5|R06A10.5,10,0
CELE_R06A10.6|21ur-15525,0,0
CELE_R06A10.1|R06A10.1,60,49
CELE_R06A10.4|R06A10.4,372,348
CELE_Y34D9A.7|Y34D9A.7,2079,1577
CELE_Y34D9A.6|glrx-10,1890,1303
CELE_Y34D9A.8|Y34D9A.8,262,209
CELE_Y34D9A.10|vps-4,5568,5405
CELE_Y34D9A.2|npr-23,41,63
CELE_Y48G8AL.10|znf-236,2337,2751
CELE_Y48G8AL.14|aps-3,2510,2431
CELE_Y48G8AL.8|rpl-17,52438,47506
CELE_Y48G8AL.7|Y48G8AL.7,324,394
CELE_Y48G8AL.11|haf-6,1325,1325
CELE_Y48G8AL.20|Y48G8AL.20,0,0
CELE_Y48G8AL.6|smg-2,6294,6490
CELE_Y92H12BL.5|Y92H12BL.5,837,764
CELE_Y48G8AL.19|Y48G8AL.19,0,0
CELE_Y48G8AR.7|Y48G8AR.7,0,0
CELE_Y48G8AR.6|Y48G8AR.6,0,0
CELE_Y48G8AR.5|Y48G8AR.5,0,0
CELE_Y48G8AR.4|Y48G8AR.4,0,0
CELE_Y48G8AR.3|Y48G8AR.3,0,0
CELE_K12C11.8|K12C11.8,0,0
CELE_K12C11.5|K12C11.5,0,0
CELE_Y48G8AL.5|nsun-2,7088,7212
CELE_Y48G8AL.1|herc-1,4907,4907
CELE_Y48G8AL.16|Y48G8AL.16,35,6
CELE_Y48G8AL.12|Y48G8AL.12,491,131
CELE_Y48G8AL.13|Y48G8AL.13,3995,5181
CELE_Y48G8AL.15|Y48G8AL.15,375,395
CELE_Y48G8AR.1|grh-1,809,473
CELE_Y48G8AR.8|Y48G8AR.8,4,0
CELE_Y48G8AR.2|Y48G8AR.2,26,42
CELE_K12C11.4|dapk-1,2157,1722
CELE_K12C11.3|K12C11.3,120,102
CELE_K12C11.6|K12C11.6,265,273
CELE_K12C11.7|K12C11.7,153,149
CELE_K12C11.2|smo-1,11895,10620
CELE_K12C11.1|K12C11.1,5324,4360
CELE_Y92H12BL.1|Y92H12BL.1,1587,1670
CELE_Y92H12BR.4|Y92H12BR.4,114,150
CELE_Y92H12BR.8|mrpl-15,1721,1801
CELE_F37F2.2|F37F2.2,903,679
CELE_F47G6.6|F47G6.6,0,0
CELE_F47G6.T1|F47G6.t1,0,0
CELE_F47G6.4|spe-15,642,409
CELE_F37F2.3|gst-25,10,12
CELE_F47G6.2|acs-16,313,278
CELE_Y92H12BL.7|gapr-1,176,193
CELE_Y92H12BL.4|Y92H12BL.4,251,267
CELE_Y92H12BM.1|Y92H12BM.1,268,244
CELE_Y92H12BR.7|Y92H12BR.7,1725,1433
CELE_Y92H12BR.6|set-29,1060,996
CELE_Y92H12BR.2|Y92H12BR.2,1625,1474
CELE_Y92H12BR.3|Y92H12BR.3,13422,13633
CELE_F47G6.5|21ur-13232,0,0
CELE_F47G6.1|dyb-1,308,395
CELE_Y92H12A.5|Y92H12A.5,3977,4094
CELE_Y92H12A.4|ints-3,2388,2539
CELE_Y73E7A.4|cpx-1,258,218
CELE_Y73E7A.3|Y73E7A.3,217,167
CELE_Y73E7A.2|aatf-1,757,798
CELE_Y92H12A.8|Y92H12A.8,0,0
CELE_Y92H12A.2|Y92H12A.2,1620,1553
CELE_Y92H12A.7|21ur-12465,1,0
CELE_Y92H12A.1|src-1,6240,6210
CELE_Y73E7A.6|Y73E7A.6,960,1012
CELE_Y73E7A.9|adpr-1,1935,2094
CELE_Y73E7A.7|bre-4,1039,1062
CELE_Y73E7A.8|Y73E7A.8,284,205
CELE_Y73E7A.1|Y73E7A.1,3258,2789
CELE_Y71G12B.18|Y71G12B.18,17,0
CELE_Y71G12B.34|21ur-14112,0,0
CELE_Y71G12B.21|pqn-88,219,187
CELE_Y71G12B.22|Y71G12B.22,44,0
CELE_Y71G12B.17|Y71G12B.17,94,48
CELE_Y71G12B.20|mab-20,2737,2608
CELE_Y71G12B.23|Y71G12B.23,283,227
CELE_Y71G12B.35|Y71G12B.35,189,205
CELE_Y71G12B.16|drag-1,147,142
CELE_Y71G12B.41|Y71G12B.41,0,0
CELE_Y71G12B.40|linc-131,0,0
CELE_Y71G12B.31|Y71G12B.31,77,45
CELE_Y71G12B.15|ubc-3,7021,6147
CELE_Y71G12B.14|lsm-6,1142,995
CELE_Y71G12B.13|Y71G12B.13,2486,2309
CELE_Y71G12B.12|atg-5,1591,1582
CELE_Y71G12B.10|Y71G12B.10,2214,1997
CELE_Y71G12B.36|Y71G12B.36,0,0
CELE_Y71G12B.29|mir-50,0,0
CELE_Y71G12B.11|tln-1,8890,7855
CELE_Y71G12B.24|mppa-1,1872,1895
CELE_Y71G12B.9|lin-65,2845,3129
CELE_Y71G12B.42|Y71G12B.42,8,11
CELE_Y71G12B.8|ddx-27,2932,2976
CELE_Y71G12B.25|Y71G12B.25,575,396
CELE_Y71G12B.26|mtig-1,112,67
CELE_Y71G12B.27|Y71G12B.27,63,13
CELE_Y71G12B.5|Y71G12B.5,0,0
CELE_Y71G12B.6|rml-5,1511,1213
CELE_Y71G12B.3|Y71G12B.3,27,19
CELE_Y71G12B.4|pghm-1,1323,1409
CELE_Y71G12B.32|Y71G12B.32,91,53
CELE_Y71G12B.2|Y71G12B.2,112,53
CELE_Y71G12B.30|Y71G12B.30,69,17
CELE_Y71G12B.39|anr-42,17,9
CELE_Y71G12B.1|chaf-2,5695,5291
CELE_C53H9.2|C53H9.2,7862,6831
CELE_Y71G12B.28|Y71G12B.28,59,50
CELE_C53H9.3|C53H9.3,487,362
CELE_C53H9.1|rpl-27,48435,45040
CELE_M01D7.9|M01D7.9,0,0
CELE_M01D7.1|M01D7.1,20,0
CELE_M01D7.4|tag-96,639,533
CELE_M01D7.10|M01D7.10,0,0
CELE_M01D7.7|egl-30,7895,7074
CELE_C53H9.4|C53H9.4,7,4
CELE_M01D7.11|M01D7.11,2,2
CELE_M01D7.6|emr-1,3989,3355
CELE_M01D7.5|nlp-12,118,88
CELE_M01D7.2|scm-1,2959,3045
CELE_Y71G12A.3|tub-2,4013,3867
CELE_Y51F10.15|Y51F10.15,0,0
CELE_Y51F10.10|spe-48,1369,1351
CELE_Y51F10.11|spgt-1,942,801
CELE_Y71G12A.2|trpp-10,1788,1815
CELE_Y71G12A.4|Y71G12A.4,80,52
CELE_Y51F10.7|Y51F10.7,24767,19144
CELE_Y51F10.5|hex-4,2193,2093
CELE_Y51F10.4|Y51F10.4,2582,2429
CELE_Y51F10.13|Y51F10.13,0,0
CELE_Y51F10.3|Y51F10.3,3458,3576
CELE_Y51F10.12|Y51F10.12,18,12
CELE_Y51F10.2|grif-1,8605,7835
CELE_Y20F4.3|gap-3,1906,1985
CELE_Y20F4.2|crtc-1,934,1143
CELE_Y20F4.4|Y20F4.4,1099,1094
CELE_Y20F4.8|Y20F4.8,21,18
CELE_Y37E3.5|arl-13,62,75
CELE_Y37E3.26|Y37E3.26,0,0
CELE_Y37E3.22|Y37E3.22,0,3
CELE_Y37E3.28|Y37E3.28,0,0
CELE_Y37E3.1|ttc-5,1595,1367
CELE_Y37E3.3|rpb-10,1593,1550
CELE_Y37E3.4|moag-4,2986,2303
CELE_Y37E3.7|rplp-1,30276,27338
CELE_Y37E3.8|rpl-27A,65779,58969
CELE_Y37E3.21|Y37E3.21,4,2
CELE_Y37E3.9|phb-1,8296,7791
CELE_Y37E3.10|eif-2alpha,10729,9471
CELE_Y37E3.29|Y37E3.29,0,0
CELE_Y37E3.11|pcyt-2.1,4063,3610
CELE_Y37E3.20|Y37E3.20,2,0
CELE_Y37E3.13|iglr-3,259,240
CELE_Y37E3.15|npp-13,7018,7158
CELE_Y37E3.19|Y37E3.19,13,10
CELE_Y37E3.16|fpn-1.1,1304,787
CELE_Y37E3.25|Y37E3.25,0,0
CELE_Y37E3.24|Y37E3.24,0,0
CELE_Y37E3.23|Y37E3.23,0,0
CELE_Y37E3.30|Y37E3.30,112,75
CELE_Y37E3.17|Y37E3.17,11418,11484
CELE_W03F11.6|afd-1,6338,6190
CELE_W03F11.2|gcy-17,0,0
CELE_W03F11.3|dct-9,20,0
CELE_W03F11.4|W03F11.4,190,0
CELE_W03F11.5|W03F11.5,31,44
CELE_W03F11.1|ule-1,9468,9323
CELE_F12B6.2|slc-17.6,1815,935
CELE_Y39G10AL.1|Y39G10AL.1,384,351
CELE_F12B6.1|abt-2,1241,1146
CELE_Y39G10AL.4|Y39G10AL.4,0,0
CELE_Y39G10AL.6|Y39G10AL.6,0,0
CELE_Y39G10AL.5|Y39G10AL.5,0,0
CELE_Y39G10AL.T1|Y39G10AL.t1,0,0
CELE_Y39G10AL.3|cdk-7,3487,3380
CELE_Y39G10AR.11|Y39G10AR.11,6333,6629
CELE_Y39G10AR.12|tpxl-1,9406,9067
CELE_Y39G10AR.10|epg-2,8340,7491
CELE_Y39G10AR.13|icp-1,5781,5981
CELE_Y39G10AR.9|Y39G10AR.9,3765,3723
CELE_Y39G10AR.21|nsun-4,1309,1293
CELE_Y39G10AR.20|tbca-1,1685,1353
CELE_Y39G10AR.30|Y39G10AR.30,0,0
CELE_Y39G10AR.8|eif-2gamma,11274,11848
CELE_Y39G10AR.15|Y39G10AR.15,45,0
CELE_Y39G10AR.32|Y39G10AR.32,735,712
CELE_Y39G10AR.16|Y39G10AR.16,67,20
CELE_Y39G10AR.6|ugt-31,380,113
CELE_Y39G10AR.5|zeel-1,475,453
CELE_Y39G10AR.3|nekl-1,0,0
CELE_Y39G10AR.31|Y39G10AR.31,0,0
CELE_Y39G10AR.29|Y39G10AR.29,0,0
CELE_Y39G10AR.28|Y39G10AR.28,0,0
CELE_Y39G10AR.27|Y39G10AR.27,0,0
CELE_Y39G10AR.7|ekl-7,2868,3009
CELE_Y39G10AR.14|mcm-4,14636,12806
CELE_Y39G10AR.17|sydn-1,356,479
CELE_Y39G10AR.18|dot-1.1,5570,5528
CELE_Y39G10AR.2|zwl-1,6357,6147
CELE_F23C8.7|F23C8.7,60,64
CELE_F23C8.13|F23C8.13,44,39
CELE_F23C8.5|etfb-1,7006,5485
CELE_F23C8.6|did-2,3940,3619
CELE_F23C8.14|F23C8.14,32,15
CELE_F23C8.3|F23C8.3,144,117
CELE_F23C8.10|F23C8.10,0,0
CELE_F23C8.11|F23C8.11,0,0
CELE_T16H5.1|inx-19,54,53
CELE_F23C8.8|F23C8.8,78,40
CELE_F23C8.9|tipn-1,1487,1315
CELE_F23C8.4|ubxn-1,4176,4103
CELE_Y74C10AR.3|abtm-1,900,792
CELE_Y74C10AL.2|Y74C10AL.2,1621,1495
CELE_Y74C10AR.2|Y74C10AR.2,15,0
CELE_Y74C10AR.1|eif-3.I,9146,8443
CELE_Y23H5B.6|ddx-10,3488,3195
CELE_Y23H5B.7|Y23H5B.7,29,18
CELE_Y23H5B.3|Y23H5B.3,37,19
CELE_Y23H5B.14|mir-8193,0,0
CELE_Y23H5B.4|dmsr-2,142,142
CELE_Y23H5B.5|Y23H5B.5,3562,3495
CELE_Y23H5B.2|Y23H5B.2,13,12
CELE_Y23H5B.8|Y23H5B.8,250,225
CELE_Y23H5B.1|nssp-1,61,93
CELE_Y23H5B.12|Y23H5B.12,0,0
CELE_C55C2.2|ssp-19,33,12
CELE_C55C2.1|scrt-1,23,70
CELE_C55C2.5|aat-5,223,294
CELE_K07A3.2|ptr-12,210,215
CELE_K07A3.3|K07A3.3,57,0
CELE_K07A3.1|fbp-1,5147,4464
CELE_Y23H5A.5|ctn-1,1359,1277
CELE_Y23H5A.11|Y23H5A.11,0,0
CELE_Y23H5A.9|Y23H5A.9,0,0
CELE_Y23H5A.4|spe-47,28,22
CELE_Y23H5A.8|Y23H5A.8,27,28
CELE_Y23H5A.1|cars-2,310,287
CELE_F40E3.7|F40E3.7,33,48
CELE_F40E3.10|linc-23,0,0
CELE_F40E3.6|F40E3.6,0,0
CELE_F40E3.9|F40E3.9,0,0
CELE_F40E3.8|F40E3.8,0,0
CELE_F40E3.5|F40E3.5,92,38
CELE_F40E3.2|mage-1,2061,1850
CELE_Y23H5A.3|pid-3,5608,5414
CELE_Y23H5A.2|Y23H5A.2,713,706
CELE_Y23H5A.7|cars-1,9593,9374
CELE_F32B5.12|F32B5.12,0,0
CELE_F32B5.7|F32B5.7,405,389
CELE_F32B5.6|F32B5.6,2543,2096
CELE_F32B5.4|msrp-1,63,15
CELE_F32B5.10|F32B5.10,0,0
CELE_F32B5.2|F32B5.2,18,22
CELE_F32B5.9|F32B5.9,0,0
CELE_F32B5.8|cpz-1,14612,12343
CELE_F32B5.16|F32B5.16,0,0
CELE_F32B5.11|F32B5.11,0,0
CELE_F32B5.1|F32B5.1,1161,820
CELE_Y71F9B.5|lin-17,840,853
CELE_W03D8.5|W03D8.5,33,0
CELE_W10C8.1|ccb-2,0,0
CELE_W10C8.17|W10C8.17,0,0
CELE_W03D8.11|W03D8.11,23,19
CELE_W03D8.3|W03D8.3,12,8
CELE_W10C8.2|pop-1,4311,4079
CELE_Y71F9B.17|Y71F9B.17,0,0
CELE_Y71F9B.19|Y71F9B.19,0,0
CELE_Y71F9B.22|Y71F9B.22,0,0
CELE_Y71F9B.18|Y71F9B.18,0,0
CELE_Y71F9B.20|Y71F9B.20,0,0
CELE_Y71F9B.9|Y71F9B.9,230,209
CELE_Y71F9B.24|Y71F9B.24,0,0
CELE_W03D8.14|W03D8.14,0,0
CELE_W03D8.2|W03D8.2,38,22
CELE_W03D8.12|W03D8.12,0,0
CELE_W03D8.6|itx-1,2422,2855
CELE_Y71F9B.16|dnj-30,1757,1681
CELE_Y71F9B.6|Y71F9B.6,1667,1463
CELE_Y71F9B.4|snr-7,2263,2141
CELE_Y71F9B.3|yop-1,10111,9213
CELE_Y71F9B.2|Y71F9B.2,1477,1327
CELE_Y71F9B.8|lron-11,1144,717
CELE_Y71F9B.7|plk-2,5378,5098
CELE_Y71F9B.10|sop-3,6228,6309
CELE_Y71F9B.1|Y71F9B.1,553,454
CELE_Y71F9B.13|Y71F9B.13,656,535
CELE_W03D8.9|W03D8.9,313,66
CELE_W03D8.10|W03D8.10,26,0
CELE_W03D8.8|W03D8.8,102,117
CELE_W03D8.7|W03D8.7,36,51
CELE_W10C8.6|W10C8.6,46,85
CELE_W10C8.4|W10C8.4,54,45
CELE_W10C8.10|W10C8.10,0,0
CELE_W10C8.5|W10C8.5,3436,2377
CELE_Y71F9AL.22|mir-5546,0,0
CELE_Y71F9AL.24|Y71F9AL.24,0,0
CELE_Y71F9AL.10|Y71F9AL.10,2106,2084
CELE_Y71F9AL.12|Y71F9AL.12,2661,2374
CELE_Y71F9AL.13|rpl-10a,39679,40280
CELE_Y71F9AL.9|Y71F9AL.9,14555,12952
CELE_Y71F9AL.8|Y71F9AL.8,872,871
CELE_Y71F9AL.14|dnc-5,1230,1089
CELE_Y71F9AL.16|arx-1,5141,4997
CELE_Y71F9AL.7|Y71F9AL.7,214,229
CELE_Y71F9AL.25|Y71F9AL.25,160,152
CELE_Y71F9AL.6|Y71F9AL.6,92,94
CELE_Y71F9AL.5|gst-43,268,260
CELE_Y71F9AL.17|copa-1,18450,17519
CELE_Y71F9AL.23|mir-4931,0,0
CELE_Y71F9AL.4|pph-7,411,436
CELE_Y71F9AL.18|parp-1,6436,6971
CELE_Y71F9AL.2|Y71F9AL.2,106,46
CELE_Y71F9AL.1|Y71F9AL.1,1275,1231
CELE_Y71F9AR.1|bam-2,1504,1644
CELE_Y71F9AM.7|Y71F9AM.7,0,0
CELE_Y71F9AM.11|Y71F9AM.11,0,0
CELE_Y71F9AM.6|trap-1,15585,11021
CELE_Y71F9AM.5|nxt-1,2162,2032
CELE_Y71F9AM.4|cogc-3,3548,3204
CELE_Y71F9AM.9|Y71F9AM.9,228,97
CELE_Y71F9AR.4|Y71F9AR.4,376,277
CELE_Y71F9AR.2|Y71F9AR.2,91,85
CELE_Y71F9AR.3|supr-1,1875,1944
CELE_Y54E10BL.4|dnj-28,2124,1779
CELE_Y54E10BL.5|nduf-5,3269,2729
CELE_Y54E10BL.8|Y54E10BL.8,0,0
CELE_Y54E10BL.3|Y54E10BL.3,29,46
CELE_Y54E10BL.6|mek-2,3562,3410
CELE_Y54E10BL.2|col-48,919,359
CELE_Y54E10BR.4|nobh-1,3286,3237
CELE_Y54E10BR.3|rnf-126,3880,3633
CELE_Y54E10BR.5|sec-11,5897,4912
CELE_Y54E10BR.6|rpb-7,3465,3082
CELE_Y54E10BR.2|Y54E10BR.2,2109,2241
CELE_Y54E10BR.7|mod-5,226,244
CELE_Y54E10BR.8|ztf-23,1314,1330
CELE_Y54E10BR.1|pign-1,2197,2130
CELE_M01B12.3|arx-7,1460,1375
CELE_C45E1.8|C45E1.8,0,0
CELE_C45E1.4|nssp-2,172,117
CELE_C45E1.9|C45E1.9,0,0
CELE_C45E1.6|C45E1.6,0,0
CELE_C45E1.1|nhr-64,650,619
CELE_C45E1.10|C45E1.10,4,0
CELE_M01B12.4|M01B12.4,7456,7590
CELE_M01B12.5|riok-1,2305,2479
CELE_K09H9.5|K09H9.5,137,120
CELE_K09H9.3|col-49,1742,401
CELE_K09H9.8|K09H9.8,259,168
CELE_K09H9.6|lpd-6,5692,5563
CELE_Y54E10A.7|mrpl-17,1267,1432
CELE_Y54E10A.6|Y54E10A.6,2256,2237
CELE_Y54E10A.5|dnc-6,1914,1673
CELE_K09H9.1|K09H9.1,0,0
CELE_K09H9.2|dscc-1,2784,2809
CELE_K09H9.7|K09H9.7,421,443
CELE_Y54E10A.9|vbh-1,27774,26990
CELE_Y54E10A.10|Y54E10A.10,1811,1548
CELE_Y54E10A.11|Y54E10A.11,4417,4350
CELE_Y54E10A.17|Y54E10A.17,762,592
CELE_Y54E10A.12|syp-5,2601,2633
CELE_Y54E10A.4|fog-1,929,1135
CELE_Y54E10A.14|rom-5,1241,1299
CELE_Y54E10A.15|cdt-1,4225,3963
CELE_Y54E10A.24|Y54E10A.24,0,0
CELE_Y54E10A.25|Y54E10A.25,0,0
CELE_Y54E10A.26|Y54E10A.26,0,0
CELE_Y54E10A.27|Y54E10A.27,0,0
CELE_Y54E10A.29|Y54E10A.29,0,0
CELE_Y54E10A.3|txl-1,5666,5168
CELE_Y54E10A.2|cogc-1,3319,3475
CELE_Y54E10A.16|mab-31,1951,1524
CELE_Y54E10A.21|Y54E10A.21,0,0
CELE_Y54E10A.23|Y54E10A.23,0,0
CELE_Y44E3B.2|tyr-5,61,48
CELE_Y44E3B.1|zip-4,2662,2529
CELE_W01B11.5|pqn-72,207,166
CELE_W01B11.7|W01B11.7,0,0
CELE_W01B11.1|W01B11.1,0,0
CELE_W01B11.6|W01B11.6,962,1048
CELE_W01B11.3|nol-58,14876,14287
CELE_Y44E3A.2|ace-2,765,819
CELE_Y44E3A.3|trx-4,1466,1187
CELE_Y44E3A.4|cdap-2,3787,4070
CELE_W05F2.8|W05F2.8,33,30
CELE_W05F2.7|W05F2.7,156,181
CELE_W05F2.2|enu-3.4,126,80
CELE_Y44E3A.1|Y44E3A.1,236,258
CELE_Y44E3A.6|edc-4,6651,6723
CELE_W05F2.3|W05F2.3,20414,18816
CELE_W05F2.5|fbxa-203,397,351
CELE_W05F2.6|W05F2.6,3067,3338
CELE_W05F2.4|W05F2.4,1539,1365
CELE_W05F2.9|W05F2.9,0,0
CELE_F25F1.4|F25F1.4,0,0
CELE_F25F1.3|F25F1.3,0,0
CELE_K03E5.7|K03E5.7,0,0
CELE_K03E5.6|K03E5.6,0,0
CELE_K03E5.3|cdk-2,2699,2747
CELE_K03E5.2|clik-3,1016,783
CELE_K03E5.1|neto-1,39,39
CELE_Y47G6A.12|sep-1,9965,9462
CELE_Y47G6A.9|Y47G6A.9,1319,1133
CELE_Y47G6A.28|nefr-1,3197,3045
CELE_Y47G6A.13|Y47G6A.13,75,40
CELE_Y47G6A.11|msh-6,9565,9060
CELE_Y47G6A.14|Y47G6A.14,1371,1293
CELE_Y47G6A.10|spg-7,5447,5474
CELE_Y47G6A.36|Y47G6A.36,156,121
CELE_Y47G6A.15|Y47G6A.15,1559,367
CELE_Y47G6A.17|ccep-290,130,99
CELE_Y47G6A.8|crn-1,7116,6400
CELE_Y47G6A.37|Y47G6A.37,0,0
CELE_Y47G6A.7|Y47G6A.7,1520,1556
CELE_Y47G6A.18|Y47G6A.18,2461,2295
CELE_Y47G6A.38|Y47G6A.38,0,0
CELE_Y47G6A.6|pcaf-1,3283,3147
CELE_Y47G6A.19|Y47G6A.19,597,279
CELE_Y47G6A.5|Y47G6A.5,962,1022
CELE_Y47G6A.34|Y47G6A.34,0,0
CELE_Y47G6A.20|rnp-6,5863,5634
CELE_Y47G6A.4|rde-10,1875,1808
CELE_Y47G6A.21|Y47G6A.21,922,956
CELE_Y47G6A.27|miro-3,179,180
CELE_Y47G6A.22|Y47G6A.22,1560,1587
CELE_Y47G6A.3|Y47G6A.3,70,36
CELE_Y47G6A.35|Y47G6A.35,0,0
CELE_Y47G6A.33|Y47G6A.33,1335,1022
CELE_Y47G6A.23|lpd-3,5515,5259
CELE_Y47G6A.31|Y47G6A.31,258,204
CELE_Y47G6A.24|mis-12,1356,1289
CELE_Y47G6A.26|Y47G6A.26,30,20
CELE_Y47G6A.32|Y47G6A.32,47,51
CELE_T28F2.3|cah-6,129,90
CELE_T28F2.4|jmjc-1,903,811
CELE_T28F2.1|T28F2.1,0,0
CELE_T28F2.2|T28F2.2,413,408
CELE_Y47G6A.39|Y47G6A.39,0,0
CELE_Y47G6A.25|Y47G6A.25,2157,1986
CELE_Y47G6A.2|inx-22,4561,4348
CELE_Y47G6A.1|inx-21,1668,1735
CELE_T28F2.5|ccb-1,591,445
CELE_T28F2.6|col-50,107,63
CELE_T28F2.8|col-51,60,140
CELE_T28F2.7|acd-5,571,457
CELE_D1037.2|smp-2,2160,2290
CELE_D1037.3|ftn-2,13481,10000
CELE_H26D21.1|hus-1,985,1076
CELE_F21A9.3|linc-9,237,233
CELE_D1037.4|rab-8,3842,3836
CELE_D1037.1|D1037.1,2921,2920
CELE_D1037.5|ipla-4,37,44
CELE_H26D21.2|msh-2,5924,5621
CELE_F21A9.2|F21A9.2,177,193
CELE_F21A9.1|F21A9.1,45,54
CELE_T12F5.4|lin-59,4962,4923
CELE_Y8G1A.1|math-46,0,0
CELE_Y8G1A.3|Y8G1A.3,0,0
CELE_T12F5.1|sld-2,1923,1603
CELE_Y8G1A.2|inx-13,2281,1847
CELE_T12F5.3|glh-4,7905,6909
CELE_T12F5.2|T12F5.2,1190,1319
CELE_T12F5.5|larp-5,14665,15535
CELE_C32E8.12|C32E8.12,0,0
CELE_ZK770.1|asic-1,40,56
CELE_ZK770.3|inx-12,2553,2068
CELE_C32E8.6|acs-24,25,0
CELE_C32E8.13|C32E8.13,0,0
CELE_C32E8.7|ric-19,168,218
CELE_C32E8.5|pmlr-1,3687,3495
CELE_C32E8.4|C32E8.4,42,5
CELE_C32E8.3|tppp-1,2667,2241
CELE_C32E8.2|rpl-13,53138,51105
CELE_C32E8.1|C32E8.1,0,0
CELE_C32E8.9|C32E8.9,605,498
CELE_C32E8.8|ptr-2,12972,12455
CELE_C32E8.10|unc-11,4760,4967
CELE_C32E8.11|ubr-1,11547,12062
CELE_F53F10.5|npp-11,6209,5590
CELE_F53F10.7|F53F10.7,0,0
CELE_F53F10.4|unc-108,8824,8525
CELE_T03F1.5|gsp-4,296,78
CELE_T03F1.6|T03F1.6,503,550
CELE_F53F10.2|azin-1,12727,13529
CELE_F53F10.3|mpc-2,1336,1092
CELE_F53F10.8|F53F10.8,603,585
CELE_F53F10.1|F53F10.1,213,200
CELE_T03F1.11|T03F1.11,266,186
CELE_T03F1.7|tfbm-1,853,874
CELE_T03F1.8|guk-1,2130,2141
CELE_T03F1.9|hcp-4,8077,7494
CELE_T03F1.13|linc-63,30,31
CELE_T03F1.3|pgk-1,6400,6203
CELE_T03F1.2|coq-4,711,727
CELE_T03F1.10|clec-53,214,235
CELE_T03F1.1|uba-5,4438,4030
CELE_T03F1.12|T03F1.12,750,799
CELE_C50F2.3|syf-1,6666,6195
CELE_C50F2.11|21ur-13258,0,0
CELE_C50F2.5|C50F2.5,61,24
CELE_C50F2.2|C50F2.2,3486,3311
CELE_C50F2.10|abf-2,150,88
CELE_C50F2.9|abf-1,6,7
CELE_C50F2.4|C50F2.4,554,488
CELE_C50F2.12|C50F2.12,0,0
CELE_C50F2.7|C50F2.7,67,60
CELE_C50F2.8|magu-3,221,225
CELE_C50F2.6|fkb-5,2522,1688
CELE_T20F5.4|T20F5.4,690,568
CELE_T20F5.2|pbs-4,9645,7828
CELE_T20F5.3|mrrf-1,709,660
CELE_T20F5.8|T20F5.8,15,0
CELE_T20F5.5|T20F5.5,80,84
CELE_T20F5.6|T20F5.6,5879,5850
CELE_T20F5.7|T20F5.7,3392,3162
CELE_F47B3.4|F47B3.4,20,18
CELE_F47B3.3|F47B3.3,15,22
CELE_F47B3.6|F47B3.6,37,15
CELE_T21E3.1|egg-4,9570,9073
CELE_F47B3.7|F47B3.7,71,18
CELE_F47B3.2|F47B3.2,9,0
CELE_T21E3.3|lrp-2,4149,4228
CELE_F28H1.5|F28H1.5,12,0
CELE_F47B3.1|F47B3.1,35,0
CELE_F28H1.4|F28H1.4,179,113
CELE_F28H1.3|aars-2,19487,18016
CELE_F28H1.1|F28H1.1,1056,1062
CELE_F28H1.2|cpn-3,7443,5780
CELE_F55C7.7|unc-73,3972,3839
CELE_F55C7.2|F55C7.2,0,0
CELE_F55C7.8|21ur-15385,0,0
CELE_C24G7.2|acd-1,0,0
CELE_C24G7.4|acd-2,228,216
CELE_C09D1.1|unc-89,3473,2713
CELE_C09D1.5|C09D1.5,0,0
CELE_C09D1.4|C09D1.4,0,0
CELE_C09D1.3|21ur-14824,0,0
CELE_C24G7.6|C24G7.6,0,0
CELE_C09D1.2|clec-89,57,53
CELE_H31G24.3|H31G24.3,801,956
CELE_H31G24.4|cyb-2.2,12458,12294
CELE_E01A2.3|lin-44,75,66
CELE_E01A2.4|let-504,5876,5940
CELE_E01A2.10|poml-3,763,1009
CELE_E01A2.8|E01A2.8,10,10
CELE_R12E2.15|R12E2.15,375,94
CELE_R12E2.6|R12E2.6,7,5
CELE_R12E2.14|R12E2.14,254,94
CELE_R12E2.7|R12E2.7,366,103
CELE_R12E2.8|R12E2.8,56,67
CELE_R12E2.9|inx-15,1857,1300
CELE_E01A2.1|gclm-1,3663,2760
CELE_E01A2.2|srrt-1,12510,11928
CELE_E01A2.5|dph-6,850,718
CELE_E01A2.6|akir-1,6953,6599
CELE_E01A2.11|E01A2.11,3,6
CELE_E01A2.7|poml-2,185,127
CELE_R12E2.5|inx-16,1611,1321
CELE_R12E2.4|inx-17,809,561
CELE_R12E2.10|egg-5,10671,10133
CELE_R12E2.11|R12E2.11,2110,1989
CELE_R12E2.12|mrps-6,1707,1607
CELE_C18E3.6|cas-2,3295,3477
CELE_C18E3.5|snrp-40.2,1258,1219
CELE_C18E3.3|C18E3.3,875,939
CELE_C18E3.8|hop-1,1940,1733
CELE_R12E2.3|rpn-8,13428,12752
CELE_R12E2.17|R12E2.17,3,0
CELE_R12E2.13|R12E2.13,3125,2835
CELE_R12E2.2|suco-1,10563,12964
CELE_R12E2.1|kel-20,2503,2837
CELE_C18E3.7|ppw-1,10657,9728
CELE_C18E3.10|C18E3.10,0,0
CELE_C18E3.2|swsn-2.2,4776,4735
CELE_C18E3.1|C18E3.1,26,35
CELE_C18E3.9|melo-2,1928,1800
CELE_C43E11.5|C43E11.5,85,31
CELE_C43E11.6|nab-1,2124,1740
CELE_C43E11.7|ndx-7,1051,1004
CELE_C43E11.8|exoc-7,2948,2760
CELE_C43E11.4|tufm-2,3231,3076
CELE_C43E11.11|cogc-5,4735,4472
CELE_C43E11.12|C43E11.12,1479,1493
CELE_C43E11.3|met-1,7457,7073
CELE_C43E11.2|mus-81,2274,2258
CELE_C43E11.9|C43E11.9,1407,1288
CELE_C43E11.10|cdc-6,4669,4534
CELE_Y47D9A.4|Y47D9A.4,6,0
CELE_C43E11.1|acin-1,5918,5837
CELE_Y47D9A.6|linc-85,0,0
CELE_Y47D9A.2|scpl-3,913,925
CELE_Y47D9A.1|Y47D9A.1,5326,4670
CELE_ZK973.4|ZK973.4,0,0
CELE_ZK973.8|ZK973.8,119,99
CELE_ZK973.3|pdp-1,5118,5039
CELE_ZK973.9|ZK973.9,2377,2242
CELE_ZK973.10|lpd-5,4191,3718
CELE_ZK973.6|anc-1,20839,13479
CELE_ZK973.19|ZK973.19,0,0
CELE_ZK973.24|ZK973.24,0,0
CELE_ZK973.23|ZK973.23,0,0
CELE_ZK973.15|ZK973.15,0,0
CELE_ZK973.2|cec-10,6127,6146
CELE_ZK973.11|ZK973.11,2419,2111
CELE_ZK973.1|ZK973.1,11374,11152
CELE_T21E12.8|T21E12.8,0,3
CELE_T21E12.7|T21E12.7,0,0
CELE_T21E12.6|T21E12.6,0,0
CELE_C11D9.1|tiam-1,267,261
CELE_T21E12.4|dhc-1,17527,16983
CELE_C41D11.3|C41D11.3,4886,4758
CELE_C41D11.2|eif-3.H,5978,5452
CELE_C41D11.8|cps-6,1889,1862
CELE_C41D11.9|C41D11.9,775,903
CELE_C41D11.5|cmt-1,2886,2883
CELE_T01A4.7|linc-104,0,0
CELE_C41D11.7|eri-7,2725,2532
CELE_C41D11.1|eri-6,807,733
CELE_Y119C1B.6|nssp-3,52,77
CELE_Y119C1B.12|Y119C1B.12,12,0
CELE_Y119C1B.5|rnf-145,1753,1791
CELE_T01A4.8|T01A4.8,0,0
CELE_T01A4.5|T01A4.5,0,0
CELE_T01A4.6|T01A4.6,0,0
CELE_T01A4.1|gcy-28,7533,6852
CELE_Y119C1B.4|mrpl-19,1316,1192
CELE_Y119C1B.3|Y119C1B.3,37,0
CELE_Y119C1B.9|zig-9,951,1112
CELE_Y119C1B.1|Y119C1B.1,16,0
CELE_Y119C1B.10|Y119C1B.10,743,618
CELE_Y119C1B.8|bet-1,7253,7435
CELE_D1007.15|D1007.15,837,876
CELE_D1007.1|ceh-17,22,21
CELE_D1007.14|pqn-24,1021,845
CELE_D1007.13|idpp-10,32,17
CELE_D1007.2|col-52,0,0
CELE_D1007.3|D1007.3,135,98
CELE_D1007.18|nssp-4,38,28
CELE_D1007.5|tmem-39,2951,2731
CELE_D1007.22|D1007.22,0,0
CELE_D1007.20|D1007.20,0,0
CELE_D1007.17|mir-353,0,0
CELE_D1007.4|D1007.4,676,654
CELE_D1007.6|rps-10,39157,39948
CELE_D1007.12|rpl-24,53997,50039
CELE_D1007.10|D1007.10,722,782
CELE_D1007.19|nssp-5,50,44
CELE_D1007.7|nrd-1,5130,5578
CELE_D1007.16|eaf-1,4274,3810
CELE_D1007.8|D1007.8,1061,830
CELE_C44E4.5|C44E4.5,2750,2833
CELE_C44E4.1|ubr-4,8751,8934
CELE_C46H11.6|C46H11.6,20,0
CELE_C46H11.7|C46H11.7,35,19
CELE_C46H11.12|C46H11.12,0,0
CELE_C46H11.8|phat-1,63,26
CELE_C46H11.13|anr-10,0,0
CELE_C46H11.9|phat-2,206,88
CELE_C46H11.4|lfe-2,1433,1446
CELE_C46H11.2|C46H11.2,692,453
CELE_C46H11.10|C46H11.10,68,86
CELE_C46H11.11|fhod-1,2450,1252
CELE_C30F8.6|C30F8.6,3,0
CELE_C30F8.4|kin-32,1152,1290
CELE_C30F8.5|C30F8.5,0,0
CELE_C30F8.2|vha-16,16532,11497
CELE_Y110A7A.23|Y110A7A.23,0,0
CELE_Y110A7A.22|21ur-11275,0,0
CELE_C30F8.3|C30F8.3,23,25
CELE_Y110A7A.20|ift-20,17,0
CELE_Y110A7A.12|spe-5,700,692
CELE_Y110A7A.13|chp-1,2865,2840
CELE_Y110A7A.14|pas-3,14402,13683
CELE_Y110A7A.11|use-1,1119,1028
CELE_Y110A7A.10|aap-1,3414,3457
CELE_Y110A7A.21|Y110A7A.21,280,269
CELE_Y110A7A.15|Y110A7A.15,2797,2369
CELE_Y110A7A.16|elpc-1,4417,4455
CELE_Y110A7A.9|Y110A7A.9,6432,6135
CELE_Y110A7A.17|mat-1,10332,9651
CELE_C44E4.10|C44E4.10,0,0
CELE_B0041.9|B0041.9,0,0
CELE_B0041.10|B0041.10,0,0
CELE_T04D1.6|21ur-12047,0,0
CELE_T04D1.7|linc-39,0,0
CELE_T04D1.5|mir-244,0,0
CELE_C10H11.6|ugt-26,564,268
CELE_C10H11.5|ugt-27,0,0
CELE_C10H11.11|C10H11.11,0,0
CELE_C10H11.12|C10H11.12,0,0
CELE_C10H11.14|C10H11.14,0,0
CELE_F54D7.8|F54D7.8,0,0
CELE_F54D7.9|F54D7.9,0,0
CELE_F54D7.3|gnrr-1,0,0
CELE_F57C9.4|F57C9.4,4595,4344
CELE_F57C9.1|pdxk-1,1903,1671
CELE_C01F4.6|C01F4.6,0,0
CELE_C01F4.7|C01F4.7,0,0
CELE_C01F4.4|C01F4.4,0,0
CELE_C01F4.5|C01F4.5,0,0
CELE_C01F4.8|C01F4.8,0,0
CELE_C01F4.9|C01F4.9,0,0
CELE_F25F8.6|F25F8.6,0,0
CELE_F25F8.5|F25F8.5,0,0
CELE_F25F8.4|21ur-14928,0,0
CELE_F25F8.3|21ur-10520,0,0
CELE_W03G9.9|W03G9.9,0,0
CELE_W03G9.11|W03G9.11,0,0
CELE_C44E4.4|ssb-1,11376,10953
CELE_C44E4.6|acbp-1,8974,5261
CELE_C44E4.3|got-2.1,3254,3429
CELE_Y119C1A.1|Y119C1A.1,3065,3054
CELE_B0041.3|lmd-2,321,332
CELE_B0041.4|rpl-4,77357,82667
CELE_B0041.8|B0041.8,3451,2882
CELE_B0041.5|B0041.5,3264,3188
CELE_B0041.6|ptps-1,645,233
CELE_B0041.2|ain-2,12264,11228
CELE_B0041.11|B0041.11,663,638
CELE_B0041.7|xnp-1,6934,6855
CELE_T04D1.3|unc-57,5908,5268
CELE_T04D1.2|T04D1.2,68,50
CELE_T04D1.4|chd-7,11127,11228
CELE_W09C3.4|W09C3.4,1366,1293
CELE_W09C3.6|gsp-3,397,134
CELE_W09C3.2|W09C3.2,36,0
CELE_W09C3.7|W09C3.7,656,688
CELE_W09C3.8|W09C3.8,14,0
CELE_W09C3.1|W09C3.1,153,105
CELE_C10H11.7|C10H11.7,48,11
CELE_C10H11.4|ugt-28,416,358
CELE_C10H11.3|ugt-25,1406,621
CELE_C10H11.8|mlst-8,2427,2437
CELE_C10H11.9|let-502,13112,12663
CELE_C10H11.1|viln-1,3831,3812
CELE_C10H11.10|kca-1,6004,5670
CELE_M04F3.6|M04F3.6,1067,987
CELE_M04F3.3|kin-35,272,319
CELE_M04F3.2|M04F3.2,445,497
CELE_M04F3.7|M04F3.7,48,35
CELE_M04F3.1|rpa-2,12404,10904
CELE_M04F3.4|M04F3.4,1017,1046
CELE_M04F3.5|M04F3.5,3734,3746
CELE_F54D7.6|rpl-41.1,3087,2784
CELE_F54D7.7|rpl-41.2,47125,40554
CELE_F54D7.4|zig-7,1751,1823
CELE_F54D7.2|ept-1,6505,6212
CELE_F57C9.6|F57C9.6,28,40
CELE_F57C9.7|tofu-4,879,648
CELE_F57C9.5|htp-3,4506,4730
CELE_F57C9.3|glo-2,251,166
CELE_F57C9.2|clec-90,621,604
CELE_C01F4.2|rga-6,128,131
CELE_F25F8.1|F25F8.1,440,414
CELE_F25F8.2|glc-2,429,494
CELE_F21F3.4|F21F3.4,645,693
CELE_F21F3.5|unc-38,126,52
CELE_F21F3.3|icmt-1,83,60
CELE_F21F3.2|F21F3.2,30,0
CELE_F21F3.1|pgal-1,2105,2014
CELE_F21F3.6|F21F3.6,10829,11662
CELE_F21F3.7|F21F3.7,1059,968
CELE_F28B3.8|imb-1,9758,9113
CELE_F28B3.5|mfsd-13.1,2772,2661
CELE_F28B3.9|acl-11,1008,1065
CELE_F28B3.4|dip-2,7091,6939
CELE_F28B3.10|F28B3.10,1669,1569
CELE_F28B3.6|F28B3.6,1391,1348
CELE_F28B3.7|him-1,12445,11753
CELE_W03G9.8|mzt-1,1340,1260
CELE_W03G9.3|enu-3.3,1094,954
CELE_W03G9.2|pid-4,1846,1866
CELE_W03G9.4|app-1,12722,11633
CELE_W03G9.5|W03G9.5,29,0
CELE_W03G9.1|snf-1,2314,2311
CELE_W03G9.10|W03G9.10,9,0
CELE_W03G9.6|paf-1,23,0
CELE_F54C1.5|dyf-1,86,0
CELE_F54C1.3|mes-3,4199,4214
CELE_F54C1.2|dom-3,1241,1309
CELE_F54C1.8|F54C1.8,20,0
CELE_F54C1.9|sst-20,73,21
CELE_F54C1.1|F54C1.1,40,0
CELE_F54C1.6|F54C1.6,21,15
CELE_F54C1.7|pat-10,28577,21555
CELE_Y110A7A.5|mtm-1,1580,1579
CELE_Y110A7A.8|prp-31,7478,6821
CELE_Y110A7A.7|Y110A7A.7,704,716
CELE_Y110A7A.6|pfkb-1.1,7524,7252
CELE_Y110A7A.4|tyms-1,3920,3663
CELE_Y110A7A.24|Y110A7A.24,20,10
CELE_Y110A7A.3|unc-63,227,174
CELE_Y110A7A.2|trf-2,0,0
CELE_Y110A7A.18|ppw-2,3221,2931
CELE_Y110A7A.19|let-630,3485,3423
CELE_F56A3.5|bro-1,149,85
CELE_C32E12.8|C32E12.8,0,0
CELE_C32E12.2|pde-5,35,0
CELE_C32E12.3|osr-1,240,106
CELE_F56A3.1|fncm-1,1887,1883
CELE_C32E12.7|C32E12.7,0,0
CELE_C32E12.5|sem-2,1319,1013
CELE_C32E12.4|C32E12.4,913,1395
CELE_C32E12.1|C32E12.1,36,0
CELE_B0261.4|mrpl-47,1952,2162
CELE_Y110A7A.1|hcp-6,7688,7373
CELE_F56A3.4|spd-5,15026,14229
CELE_F56A3.3|npp-6,8688,7854
CELE_F56A3.2|slx-1,3179,3069
CELE_B0261.6|B0261.6,146,46
CELE_B0261.2|let-363,11088,11633
CELE_B0261.5|B0261.5,12,0
CELE_B0261.1|vep-1,4300,4286
CELE_B0261.8|B0261.8,617,484
CELE_B0261.9|B0261.9,8,0
CELE_B0261.7|B0261.7,6499,6415
CELE_C01G8.1|C01G8.1,8206,7604
CELE_C01G8.2|cln-3.2,951,1110
CELE_C01G8.3|dhs-1,3512,3310
CELE_C01G8.6|hpo-32,1809,1854
CELE_C01G8.4|dnj-4,964,1075
CELE_C01G8.5|erm-1,18094,14953
CELE_F48C1.2|fbxa-145,145,127
CELE_F48C1.1|aman-3,977,451
CELE_F48C1.11|F48C1.11,10,11
CELE_F48C1.7|spe-11,132,62
CELE_F48C1.9|F48C1.9,216,155
CELE_F48C1.8|F48C1.8,34,26
CELE_F55A12.18|F55A12.18,0,18
CELE_F55A12.11|F55A12.11,0,0
CELE_F55A12.7|apm-1,1545,1292
CELE_C01G8.9|let-526,17094,17572
CELE_F48C1.3|F48C1.3,0,0
CELE_F48C1.13|F48C1.13,0,0
CELE_F48C1.12|F48C1.12,2,0
CELE_F48C1.5|F48C1.5,1155,1197
CELE_F48C1.6|F48C1.6,1975,1788
CELE_F55A12.17|anr-38,0,0
CELE_F55A12.5|F55A12.5,5436,5281
CELE_F55A12.8|nath-10,2712,2831
CELE_F55A12.4|dhs-2,508,804
CELE_F55A12.14|F55A12.14,0,0
CELE_F55A12.12|F55A12.12,0,0
CELE_F55A12.2|F55A12.2,751,727
CELE_F55A12.3|ppk-1,4892,4629
CELE_F55A12.10|zhp-1,747,770
CELE_F55A12.1|wago-2,6849,6235
CELE_C24A11.10|21ur-14736,0,0
CELE_F55A12.9|tent-5,5091,4416
CELE_C24A11.9|coq-1,1574,1418
CELE_C24A11.11|C24A11.11,0,0
CELE_C24A11.12|C24A11.12,0,0
CELE_C24A11.1|C24A11.1,83,28
CELE_C24A11.8|frm-4,6058,6050
CELE_C30H7.2|erp-44.1,4770,4107
CELE_F27C1.6|utp-14,3648,3497
CELE_F27C1.4|F27C1.4,250,310
CELE_F27C1.3|F27C1.3,22,0
CELE_F27C1.7|atp-3,20286,19374
CELE_F27C1.2|F27C1.2,6345,6775
CELE_F27C1.8|dpy-5,2896,671
CELE_F27C1.13|F27C1.13,0,0
CELE_F27C1.11|F27C1.11,61,0
CELE_F27C1.1|F27C1.1,409,150
CELE_T05E8.1|ferl-1,210,160
CELE_T05E8.2|hil-8,94,108
CELE_C09D4.9|C09D4.9,10,0
CELE_C09D4.3|C09D4.3,122,47
CELE_C09D4.2|C09D4.2,1196,1119
CELE_C09D4.1|C09D4.1,312,337
CELE_F59A3.3|mrpl-24,1563,1547
CELE_F59A3.4|zipt-11,3569,3298
CELE_C09D4.7|21ur-12380,0,0
CELE_T05E8.3|let-355,4586,4421
CELE_C09D4.4|C09D4.4,4597,3822
CELE_C09D4.5|rpl-19,51517,50080
CELE_F59A3.6|rpa-4,1722,1592
CELE_F59A3.13|F59A3.13,12,0
CELE_F59A3.2|F59A3.2,1200,1224
CELE_F59A3.12|F59A3.12,2004,2013
CELE_F59A3.9|pup-3,467,555
CELE_F59A3.1|cpd-1,1995,1803
CELE_F59A3.8|F59A3.8,33,0
CELE_M01A10.2|tom-1,1166,1333
CELE_M01A10.6|21ur-13147,0,0
CELE_M01A10.3|ostd-1,8461,7700
CELE_M01A10.1|fubl-4,2342,2097
CELE_M01E11.4|pqn-52,9925,9149
CELE_M01E11.5|cey-3,33054,29741
CELE_M01E11.3|rmh-1,2048,2336
CELE_M01E11.6|klp-15,7250,6951
CELE_F46F11.4|ubl-5,1209,888
CELE_M01E11.9|M01E11.9,0,0
CELE_M01E11.8|21ur-9108,0,0
CELE_M01E11.2|ctnb-1,4301,3917
CELE_M01E11.1|M01E11.1,1289,1075
CELE_M01E11.7|tns-1,2300,1354
CELE_F46F11.5|vha-10,9141,5742
CELE_F46F11.9|trpp-8,3741,3798
CELE_F46F11.12|F46F11.12,3,0
CELE_F46F11.6|xrep-4,4687,4554
CELE_F46F11.1|F46F11.1,4906,4953
CELE_F46F11.2|cey-2,99206,98053
CELE_F46F11.7|F46F11.7,475,498
CELE_F46F11.10|trmt-10C.1,601,516
CELE_F46F11.8|F46F11.8,2483,2350
CELE_F55F8.7|F55F8.7,54,0
CELE_F55F8.1|ptr-10,211,166
CELE_M01A12.4|M01A12.4,0,22
CELE_M01A12.1|col-53,57,37
CELE_F55F8.2|F55F8.2,3229,3187
CELE_F55F8.3|F55F8.3,2561,2320
CELE_F55F8.4|cir-1,4801,4423
CELE_F55F8.5|wdr-12,2898,2728
CELE_F55F8.6|mff-2,1850,1630
CELE_F55F8.9|zipt-2.4,4187,3562
CELE_T19B4.5|T19B4.5,5050,4365
CELE_T19B4.4|dnj-21,599,503
CELE_T19B4.3|aprt-1,1953,1742
CELE_T19B4.7|unc-40,10392,9894
CELE_T19B4.1|pamn-1,1247,1207
CELE_F56H1.8|21ur-14650,0,0
CELE_C04F1.1|C04F1.1,43,15
CELE_C04F1.5|C04F1.5,0,0
CELE_C04F1.4|C04F1.4,0,0
CELE_C04F1.3|lim-7,578,447
CELE_F56H1.9|21ur-15563,0,0
CELE_T19B4.2|npp-7,20549,20770
CELE_F56H1.4|rpt-5,13992,13594
CELE_F56H1.6|rad-8,2085,2048
CELE_T22E7.1|lron-8,357,322
CELE_F56H1.1|che-14,187,145
CELE_F56H1.5|ccpp-1,4619,4497
CELE_F56H1.7|oxy-5,2863,2493
CELE_B0414.3|hil-5,10341,9717
CELE_B0414.9|21ur-14150,0,0
CELE_B0414.2|rnt-1,74,82
CELE_B0414.5|cpb-3,9130,9230
CELE_B0414.6|glh-3,3004,3138
CELE_C32F10.6|nhr-2,1712,1294
CELE_B0414.1|srz-4,0,0
CELE_B0414.7|mtk-1,5321,5783
CELE_B0414.8|vps-51,3710,3547
CELE_C32F10.2|lin-35,7129,6691
CELE_C32F10.4|C32F10.4,2297,2772
CELE_C32F10.5|hmg-3,10139,9438
CELE_C32F10.9|C32F10.9,0,0
CELE_C32F10.8|C32F10.8,11270,10483
CELE_F33D11.16|F33D11.16,11,18
CELE_F33D11.15|F33D11.15,0,0
CELE_F33D11.T2|F33D11.t2,0,0
CELE_F33D11.3|col-54,84,19
CELE_F33D11.2|F33D11.2,31,0
CELE_F33D11.7|F33D11.7,37,0
CELE_F33D11.1|F33D11.1,16,0
CELE_F33D11.14|F33D11.14,0,0
CELE_F33D11.T1|F33D11.t1,0,0
CELE_F33D11.8|nlp-62,42,33
CELE_C32F10.1|obr-4,7343,6485
CELE_F33D11.9|gpaa-1,8033,7486
CELE_F33D11.13|F33D11.13,2,0
CELE_F33D11.12|dhhc-3,3756,3143
CELE_F33D11.10|F33D11.10,7996,7179
CELE_F33D11.11|vpr-1,9460,9247
CELE_C34G6.9|C34G6.9,0,0
CELE_C34G6.5|cdc-7,3172,3160
CELE_C34G6.6|noah-1,9314,8538
CELE_C34G6.3|C34G6.3,43,16
CELE_C34G6.4|pgp-2,3548,2808
CELE_C34G6.2|tyr-4,3812,4273
CELE_C34G6.7|stam-1,5732,5522
CELE_B0207.5|B0207.5,0,0
CELE_B0207.14|B0207.14,0,0
CELE_B0207.6|B0207.6,1737,1701
CELE_C34G6.8|21ur-13804,0,0
CELE_C34G6.1|hpo-27,7607,7340
CELE_B0207.2|B0207.2,35,13
CELE_B0207.3|gpa-14,29,49
CELE_B0207.7|B0207.7,49,0
CELE_B0207.11|B0207.11,16,0
CELE_B0207.1|B0207.1,35,0
CELE_B0207.4|air-2,3824,3580
CELE_B0207.13|B0207.13,0,0
CELE_B0207.15|B0207.15,0,0
CELE_B0207.12|avr-14,233,160
CELE_C06A5.6|simr-1,3972,3938
CELE_C06A5.3|C06A5.3,4511,4664
CELE_C06A5.11|sir-2.4,930,939
CELE_C06A5.7|unc-94,5025,4928
CELE_C06A5.12|C06A5.12,63,108
CELE_C06A5.2|C06A5.2,26,12
CELE_C06A5.8|C06A5.8,1463,1415
CELE_C06A5.9|rnf-1,2238,2009
CELE_C27A12.4|C27A12.4,51,55
CELE_B0025.6|B0025.6,0,0
CELE_B0025.4|B0025.4,1099,1050
CELE_B0025.1|vps-34,3515,3319
CELE_C06A5.1|ints-1,6002,5764
CELE_B0025.2|csn-2,6678,6476
CELE_B0025.5|B0025.5,86,16
CELE_C27A12.3|let-391,3260,3394
CELE_C27A12.11|C27A12.11,0,0
CELE_C27A12.5|ceh-2,42,38
CELE_C27A12.2|szy-5,4825,4509
CELE_C27A12.13|mir-4926,0,0
CELE_C27A12.6|ari-1.3,3822,3430
CELE_C27A12.7|ari-1.2,5130,4851
CELE_C27A12.8|ari-1.1,4230,3930
CELE_C27A12.9|pigo-1,1745,1717
CELE_C27A12.10|mbd-2,1888,1715
CELE_ZK484.5|msrp-2,478,106
CELE_ZK484.6|ZK484.6,51,25
CELE_ZK484.9|ZK484.9,0,0
CELE_ZK484.10|ZK484.10,0,0
CELE_ZK484.2|haf-9,1323,808
CELE_ZK484.3|ZK484.3,3731,3895
CELE_ZK484.4|tres-1,9642,9395
CELE_ZK484.7|ZK484.7,59,0
CELE_ZK484.8|nspd-1,318,45
CELE_T27A3.4|spch-3,528,240
CELE_T27A3.5|T27A3.5,125,39
CELE_T27A3.3|ssp-16,77,11
CELE_ZK484.11|ZK484.11,4,2
CELE_ZK484.1|oaz-1,15831,17396
CELE_T27A3.9|T27A3.9,0,0
CELE_T27A3.12|T27A3.12,0,0
CELE_T27A3.8|T27A3.8,36,34
CELE_T27A3.6|nmrk-1,1609,1702
CELE_T27A3.7|nse-1,2705,2570
CELE_T27A3.2|usp-5,7915,7349
CELE_F56F4.4|F56F4.4,12,0
CELE_F56F4.2|ttr-55,0,0
CELE_F56F4.9|ttr-56,13,0
CELE_T27A3.1|trak-1,3996,3306
CELE_F56F4.10|F56F4.10,0,0
CELE_F56F4.11|F56F4.11,0,0
CELE_F56F4.12|anr-5,0,0
CELE_F56F4.5|pept-3,1192,1694
CELE_F56F4.T1|F56F4.t1,2,2
CELE_F56F4.T2|F56F4.t2,2,0
CELE_F56F4.8|F56F4.8,220,243
CELE_T09B4.6|T09B4.6,13,10
CELE_T09B4.7|T09B4.7,39,0
CELE_T09B4.5|T09B4.5,7247,8062
CELE_T09B4.4|T09B4.4,203,162
CELE_T09B4.8|T09B4.8,2227,1865
CELE_T05E7.5|vet-1,1008,1039
CELE_T09B4.22|T09B4.22,0,0
CELE_T09B4.18|T09B4.18,0,0
CELE_T09B4.15|T09B4.15,0,0
CELE_T09B4.9|tin-44,2671,2524
CELE_T09B4.10|chn-1,3252,3031
CELE_T09B4.2|T09B4.2,2712,2852
CELE_T09B4.20|mir-4916,4,4
CELE_T09B4.1|pigv-1,12022,11171
CELE_T05E7.3|wshc-5,5295,5613
CELE_T05E7.4|T05E7.4,75,94
CELE_T08B2.14|T08B2.14,0,0
CELE_T05E7.1|T05E7.1,568,549
CELE_T08B2.7|ech-1.2,19756,16849
CELE_T08B2.8|mrpl-23,1442,1152
CELE_T08B2.9|fars-1,6834,6360
CELE_T08B2.13|T08B2.13,3,0
CELE_T08B2.11|T08B2.11,376,370
CELE_T08B2.4|T08B2.4,180,211
CELE_T08B2.12|T08B2.12,486,143
CELE_C48E7.7|C48E7.7,465,141
CELE_T08B2.5|rbm-5,4623,5088
CELE_T08B2.10|rps-17,54020,49635
CELE_C48E7.8|oac-9,56,0
CELE_C48E7.12|C48E7.12,0,0
CELE_C48E7.13|C48E7.13,0,0
CELE_C48E7.1|C48E7.1,1858,1513
CELE_C10G11.8|C10G11.8,346,89
CELE_C10G11.17|C10G11.17,0,0
CELE_C48E7.14|C48E7.14,0,0
CELE_C48E7.6|C48E7.6,616,639
CELE_C48E7.10|spp-15,2250,1484
CELE_C48E7.5|cof-2,132,122
CELE_C48E7.11|cebp-2,791,713
CELE_C48E7.3|lpd-2,2155,1902
CELE_C48E7.2|let-611,3315,3355
CELE_C10G11.9|spch-2,246,39
CELE_C10G11.4|srh-49,0,0
CELE_C10G11.11|21ur-15496,0,0
CELE_C10G11.10|C10G11.10,12,0
CELE_F26B1.4|col-58,106,40
CELE_C10G11.15|C10G11.15,0,0
CELE_C10G11.14|C10G11.14,0,0
CELE_C10G11.7|chdp-1,18997,17550
CELE_C10G11.6|C10G11.6,1553,1396
CELE_C10G11.5|pnk-1,3795,2992
CELE_F26B1.3|ima-2,25377,23084
CELE_F26B1.8|F26B1.8,337,99
CELE_F26B1.2|hrpk-1,17973,17090
CELE_F26B1.7|let-381,155,123
CELE_K04F10.4|bli-4,12117,11552
CELE_K04F10.8|K04F10.8,0,0
CELE_K04F10.9|K04F10.9,28,21
CELE_K04F10.6|rde-3,3755,3499
CELE_K04F10.3|K04F10.3,2862,2927
CELE_K04F10.2|K04F10.2,136,86
CELE_ZC328.5|ZC328.5,19,14
CELE_ZC328.1|cuti-1,327,187
CELE_ZC308.6|ZC308.6,0,0
CELE_ZC308.5|ZC308.5,0,0
CELE_K04F10.1|K04F10.1,199,212
CELE_K04F10.7|K04F10.7,2999,2671
CELE_ZC308.4|ZC308.4,5396,4922
CELE_ZC308.1|gld-2,13758,14602
CELE_ZC328.2|klu-2,227,205
CELE_R10A10.3|R10A10.3,0,0
CELE_ZC328.4|san-1,3713,3083
CELE_ZC328.3|ZC328.3,1892,2016
CELE_F37E3.3|comp-1,61,25
CELE_T23H2.2|snt-4,1059,999
CELE_F37E3.2|lron-6,0,0
CELE_R10A10.2|rbx-2,990,874
CELE_F37E3.1|ncbp-1,5695,5471
CELE_T23H2.3|T23H2.3,7639,7450
CELE_T23H2.6|T23H2.6,0,0
CELE_T23H2.1|npp-12,14686,15110
CELE_T23H2.4|mam-8,53,28
CELE_T23H2.5|rab-10,5586,5028
CELE_K06A5.3|K06A5.3,32,25
CELE_K06A5.4|knl-2,7840,7736
CELE_K06A5.6|acdh-3,6886,6382
CELE_K06A5.2|K06A5.2,406,138
CELE_K06A5.7|cdc-25.1,11166,10315
CELE_K06A5.8|nmtn-1,254,189
CELE_C55B7.6|sulp-1,34,35
CELE_K06A5.9|K06A5.9,0,0
CELE_K06A5.1|uad-2,3756,3863
CELE_C55B7.3|C55B7.3,57,17
CELE_C55B7.8|dbr-1,2513,2477
CELE_C55B7.9|mdt-18,1153,1168
CELE_C55B7.5|uri-1,4473,4205
CELE_T10E9.12|T10E9.12,0,0
CELE_T10E9.4|T10E9.4,518,168
CELE_C55B7.12|che-1,0,0
CELE_C55B7.13|C55B7.13,0,0
CELE_C55B7.2|gly-2,377,361
CELE_C55B7.11|C55B7.11,1440,1214
CELE_C55B7.1|glh-2,12631,11721
CELE_T10E9.11|T10E9.11,0,0
CELE_T10E9.13|T10E9.13,0,0
CELE_T10E9.3|cpg-22,543,195
CELE_T10E9.8|T10E9.8,79,91
CELE_T10E9.6|T10E9.6,14,0
CELE_T10E9.7|nuo-2,4835,4605
CELE_T10E9.14|T10E9.14,454,423
CELE_T10E9.10|21ur-14742,0,0
CELE_T10E9.2|T10E9.2,4312,3891
CELE_T10E9.1|T10E9.1,1922,1708
CELE_T10E9.9|acdh-4,158,139
CELE_F57B10.8|F57B10.8,1065,984
CELE_F57B10.9|spg-20,1189,964
CELE_F57B10.14|ucr-11,4065,3011
CELE_F57B10.10|dad-1,5011,4103
CELE_F57B10.17|F57B10.17,0,0
CELE_F57B10.7|tre-1,7905,7055
CELE_F57B10.6|xpg-1,3343,3401
CELE_F57B10.15|21ur-14797,1,0
CELE_F57B10.5|tmed-3,2537,2153
CELE_F57B10.11|bag-1,2532,2196
CELE_F57B10.12|mei-2,5451,5715
CELE_F57B10.4|syp-6,3298,2972
CELE_F57B10.3|ipgm-1,9233,8540
CELE_F57B10.16|F57B10.16,0,0
CELE_F57B10.18|F57B10.18,0,0
CELE_F48A9.4|F48A9.4,0,0
CELE_F57B10.1|let-607,8434,7985
CELE_F48A9.3|try-6,52,33
CELE_D2092.8|D2092.8,71,14
CELE_D2092.12|D2092.12,0,0
CELE_D2092.4|D2092.4,871,650
CELE_F48A9.2|F48A9.2,356,298
CELE_D2092.5|maco-1,9572,9368
CELE_ZC581.6|try-7,31,0
CELE_ZC581.10|ZC581.10,11,0
CELE_D2092.14|D2092.14,0,0
CELE_D2092.1|mctp-1,624,308
CELE_D2092.3|acr-11,66,54
CELE_D2092.2|ppfr-2,4453,4195
CELE_ZC581.11|ZC581.11,0,0
CELE_ZC581.14|ZC581.14,2,0
CELE_ZC581.2|ZC581.2,61,24
CELE_ZC581.7|ZC581.7,45,39
CELE_ZC581.13|ZC581.13,0,0
CELE_ZC581.3|ZC581.3,1383,1429
CELE_C17F3.3|C17F3.3,28,0
CELE_T23B3.4|ckr-1,33,37
CELE_T23B3.5|T23B3.5,173,54
CELE_T23B3.6|T23B3.6,37,50
CELE_T23B3.9|T23B3.9,0,0
CELE_T23B3.3|rmd-5,0,0
CELE_T23B3.8|T23B3.8,21,23
CELE_ZC581.12|ZC581.12,0,0
CELE_ZC581.1|nekl-2,637,839
CELE_ZC581.9|ZC581.9,167,126
CELE_C17F3.1|C17F3.1,141,43
CELE_T23B3.2|T23B3.2,1230,1272
CELE_T23B3.1|T23B3.1,4332,4218
CELE_W02D3.4|W02D3.4,3898,3775
CELE_W02D3.3|mec-6,117,129
CELE_W02D3.5|lbp-6,8604,4866
CELE_W02D3.7|lbp-5,1542,1922
CELE_W02D3.8|smg-5,1388,1424
CELE_W02D3.11|hrpf-1,4226,4296
CELE_W02D3.2|dhod-1,4020,3252
CELE_W02D3.1|cytb-5.2,3586,3465
CELE_W02D3.12|W02D3.12,738,502
CELE_W02D3.9|unc-37,7163,6644
CELE_W02D3.10|fnci-1,3596,3632
CELE_F08B6.6|F08B6.6,1,0
CELE_F08B6.2|gpc-2,2089,1736
CELE_F08B6.3|calu-2,529,438
CELE_F08B6.1|F08B6.1,389,470
CELE_F08B6.4|unc-87,12492,10714
CELE_C37A2.5|pqn-21,2328,2478
CELE_C37A2.3|acdh-5,45,20
CELE_C37A2.T1|C37A2.t1,0,0
CELE_C37A2.4|cye-1,6762,6943
CELE_C37A2.6|etfm-1,113,154
CELE_C37A2.7|rplp-2.1,28296,22870
CELE_K02F2.8|K02F2.8,0,0
CELE_C37A2.2|pqn-20,13649,14056
CELE_C37A2.8|C37A2.8,2567,2502
CELE_E02D9.1|E02D9.1,7780,7416
CELE_E02D9.3|mek-5,434,405
CELE_K02F2.5|K02F2.5,397,404
CELE_K02F2.7|K02F2.7,0,0
CELE_K02F2.10|K02F2.10,0,0
CELE_K02F2.9|K02F2.9,0,0
CELE_K02F2.4|ulp-5,792,774
CELE_K02F2.3|teg-4,8446,8123
CELE_K02F2.6|ser-3,219,289
CELE_K02F2.11|K02F2.11,4,0
CELE_K02F2.2|ahcy-1,46204,42273
CELE_K02F2.1|dpf-3,13885,12709
CELE_H27M09.4|dpy-14,13207,10769
CELE_H27M09.5|H27M09.5,22,0
CELE_H27M09.6|H27M09.6,4,0
CELE_H27M09.3|syp-4,6039,5636
CELE_H27M09.2|rpb-5,5595,5339
CELE_H27M09.1|sacy-1,3931,3562
CELE_T21G5.11|linc-53,0,5
CELE_T21G5.10|T21G5.10,0,0
CELE_T21G5.9|T21G5.9,0,0
CELE_T21G5.4|smz-2,173,39
CELE_T21G5.6|let-383,477,181
CELE_T21G5.12|T21G5.12,38,14
CELE_C48B6.5|srb-15,0,0
CELE_T21G5.7|T21G5.7,0,0
CELE_C48B6.12|C48B6.12,0,0
CELE_C48B6.11|C48B6.11,0,0
CELE_T21G5.1|T21G5.1,57,0
CELE_T21G5.5|asd-2,1914,1692
CELE_C48B6.4|C48B6.4,53,0
CELE_T21G5.3|glh-1,17279,15742
CELE_C48B6.6|smg-1,7306,8138
CELE_C48B6.3|haps-1,5415,5080
CELE_C48B6.2|C48B6.2,1008,924
CELE_C48B6.8|bbs-9,46,51
CELE_C48B6.10|C48B6.10,3548,2688
CELE_C48B6.9|C48B6.9,409,344
CELE_T10B11.3|hrpc-1,3716,3347
CELE_T10B11.4|T10B11.4,0,0
CELE_T10B11.9|T10B11.9,0,0
CELE_T10B11.2|cerk-1,3938,4063
CELE_T10B11.5|T10B11.5,278,325
CELE_T10B11.6|T10B11.6,1716,1661
CELE_T10B11.7|hrde-4,3019,2894
CELE_T10B11.1|pcbd-1,879,717
CELE_T10B11.8|T10B11.8,1142,1073
CELE_C30F12.1|rege-1,1333,1051
CELE_C30F12.2|C30F12.2,1672,1760
CELE_C30F12.7|idhg-2,1296,862
CELE_C30F12.3|C30F12.3,50,68
CELE_C30F12.4|C30F12.4,3673,3671
CELE_C30F12.5|C30F12.5,678,740
CELE_C30F12.9|C30F12.9,0,0
CELE_C30F12.6|trhr-1,250,234
CELE_H06O01.3|ctg-1,1815,1882
CELE_H06O01.2|chd-1,3311,3398
CELE_H06O01.1|pdi-3,41346,33114
CELE_F15C11.4|F15C11.4,0,0
CELE_F15C11.1|sem-4,762,613
CELE_F15C11.2|ubql-1,8217,8249
CELE_W01A8.10|W01A8.10,12,0
CELE_W01A8.8|W01A8.8,123,132
CELE_W01A8.2|W01A8.2,645,778
CELE_W01A8.1|plin-1,22144,21909
CELE_W01A8.11|W01A8.11,0,0
CELE_W01A8.9|21ur-15127,0,0
CELE_W01A8.3|cutl-6,28,20
CELE_W01A8.4|nuo-6,5241,4402
CELE_W01A8.5|tofu-5,3661,3705
CELE_W01A8.6|W01A8.6,164,83
CELE_F22D6.1|kin-14,260,185
CELE_F22D6.2|mstr-1,16950,17485
CELE_F22D6.3|nars-1,10330,9729
CELE_F22D6.4|nduf-6,3698,2944
CELE_F22D6.5|prpf-4,7731,6914
CELE_F22D6.10|col-60,1017,364
CELE_F22D6.12|gly-19,273,236
CELE_K10D3.6|K10D3.6,203,267
CELE_K10D3.9|K10D3.9,3,0
CELE_K10D3.7|21ur-14256,0,0
CELE_F22D6.6|ekl-1,3788,3917
CELE_F22D6.14|F22D6.14,283,300
CELE_F22D6.8|F22D6.8,287,297
CELE_F22D6.9|F22D6.9,491,552
CELE_F22D6.15|F22D6.15,140,86
CELE_K10D3.2|unc-14,2767,2585
CELE_K10D3.3|taf-11.2,2384,1899
CELE_K07G5.3|mks-6,108,55
CELE_K07G5.2|xpa-1,1737,1370
CELE_K07G5.5|K07G5.5,199,264
CELE_M05B5.7|M05B5.7,10,0
CELE_M05B5.2|let-522,601,569
CELE_M05B5.1|M05B5.1,45,35
CELE_M05B5.6|trpa-2,138,154
CELE_M05B5.3|M05B5.3,27,23
CELE_M05B5.4|plag-15,1725,1515
CELE_K10D3.4|K10D3.4,2141,1793
CELE_H37N21.1|hpo-11,10302,10736
CELE_K07G5.6|fecl-1,3362,3424
CELE_K07G5.1|crml-1,11380,11135
CELE_C01H6.1|col-61,30,0
CELE_M05B5.5|hlh-2,3138,3268
CELE_C01H6.2|mlt-2,151,116
CELE_C01H6.11|C01H6.11,0,0
CELE_C01H6.3|C01H6.3,32,25
CELE_C01H6.4|C01H6.4,511,283
CELE_C01H6.5|nhr-23,2643,2392
CELE_C01H6.7|swsn-9,7590,7484
CELE_C01H6.6|cnnm-4,692,784
CELE_C01H6.8|C01H6.8,170,99
CELE_C01H6.9|hasp-1,2397,1960
CELE_R06C7.2|R06C7.2,446,479
CELE_R06C7.11|21ur-11100,1,0
CELE_R06C7.1|wago-1,40898,37860
CELE_R06C7.3|dhp-1,1654,1234
CELE_F21C3.1|twk-1,277,309
CELE_F21C3.6|F21C3.6,12,0
CELE_F13G3.1|ztf-2,106,52
CELE_R06C7.12|R06C7.12,0,0
CELE_R06C7.4|cpg-3,33755,28703
CELE_R06C7.6|R06C7.6,134,152
CELE_R06C7.5|adsl-1,3724,3711
CELE_R06C7.7|lin-61,3732,3621
CELE_R06C7.8|bub-1,11909,11460
CELE_R06C7.9|ztf-15,3370,3404
CELE_R06C7.10|myo-1,3894,3681
CELE_F21C3.T1|F21C3.t1,0,0
CELE_F21C3.8|21ur-12937,0,0
CELE_F21C3.7|F21C3.7,18,0
CELE_F21C3.3|hint-1,1966,1668
CELE_F21C3.4|rde-2,3171,2864
CELE_F21C3.5|pfd-6,3886,3509
CELE_F13G3.9|mif-3,1085,1169
CELE_F13G3.10|F13G3.10,1613,1483
CELE_F13G3.3|BAH-4,36,36
CELE_F13G3.2|srd-53,20,34
CELE_F13G3.12|F13G3.12,123,62
CELE_F13G3.4|dylt-1,2840,2505
CELE_F13G3.5|ttx-7,2927,2587
CELE_F13G3.6|F13G3.6,1522,1472
CELE_F13G3.7|F13G3.7,1823,1878
CELE_F13G3.11|mrpl-13,1387,1172
CELE_F13G3.8|eat-5,45,47
CELE_F52A8.3|F52A8.3,40,26
CELE_F52A8.1|F52A8.1,5743,5138
CELE_F52A8.2|gpb-2,959,708
CELE_F07A5.2|spsp-1,289,95
CELE_F07A5.5|sue-1,143,137
CELE_F07A5.3|scav-6,781,474
CELE_F07A5.4|F07A5.4,72,135
CELE_F52A8.4|glb-18,111,153
CELE_F52A8.5|gcsh-2,2408,2025
CELE_F52A8.6|kbrl-1,3223,2701
CELE_F07A5.1|inx-14,6315,5798
CELE_C15A11.9|21ur-13320,0,0
CELE_C15A11.2|C15A11.2,16,0
CELE_C15A11.1|col-35,38,44
CELE_C15A11.10|C15A11.10,0,0
CELE_C15A11.3|sol-1,83,72
CELE_C15A11.8|21ur-15108,0,0
CELE_C15A11.4|C15A11.4,227,109
CELE_C15A11.5|col-7,943,255
CELE_C15A11.6|col-62,998,277
CELE_C15A11.7|C15A11.7,762,872
CELE_ZK524.2|unc-13,870,555
CELE_F07A5.7|unc-15,27110,24045
CELE_T28F4.2|asic-2,36,39
CELE_T28F4.3|T28F4.3,45,0
CELE_T28F4.7|T28F4.7,0,0
CELE_T28F4.1|T28F4.1,1148,1075
CELE_ZK524.1|spe-4,82,34
CELE_ZK524.3|lars-2,2188,2270
CELE_ZK524.4|ZK524.4,4637,4492
CELE_T28F4.8|T28F4.8,0,0
CELE_T28F4.4|T28F4.4,848,895
CELE_T28F4.5|dap-1,16634,19185
CELE_C26C6.6|C26C6.6,13,0
CELE_C26C6.11|21ur-12969,0,0
CELE_C26C6.7|glb-8,80,88
CELE_C26C6.10|C26C6.10,9,0
CELE_C26C6.9|C26C6.9,567,360
CELE_C26C6.12|C26C6.12,0,0
CELE_C26C6.1|pbrm-1,13202,12705
CELE_C26C6.3|nas-36,150,76
CELE_C26C6.2|goa-1,10982,10405
CELE_T25G3.1|T25G3.1,868,975
CELE_C26C6.4|C26C6.4,28,26
CELE_C26C6.5|dcp-66,8124,7979
CELE_T25G3.2|chs-1,23652,22417
CELE_T25G3.3|T25G3.3,6845,7097
CELE_D2030.14|D2030.14,0,0
CELE_T25G3.4|gpdh-3,8445,8815
CELE_D2030.1|mans-1,5855,5676
CELE_D2030.2|D2030.2,7460,9891
CELE_D2030.3|D2030.3,2357,2305
CELE_D2030.4|ndub-7,3742,3181
CELE_D2030.5|mce-1,2002,1775
CELE_D2030.12|D2030.12,83,125
CELE_D2030.6|prg-1,10284,10194
CELE_D2030.7|D2030.7,3977,3623
CELE_D2030.11|D2030.11,622,497
CELE_D2030.8|D2030.8,4099,3751
CELE_D2030.13|21ur-12259,0,0
CELE_D2030.9|wdr-23,10959,6830
CELE_D2030.10|aex-1,754,495
CELE_F29D11.1|lrp-1,5412,4668
CELE_F29D11.2|capg-1,7232,6898
CELE_F26A3.1|F26A3.1,1268,1276
CELE_F26A3.2|ncbp-2,3302,3128
CELE_F26A3.8|rrf-1,4230,3709
CELE_F26A3.3|ego-1,5220,5086
CELE_F26A3.5|F26A3.5,83,31
CELE_F26A3.11|F26A3.11,0,0
CELE_F26A3.6|del-3,52,0
CELE_F26A3.4|F26A3.4,1830,1708
CELE_F27D4.3|F27D4.3,282,358
CELE_F27D4.7|F27D4.7,1222,1238
CELE_F27D4.11|F27D4.11,0,0
CELE_F27D4.6|F27D4.6,696,611
CELE_F58H10.1|F58H10.1,78,93
CELE_F27D4.9|F27D4.9,0,0
CELE_F27D4.4|F27D4.4,6751,5661
CELE_F27D4.5|bckd-1B,4405,3710
CELE_F27D4.8|F27D4.8,430,427
CELE_H15N14.2|nsf-1,4292,4074
CELE_T23G11.6|lron-9,747,597
CELE_F27D4.10|F27D4.10,0,0
CELE_F26A3.7|F26A3.7,1606,1333
CELE_T24B1.1|golg-5,3104,2817
CELE_T23G11.7|T23G11.7,3964,4065
CELE_T23G11.5|rlbp-1,2738,2887
CELE_T23G11.4|T23G11.4,1349,1292
CELE_T23G11.3|gld-1,41635,42590
CELE_T23G11.2|gna-2,7176,6259
CELE_T23G11.12|T23G11.12,104,58
CELE_T23G11.11|T23G11.11,67,64
CELE_T23G11.1|T23G11.1,240,100
CELE_F27D4.1|etfa-1,7528,6814
CELE_F27D4.2|lsy-22,6143,5932
CELE_D2005.2|nlp-8,493,474
CELE_H15N14.1|adr-1,6526,5984
CELE_H15N14.4|H15N14.4,6,5
CELE_VH15N14R.1|smrn-1,233,161
CELE_D2005.1|D2005.1,875,1132
CELE_D2005.6|D2005.6,329,210
CELE_R11A5.3|R11A5.3,509,444
CELE_D2005.3|D2005.3,1984,1835
CELE_D2005.4|D2005.4,2654,2435
CELE_D2005.7|D2005.7,1315,1478
CELE_D2005.5|drh-3,6000,5912
CELE_F30F8.2|glna-3,255,142
CELE_F30F8.1|F30F8.1,6047,6519
CELE_F30F8.3|gras-1,3730,3179
CELE_F30F8.9|F30F8.9,1812,1750
CELE_F30F8.10|F30F8.10,3239,3184
CELE_F30F8.5|F30F8.5,304,231
CELE_F30F8.8|taf-5,4987,4834
CELE_R11A5.1|apb-3,7223,6762
CELE_R11A5.2|nud-2,5092,4740
CELE_C09H6.1|spr-4,4887,5055
CELE_C09H6.2|lin-10,2487,2135
CELE_C09H6.3|mau-2,3175,3238
CELE_T28B8.2|ins-18,88,69
CELE_T28B8.6|osp-1,9,0
CELE_T28B8.3|T28B8.3,0,0
CELE_T28B8.1|T28B8.1,3073,3502
CELE_T28B8.9|T28B8.9,0,0
CELE_T28B8.10|T28B8.10,0,0
CELE_F08A10.2|srz-3,0,0
CELE_F08A10.1|kcnl-2,127,35
CELE_T02E1.7|T02E1.7,41,0
CELE_T02E1.3|gla-3,6798,6907
CELE_T02E1.6|T02E1.6,57,22
CELE_T02E1.5|dhs-3,3455,3331
CELE_T02E1.2|T02E1.2,2622,2632
CELE_T02E1.9|T02E1.9,0,0
CELE_T02E1.10|T02E1.10,0,0
CELE_T02E1.11|T02E1.11,0,0
CELE_T02E1.1|spe-12,19,0
CELE_ZK265.1|kri-1,259,120
CELE_T02E1.8|T02E1.8,64,65
CELE_ZK265.11|ZK265.11,0,0
CELE_ZK265.4|ceh-8,30,49
CELE_ZK265.3|nsph-2,233,83
CELE_ZK265.2|col-63,1632,303
CELE_ZK265.9|fitm-2,2384,1918
CELE_ZK265.10|ZK265.10,1,0
CELE_ZK265.6|nol-16,2115,2005
CELE_ZK265.5|sre-23,30,26
CELE_ZK265.13|ZK265.13,0,0
CELE_ZK265.7|ZK265.7,189,227
CELE_ZK265.8|cutl-8,68,48
CELE_T01G9.2|phaf-1,4143,3978
CELE_T01G9.3|dma-1,451,423
CELE_R11A5.6|R11A5.6,0,0
CELE_F55D12.8|F55D12.8,0,0
CELE_F55D12.7|mir-245,0,0
CELE_F55D12.9|F55D12.9,0,0
CELE_F55D12.3|nhr-191,0,0
CELE_F55D12.4|unc-55,25,0
CELE_T22C1.15|T22C1.15,0,0
CELE_T22C1.14|T22C1.14,0,0
CELE_T22C1.13|mir-8209,0,0
CELE_T22C1.12|T22C1.12,0,0
CELE_T22C1.T1|T22C1.t1,0,0
CELE_C54G4.11|C54G4.11,0,0
CELE_C54G4.12|C54G4.12,0,0
CELE_C54G4.14|C54G4.14,0,0
CELE_C54G4.13|C54G4.13,0,0
CELE_C54G4.15|C54G4.15,0,0
CELE_C54G4.16|C54G4.16,0,0
CELE_K04G2.15|K04G2.15,0,0
CELE_K04G2.13|K04G2.13,0,0
CELE_K04G2.14|K04G2.14,0,0
CELE_K04G2.7|K04G2.7,14,12
CELE_F18C12.5|21ur-14242,0,0
CELE_R11A5.4|pck-2,39756,43121
CELE_R11A5.7|suro-1,514,184
CELE_F55D12.1|F55D12.1,97,77
CELE_F55D12.2|F55D12.2,581,446
CELE_F55D12.6|F55D12.6,73,9
CELE_F55D12.5|F55D12.5,3358,3615
CELE_F20G4.2|F20G4.2,687,705
CELE_F20G4.1|smgl-1,6298,6109
CELE_F20G4.3|nmy-2,31867,31332
CELE_T22C1.1|T22C1.1,7318,7375
CELE_T22C1.2|glb-26,20,28
CELE_T22C1.3|pigu-1,2922,3086
CELE_T22C1.4|ctf-8,932,819
CELE_T22C1.5|T22C1.5,2055,2085
CELE_T22C1.6|T22C1.6,4230,3981
CELE_T22C1.7|jph-1,1355,1143
CELE_T22C1.8|T22C1.8,103,42
CELE_T22C1.9|T22C1.9,50,27
CELE_T22C1.10|rbg-2,4659,4868
CELE_T22C1.11|T22C1.11,918,900
CELE_T22C1.17|T22C1.17,3,0
CELE_H05L14.1|H05L14.1,89,0
CELE_H05L14.2|H05L14.2,3548,1682
CELE_C54G4.5|C54G4.5,28,19
CELE_C54G4.4|C54G4.4,109,67
CELE_C54G4.3|C54G4.3,56,22
CELE_C54G4.2|C54G4.2,38,0
CELE_C54G4.1|rskn-2,3099,3261
CELE_C54G4.7|C54G4.7,1858,1877
CELE_C54G4.6|dod-18,792,729
CELE_C54G4.8|cyc-1,15491,14418
CELE_C54G4.9|C54G4.9,1439,1382
CELE_K04G2.1|eif-2beta,7771,6732
CELE_K04G2.2|aho-3,6498,6510
CELE_K04G2.3|cdc-48.3,2023,1943
CELE_K04G2.4|K04G2.4,86,52
CELE_K04G2.5|ath-1,4579,4207
CELE_K04G2.11|scbp-2,450,450
CELE_K04G2.6|vacl-14,3840,3748
CELE_K04G2.8|apr-1,8992,8725
CELE_K04G2.9|K04G2.9,530,368
CELE_K04G2.10|K04G2.10,1120,808
CELE_F18C12.4|F18C12.4,14,0
CELE_F18C12.2|rme-8,10356,7957
CELE_F18C12.3|srfb-1,1472,1218
CELE_T01G9.6|kin-10,9408,9265
CELE_T01G9.4|npp-2,8384,8337
CELE_F52B5.9|F52B5.9,0,0
CELE_T01G9.5|mei-1,6465,6418
CELE_F52B5.1|abts-1,5836,5109
CELE_C34B7.1|C34B7.1,85,105
CELE_C34B7.4|mys-4,1913,1581
CELE_C34B7.2|figo-1,4243,4091
CELE_C34B7.3|cyp-36A1,633,449
CELE_F52B5.7|F52B5.7,390,392
CELE_F52B5.2|F52B5.2,4957,4379
CELE_F52B5.3|ythc-2,6081,6246
CELE_F52B5.5|cep-1,2835,2576
CELE_F52B5.6|rpl-23A.2,28897,29450
CELE_F16D3.1|tba-5,89,56
CELE_F16D3.2|rsd-6,8211,8101
CELE_F16D3.4|tbcd-1,7498,7712
CELE_F16D3.6|F16D3.6,0,0
CELE_T19A6.1|T19A6.1,3421,3208
CELE_F16D3.8|F16D3.8,5,3
CELE_F16D3.7|ser-5,63,58
CELE_T19A6.2|ngp-1,6292,6448
CELE_T19A6.4|T19A6.4,98,71
CELE_F02E9.3|F02E9.3,61,42
CELE_T19A6.3|nepr-1,2514,2515
CELE_F02E9.1|F02E9.1,923,960
CELE_F02E9.2|lin-28,3167,3148
CELE_F02E9.7|F02E9.7,2415,2473
CELE_F02E9.4|sin-3,11762,10981
CELE_F02E9.5|F02E9.5,1432,1543
CELE_F10D11.3|F10D11.3,11,7
CELE_F10D11.4|F10D11.4,12,0
CELE_F10D11.5|F10D11.5,48,0
CELE_F10D11.6|F10D11.6,1097,530
CELE_D1081.19|D1081.19,5,0
CELE_D1081.17|D1081.17,0,0
CELE_D1081.2|unc-120,1097,889
CELE_D1081.12|D1081.12,18,11
CELE_D1081.4|D1081.4,25,28
CELE_D1081.5|D1081.5,42,0
CELE_D1081.20|D1081.20,11,14
CELE_D1081.6|D1081.6,442,363
CELE_D1081.9|zhp-2,1238,1050
CELE_F02E9.10|F02E9.10,3324,3182
CELE_F02E9.9|dpt-1,7620,6659
CELE_F10D11.1|sod-2,6062,5221
CELE_F10D11.2|F10D11.2,2523,2403
CELE_K02B12.1|ceh-6,171,209
CELE_K02B12.2|K02B12.2,532,434
CELE_K02B12.3|sec-12,2753,2653
CELE_D1081.7|lotr-1,19656,18432
CELE_D1081.8|cdc-5L,11310,11089
CELE_M04C7.4|M04C7.4,0,0
CELE_M04C7.1|gpa-15,46,26
CELE_K02B12.11|K02B12.11,0,0
CELE_K02B12.T1|K02B12.t1,0,3
CELE_K02B12.4|axl-1,72,112
CELE_K02B12.5|tnsl-1,3572,3402
CELE_K02B12.6|K02B12.6,7,0
CELE_K02B12.9|nssp-6,12,0
CELE_K02B12.7|rfgp-1,3568,3102
CELE_K02B12.8|zhp-3,2281,2313
CELE_T01H8.7|T01H8.7,0,0
CELE_T01H8.6|T01H8.6,0,0
CELE_T01H8.5|gon-2,3703,3281
CELE_R05D11.1|daf-8,1071,1107
CELE_T01H8.2|serr-1,347,291
CELE_T01H8.1|rskn-1,12563,11042
CELE_R05D11.3|ran-4,4873,4266
CELE_R05D11.5|tmem-208,1478,1396
CELE_R05D11.9|R05D11.9,3036,3193
CELE_R05D11.6|paxt-1,2365,2239
CELE_R05D11.4|ddx-52,2371,2421
CELE_F43G9.17|F43G9.17,0,0
CELE_F43G9.20|F43G9.20,2,0
CELE_F43G9.6|fer-1,107,101
CELE_F43G9.15|F43G9.15,0,0
CELE_F43G9.18|F43G9.18,0,0
CELE_F43G9.16|F43G9.16,0,0
CELE_F43G9.21|F43G9.21,0,0
CELE_R05D11.7|snrp-27,2593,2161
CELE_R05D11.8|edc-3,8638,8319
CELE_F43G9.13|F43G9.13,984,873
CELE_F43G9.1|idha-1,7519,7127
CELE_F43G9.2|lmd-1,1217,1145
CELE_F43G9.4|F43G9.4,2105,2069
CELE_F43G9.3|slc-25A42,1145,1304
CELE_F43G9.5|cfim-1,2334,2518
CELE_F43G9.8|F43G9.8,13,0
CELE_F43G9.11|ces-1,111,132
CELE_F43G9.9|cpn-1,9595,8943
CELE_F43G9.10|mfap-1,5666,5491
CELE_F39H2.1|flp-22,787,584
CELE_F43G9.12|mog-7,4266,4078
CELE_VF39H2L.1|syx-17,1612,1439
CELE_F39H2.2|sig-7,3464,3313
CELE_T05F1.4|T05F1.4,2340,2540
CELE_T05F1.5|T05F1.5,110,28
CELE_T05F1.14|21ur-14451,0,0
CELE_T05F1.8|T05F1.8,113,37
CELE_T05F1.9|T05F1.9,473,308
CELE_T05F1.10|dhs-4,430,352
CELE_T05F1.6|hsr-9,22555,22078
CELE_T05F1.13|T05F1.13,339,382
CELE_T05F1.11|T05F1.11,209,296
CELE_C03D6.6|lab-1,1712,1567
CELE_C03D6.5|asfl-1,3748,3135
CELE_C03D6.9|C03D6.9,192,119
CELE_C03D6.4|npp-14,12859,12916
CELE_C03D6.3|cel-1,3591,3547
CELE_C03D6.1|C03D6.1,272,275
CELE_C03D6.8|rsl-24D1,2524,2446
CELE_C04F12.1|vsra-1,2417,2256
CELE_C04F12.3|ikb-1,602,909
CELE_C04F12.6|C04F12.6,0,0
CELE_C04F12.12|C04F12.12,16,0
CELE_C04F12.7|C04F12.7,554,140
CELE_C04F12.13|21ur-15375,0,0
CELE_C04F12.8|C04F12.8,236,361
CELE_C04F12.16|C04F12.16,51,48
CELE_C04F12.9|rnh-1.3,281,189
CELE_C04F12.4|rpl-14,35000,32323
CELE_C04F12.5|nssp-7,435,455
CELE_C16C2.7|C16C2.7,0,0
CELE_C04F12.10|fce-1,4962,4392
CELE_C16C2.4|C16C2.4,4553,4257
CELE_C16C2.3|ocrl-1,4478,4094
CELE_C16C2.8|C16C2.8,5,0
CELE_C16C2.2|eat-16,1194,1131
CELE_C16C2.1|ceh-5,58,59
CELE_K02A11.3|endu-1,1049,1013
CELE_K02A11.4|spp-25,385,330
CELE_K02A11.10|K02A11.10,0,0
CELE_K02A11.1|gfi-2,8586,8613
CELE_F26E4.3|F26E4.3,763,513
CELE_F26E4.1|sur-6,13427,13483
CELE_F26E4.2|F26E4.2,163,131
CELE_F26E4.5|F26E4.5,43,0
CELE_F26E4.4|F26E4.4,2849,2594
CELE_F26E4.15|21ur-14261,0,0
CELE_F26E4.6|cox-7C,6848,6303
CELE_F26E4.7|F26E4.7,928,802
CELE_F26E4.18|F26E4.18,0,0
CELE_F26E4.8|tba-1,41913,38936
CELE_F26E4.12|gpx-1,1606,731
CELE_F26E4.10|drsh-1,4945,4764
CELE_F26E4.9|cox-5B,12433,11032
CELE_F26E4.16|F26E4.16,16,11
CELE_F26E4.14|F26E4.14,2,0
CELE_F35C12.2|ncx-4,121,105
CELE_F35C12.7|F35C12.7,90,68
CELE_Y67A6A.3|Y67A6A.3,0,0
CELE_F35C12.3|F35C12.3,46,23
CELE_Y67A6A.1|Y67A6A.1,50,33
CELE_Y67A6A.2|nhr-62,692,514
CELE_F26E4.11|hrdl-1,8682,8837
CELE_K10C3.3|zig-1,500,366
CELE_K10C3.2|ensa-1,9438,8755
CELE_K10C3.9|K10C3.9,0,0
CELE_K10C3.10|K10C3.10,0,0
CELE_K10C3.7|K10C3.7,0,0
CELE_K10C3.11|K10C3.11,0,0
CELE_K10C3.12|K10C3.12,0,0
CELE_K10C3.4|K10C3.4,8061,8075
CELE_K10C3.5|K10C3.5,2602,2660
CELE_F52F12.1|oct-1,110,121
CELE_T23H4.3|nas-5,60,46
CELE_K10C3.6|nhr-49,5768,5557
CELE_T23H4.1|inx-20,61,43
CELE_T23H4.2|nhr-69,1050,1279
CELE_F52F12.5|spe-58,36,0
CELE_F52F12.8|F52F12.8,15,0
CELE_F52F12.18|F52F12.18,0,0
CELE_F52F12.13|F52F12.13,0,0
CELE_F52F12.12|F52F12.12,0,0
CELE_F52F12.11|F52F12.11,0,0
CELE_F52F12.2|col-64,20,22
CELE_F52F12.3|mom-4,3417,3427
CELE_F52F12.4|lsl-1,2925,3014
CELE_F52F12.6|ztf-11,1942,1975
CELE_F52F12.9|F52F12.9,22,18
CELE_F52F12.7|strl-1,3129,2828
CELE_Y106G6A.4|Y106G6A.4,125,25
CELE_Y106G6A.2|epg-8,3418,3346
CELE_Y106G6A.5|dsbn-1,2404,2427
CELE_Y106G6A.1|mekk-3,1641,1473
CELE_K07A12.8|K07A12.8,70,49
CELE_K07A12.9|K07A12.9,0,0
CELE_K07A12.5|K07A12.5,132,107
CELE_C36B1.1|cle-1,2400,2342
CELE_C36B1.15|C36B1.15,0,0
CELE_C36B1.16|C36B1.16,0,0
CELE_DY3.T2|DY3.t2,0,0
CELE_DY3.9|DY3.9,0,0
CELE_DY3.10|DY3.10,0,0
CELE_DY3.T1|DY3.t1,0,0
CELE_DY3.12|DY3.12,0,0
CELE_F36A2.1|cids-2,7324,7375
CELE_F29D10.7|F29D10.7,0,0
CELE_F29D10.6|F29D10.6,0,0
CELE_T08G11.8|T08G11.8,0,0
CELE_T08G11.10|T08G11.10,0,0
CELE_T08G11.9|T08G11.9,0,0
CELE_T08G11.7|21ur-11146,0,0
CELE_F53B6.2|madd-4,409,298
CELE_F53B6.T1|F53B6.t1,0,0
CELE_F53B6.11|F53B6.11,0,0
CELE_F53B6.6|cutl-7,0,0
CELE_F53B6.12|F53B6.12,0,0
CELE_F53B6.10|F53B6.10,0,0
CELE_F32H2.1|snpc-4,6379,6200
CELE_F32H2.14|linc-80,0,0
CELE_F32H2.13|F32H2.13,0,0
CELE_F32H2.15|F32H2.15,0,0
CELE_F36F2.11|F36F2.11,0,0
CELE_F36F2.10|21ur-14332,0,0
CELE_F36F2.3|rbpl-1,8144,7556
CELE_C31H5.3|acr-19,51,29
CELE_C31H5.11|C31H5.11,0,0
CELE_C31H5.10|C31H5.10,0,0
CELE_C31H5.9|C31H5.9,0,0
CELE_C31H5.8|C31H5.8,0,0
CELE_W06D4.9|W06D4.9,0,0
CELE_W06D4.8|sls-2.7,0,0
CELE_T06D10.4|21ur-12762,0,0
CELE_T06D10.7|T06D10.7,0,0
CELE_T06D10.3|T06D10.3,0,5
CELE_T06D10.6|T06D10.6,0,0
CELE_T06D10.5|T06D10.5,0,0
CELE_W10D5.4|W10D5.4,0,0
CELE_ZK858.9|ZK858.9,0,0
CELE_H32K16.3|H32K16.3,0,0
CELE_C45G3.6|C45G3.6,0,0
CELE_F36H2.4|F36H2.4,0,0
CELE_F36H2.3|cfh-1,253,272
CELE_F14B4.T1|F14B4.t1,0,0
CELE_F14B4.4|F14B4.4,0,0
CELE_F14B4.T2|F14B4.t2,0,0
CELE_C12C8.T6|C12C8.t6,0,0
CELE_C12C8.T1|C12C8.t1,0,0
CELE_C12C8.T5|C12C8.t5,0,0
CELE_C12C8.T2|C12C8.t2,0,0
CELE_C12C8.5|C12C8.5,0,0
CELE_C12C8.T4|C12C8.t4,0,0
CELE_C12C8.7|C12C8.7,0,0
CELE_C12C8.T3|C12C8.t3,0,0
CELE_C12C8.8|C12C8.8,0,0
CELE_C12C8.4|mir-79,0,0
CELE_C12C8.6|C12C8.6,0,0
CELE_M04C9.5|dyf-5,72,57
CELE_M04C9.8|mir-1019,0,0
CELE_M04C9.9|M04C9.9,0,0
CELE_F16A11.3|ppfr-1,8944,8591
CELE_F16A11.5|F16A11.5,0,0
CELE_F16A11.11|anr-25,0,0
CELE_F16A11.12|F16A11.12,0,0
CELE_F16A11.4|mir-71,0,0
CELE_F16A11.6|F16A11.6,0,0
CELE_F16A11.8|F16A11.8,0,0
CELE_F16A11.13|F16A11.13,0,0
CELE_F16A11.9|F16A11.9,0,0
CELE_C17E4.12|C17E4.12,0,0
CELE_C17E4.15|C17E4.15,0,0
CELE_C17E4.16|C17E4.16,0,0
CELE_C17E4.17|C17E4.17,0,0
CELE_C17E4.14|C17E4.14,0,0
CELE_F46A9.7|mir-2211,0,0
CELE_F46A9.10|F46A9.10,0,0
CELE_F46A9.11|F46A9.11,0,0
CELE_F46A9.8|F46A9.8,0,0
CELE_F30A10.4|gly-21,0,0
CELE_C41G7.14|mir-4932,0,0
CELE_C41G7.12|21ur-11854,0,0
CELE_C41G7.10|21ur-14484,0,0
CELE_C41G7.7|C41G7.7,0,0
CELE_C41G7.15|C41G7.15,0,0
CELE_C41G7.11|21ur-15380,0,0
CELE_C41G7.13|C41G7.13,0,0
CELE_C36F7.14|C36F7.14,0,0
CELE_C36F7.10|C36F7.10,0,0
CELE_C36F7.8|C36F7.8,0,0
CELE_C36F7.26|C36F7.26,0,0
CELE_C36F7.23|C36F7.23,0,0
CELE_C36F7.21|C36F7.21,0,0
CELE_C36F7.16|C36F7.16,0,0
CELE_C36F7.12|C36F7.12,0,0
CELE_C36F7.15|C36F7.15,0,0
CELE_C36F7.11|C36F7.11,0,0
CELE_C36F7.24|C36F7.24,0,0
CELE_C36F7.19|C36F7.19,0,0
CELE_C36F7.20|C36F7.20,0,0
CELE_C36F7.17|C36F7.17,0,0
CELE_C36F7.18|C36F7.18,0,0
CELE_C36F7.T1|C36F7.t1,0,0
CELE_C36F7.9|C36F7.9,0,0
CELE_C36F7.T2|C36F7.t2,0,0
CELE_C36F7.T3|C36F7.t3,0,0
CELE_C36F7.4|rig-5,156,29
CELE_C36F7.7|21ur-12607,0,0
CELE_C36F7.6|21ur-13747,0,0
CELE_C36F7.13|C36F7.13,0,0
CELE_C36F7.25|C36F7.25,0,0
CELE_K07A1.4|K07A1.4,0,0
CELE_K07A1.18|K07A1.18,0,0
CELE_K07A1.20|K07A1.20,0,14
CELE_K07A1.14|K07A1.14,0,0
CELE_K07A1.19|K07A1.19,0,0
CELE_K07A1.T1|K07A1.t1,0,0
CELE_F39H2.5|mrt-1,1842,1874
CELE_F39H2.4|syp-3,1203,1283
CELE_F39H2.3|F39H2.3,2176,2029
CELE_K07A12.1|K07A12.1,5532,5061
CELE_K07A12.2|egg-6,18363,18363
CELE_K07A12.6|hot-5,29,12
CELE_K07A12.4|hbs-1,2413,2608
CELE_K07A12.7|mrps-15,1900,1646
CELE_K07A12.3|asg-1,6042,5125
CELE_F39H11.5|pbs-7,10846,10042
CELE_F39H11.1|F39H11.1,2411,2322
CELE_F39H11.2|tlf-1,4742,4736
CELE_F39H11.3|cdk-8,4633,4556
CELE_C36B1.4|pas-4,8890,8076
CELE_C36B1.3|rpb-3,6018,5978
CELE_C36B1.14|C36B1.14,808,829
CELE_C36B1.13|C36B1.13,38,50
CELE_C36B1.6|C36B1.6,286,352
CELE_C36B1.5|prp-4,2511,2417
CELE_C36B1.7|dhfr-1,2668,2474
CELE_C36B1.8|gls-1,10302,10041
CELE_C36B1.9|C36B1.9,1619,1412
CELE_C36B1.10|gskl-2,121,42
CELE_C36B1.12|imp-1,13168,12731
CELE_C36B1.11|C36B1.11,5170,4839
CELE_DY3.8|DY3.8,4104,3894
CELE_DY3.1|tin-13,1454,1471
CELE_DY3.2|lmn-1,18108,17179
CELE_DY3.3|hlh-16,148,159
CELE_DY3.4|trt-1,2270,2271
CELE_DY3.5|pqn-26,198,96
CELE_DY3.6|mfb-1,771,1160
CELE_DY3.11|DY3.11,2,0
CELE_DY3.7|sup-17,13338,12728
CELE_F36A2.3|F36A2.3,1641,1341
CELE_F36A2.2|F36A2.2,2557,2262
CELE_F36A2.8|phip-1,1087,894
CELE_F36A2.4|twk-30,65,48
CELE_F36A2.7|F36A2.7,13804,12699
CELE_F36A2.6|rps-15,41057,40206
CELE_F36A2.9|F36A2.9,4509,3995
CELE_F36A2.10|F36A2.10,128,33
CELE_F36A2.11|F36A2.11,48,0
CELE_F36A2.14|F36A2.14,65,31
CELE_F36A2.12|F36A2.12,36,26
CELE_F36A2.13|ubr-5,18466,16714
CELE_F29D10.2|F29D10.2,15,0
CELE_F29D10.3|F29D10.3,14,0
CELE_F29D10.4|hum-1,5816,5592
CELE_F55H12.6|ztf-26,212,95
CELE_F55H12.7|F55H12.7,21,5
CELE_F55H12.8|linc-84,10,24
CELE_F55H12.9|F55H12.9,19,13
CELE_F55H12.2|F55H12.2,583,516
CELE_F55H12.5|spe-54,72,0
CELE_F55H12.1|snf-2,36,0
CELE_F55H12.3|F55H12.3,1698,1309
CELE_F55H12.4|F55H12.4,1679,1656
CELE_T08G11.5|unc-29,92,99
CELE_T08G11.4|tgs-1,3136,3216
CELE_T08G11.1|vps-13A,20439,20656
CELE_T08G11.2|T08G11.2,34,0
CELE_F53B6.1|tsp-15,300,320
CELE_F53B6.9|fip-6,91,70
CELE_F53B6.8|fipr-26,10,39
CELE_F53B6.4|F53B6.4,275,104
CELE_F53B6.7|F53B6.7,56,51
CELE_F53B6.13|F53B6.13,36,14
CELE_F32H2.11|F32H2.11,19,22
CELE_F32H2.2|mdt-31,676,642
CELE_F32H2.3|spd-2,8860,8770
CELE_F32H2.10|F32H2.10,1214,1264
CELE_F32H2.4|thoc-3,2540,2328
CELE_F32H2.5|fasn-1,16417,14459
CELE_F32H2.9|tba-6,33,0
CELE_F32H2.7|F32H2.7,156,59
CELE_F32H2.6|F32H2.6,85,72
CELE_F36F2.7|F36F2.7,19,36
CELE_F36F2.4|syx-7,2558,2403
CELE_F36F2.6|fcp-1,4992,4838
CELE_F36F2.2|F36F2.2,1392,1486
CELE_F36F2.1|F36F2.1,323,292
CELE_C31H5.7|C31H5.7,43,26
CELE_C31H5.4|C31H5.4,1199,992
CELE_C31H5.6|C31H5.6,1149,501
CELE_C31H5.5|C31H5.5,127,116
CELE_W06D4.1|hgo-1,4492,3747
CELE_W06D4.7|sls-2.6,3,0
CELE_W06D4.2|spe-46,103,19
CELE_W06D4.3|W06D4.3,28,0
CELE_W06D4.4|prmt-7,2390,2453
CELE_W06D4.5|snx-3,3830,3561
CELE_W06D4.6|rad-54.L,2495,2414
CELE_T06D10.1|rsbp-1,989,761
CELE_T06D10.2|chaf-1,5439,5195
CELE_W10D5.1|mef-2,768,773
CELE_W10D5.3|gei-17,8534,8788
CELE_W10D5.5|W10D5.5,2,3
CELE_W10D5.2|nduf-7,5198,5354
CELE_ZK858.1|gld-4,24799,24972
CELE_ZK858.2|ZK858.2,137,53
CELE_ZK858.8|ZK858.8,47,34
CELE_ZK858.3|clec-91,11027,9808
CELE_ZK858.4|mel-26,11273,11224
CELE_ZK858.5|ZK858.5,1347,1281
CELE_ZK858.6|ZK858.6,8362,8162
CELE_ZK858.7|trmt-6,3147,3127
CELE_H32K16.1|slc-36.4,219,181
CELE_H32K16.2|H32K16.2,95,280
CELE_F25H5.7|F25H5.7,57,0
CELE_F25H5.10|F25H5.10,64,60
CELE_F25H5.6|mrpl-54,621,548
CELE_F25H5.5|clsp-1,4622,4227
CELE_F25H5.4|eef-2,241446,235628
CELE_F25H5.3|pyk-1,17556,18200
CELE_F25H5.8|F25H5.8,573,632
CELE_F25H5.2|F25H5.2,35,51
CELE_F25H5.1|lim-9,3071,2543
CELE_C45G3.1|aspm-1,5392,4803
CELE_C45G3.3|lipt-1,843,826
CELE_C45G3.5|gip-2,4101,3713
CELE_VF36H2L.1|aph-1,1990,1836
CELE_F36H2.1|tat-5,8913,8812
CELE_F36H2.2|ent-6,4127,3972
CELE_F14B4.1|F14B4.1,1020,1032
CELE_F14B4.2|hxk-1,16023,14080
CELE_F14B4.3|rpoa-2,3604,3632
CELE_F26H9.1|prom-1,3232,3292
CELE_F26H9.2|phac-1,3232,3297
CELE_F26H9.4|nmat-2,794,785
CELE_F26H9.6|rab-5,7680,7575
CELE_F26H9.7|uev-3,1405,1192
CELE_F26H9.5|F26H9.5,3509,2907
CELE_F26H9.8|uggt-2,67,0
CELE_C12C8.1|hsp-70,530,392
CELE_C12C8.2|cbl-1,1939,1188
CELE_C12C8.3|lin-41,24344,26359
CELE_M04C9.2|M04C9.2,12,45
CELE_M04C9.1|M04C9.1,66,55
CELE_M04C9.3|M04C9.3,245,145
CELE_M04C9.4|M04C9.4,47,71
CELE_M04C9.7|mir-2,2,0
CELE_F16A11.2|rtcb-1,1986,2047
CELE_F16A11.1|F16A11.1,5492,5126
CELE_C17E4.1|C17E4.1,64,52
CELE_C17E4.19|C17E4.19,84,47
CELE_C17E4.2|C17E4.2,273,228
CELE_C17E4.20|C17E4.20,2545,2596
CELE_C17E4.3|marc-3,7416,6978
CELE_C17E4.4|mjl-1,373,373
CELE_C17E4.11|C17E4.11,511,432
CELE_C17E4.5|pabp-2,7075,6579
CELE_C17E4.6|vps-72,4249,4147
CELE_C17E4.9|nkb-1,10210,9314
CELE_C17E4.10|C17E4.10,3838,3799
CELE_F46A9.6|mec-8,2198,1941
CELE_F46A9.12|F46A9.12,9,5
CELE_F46A9.1|F46A9.1,52,28
CELE_F46A9.2|F46A9.2,23,0
CELE_F46A9.3|twk-29,98,77
CELE_F46A9.4|skr-2,8063,7763
CELE_F46A9.5|skr-1,11760,11064
CELE_F30A10.1|calm-1,247,298
CELE_F30A10.14|F30A10.14,394,322
CELE_F30A10.11|F30A10.11,8,14
CELE_F30A10.13|F30A10.13,232,168
CELE_F30A10.2|F30A10.2,128,97
CELE_F30A10.12|F30A10.12,56,10
CELE_F30A10.15|F30A10.15,51,33
CELE_F30A10.5|stl-1,3182,2982
CELE_F30A10.6|sacm-1L,7559,7570
CELE_F30A10.3|F30A10.3,3491,3386
CELE_F30A10.8|stn-1,571,484
CELE_F30A10.9|F30A10.9,2108,2089
CELE_F30A10.10|usp-48,8543,8892
CELE_C41G7.1|smn-1,1885,2081
CELE_C41G7.2|klp-16,8456,8613
CELE_C41G7.9|tspo-1,3642,3506
CELE_C41G7.3|mina-1,3056,2927
CELE_C41G7.4|set-32,611,560
CELE_C41G7.5|ahr-1,69,54
CELE_C41G7.6|cylc-2,78,40
CELE_C41G7.8|C41G7.8,115,86
CELE_C36F7.1|irx-1,986,966
CELE_C36F7.2|swah-1,1555,1432
CELE_C36F7.22|C36F7.22,3,0
CELE_C36F7.5|C36F7.5,24,24
CELE_F42H11.1|F42H11.1,15,0
CELE_F42H11.2|lem-3,4170,4372
CELE_K07A1.17|K07A1.17,1827,1629
CELE_K07A1.1|K07A1.1,1976,1985
CELE_K07A1.13|K07A1.13,394,460
CELE_K07A1.2|dut-1,17102,15574
CELE_K07A1.3|K07A1.3,151,186
CELE_K07A1.21|K07A1.21,40,19
CELE_K07A1.5|K07A1.5,85,43
CELE_K07A1.6|K07A1.6,988,755
CELE_K07A1.7|cri-1,48,32
CELE_K07A1.16|aqp-9,288,151
CELE_K07A1.15|K07A1.15,172,160
CELE_K07A1.8|ile-1,9927,9086
CELE_K07A1.9|ate-1,3040,2986
CELE_K07A1.10|K07A1.10,1385,1257
CELE_K07A1.11|rba-1,6446,5826
CELE_K07A1.12|lin-53,14292,13497
CELE_T05F1.1|nra-2,10033,9234
CELE_T05F1.2|T05F1.2,17243,15447
CELE_T05F1.3|rps-19,25039,24201
CELE_T24D1.4|algn-10,1914,1928
CELE_T24D1.1|sqv-5,12472,11819
CELE_T24D1.2|T24D1.2,6761,6358
CELE_T24D1.5|har-2,4169,3741
CELE_T24D1.3|T24D1.3,4546,4665
CELE_T23D8.5|his-67,176,190
CELE_T23D8.9|sys-1,2309,2324
CELE_C03C11.1|C03C11.1,53,17
CELE_C03C11.2|fog-3,28,0
CELE_F10G8.1|F10G8.1,54,0
CELE_F10G8.2|F10G8.2,29,0
CELE_T23D8.6|his-68,808,682
CELE_T23D8.7|alg-5,4887,5111
CELE_T23D8.8|cfi-1,310,269
CELE_T23D8.1|mom-5,11653,11087
CELE_T23D8.2|tsp-7,118,80
CELE_T23D8.3|T23D8.3,5815,5765
CELE_T23D8.4|eif-3.C,18072,16604
CELE_B0379.2|B0379.2,59,16
CELE_B0379.7|B0379.7,156,70
CELE_B0379.1|B0379.1,855,719
CELE_F10G8.12|F10G8.12,0,0
CELE_F10G8.11|F10G8.11,0,0
CELE_F10G8.3|rae-1,5359,5158
CELE_F10G8.7|ercc-1,2610,2381
CELE_F10G8.5|ncs-2,8428,7952
CELE_F10G8.6|nubp-1,3205,3151
CELE_F10G8.9|F10G8.9,994,1013
CELE_F10G8.8|F10G8.8,1709,1478
CELE_Y106G6D.1|Y106G6D.1,411,362
CELE_B0379.9|B0379.9,0,0
CELE_B0379.6|B0379.6,0,0
CELE_B0379.3|mut-16,6726,6555
CELE_B0379.4|scpl-1,4935,4756
CELE_Y106G6D.5|Y106G6D.5,2000,2057
CELE_Y106G6D.2|Y106G6D.2,395,452
CELE_Y106G6D.3|Y106G6D.3,93,63
CELE_Y106G6D.4|Y106G6D.4,103,60
CELE_Y106G6D.8|Y106G6D.8,855,765
CELE_Y106G6D.6|Y106G6D.6,137,193
CELE_Y106G6D.7|rbm-12,4348,4459
CELE_F16C3.1|F16C3.1,93,57
CELE_F16C3.2|F16C3.2,863,805
CELE_F16C3.3|F16C3.3,131,177
CELE_C25A1.3|tag-72,2225,1941
CELE_C25A1.1|C25A1.1,3249,3310
CELE_C25A1.2|fkh-10,19,0
CELE_C25A1.4|sup-46,7001,7123
CELE_C25A1.5|fath-1,5369,4984
CELE_C25A1.16|C25A1.16,4507,4170
CELE_C25A1.6|nola-3,36,21
CELE_C25A1.20|C25A1.20,568,495
CELE_C25A1.7|iars-2,4842,4148
CELE_C25A1.8|clec-87,64533,58201
CELE_C25A1.10|dao-5,8893,10439
CELE_C25A1.9|rsa-1,5210,4958
CELE_C25A1.12|lid-1,4088,4073
CELE_Y106G6E.2|Y106G6E.2,0,0
CELE_C25A1.13|mrpl-34,1325,1499
CELE_C25A1.11|aha-1,1230,1117
CELE_ZC247.3|lin-11,270,216
CELE_ZC247.6|ZC247.6,0,0
CELE_ZC247.2|ZC247.2,366,237
CELE_Y106G6E.4|Y106G6E.4,448,430
CELE_Y106G6E.5|ced-12,4866,4852
CELE_Y106G6E.6|csnk-1,6146,5624
CELE_T20F10.10|T20F10.10,0,0
CELE_ZC247.1|ZC247.1,3002,3361
CELE_Y106G6G.1|Y106G6G.1,34,34
CELE_T20F10.9|T20F10.9,0,0
CELE_Y106G6G.9|Y106G6G.9,0,0
CELE_Y106G6G.3|dlc-6,0,14
CELE_T20F10.8|T20F10.8,19,32
CELE_T20F10.1|wts-1,1583,1525
CELE_T20F10.2|T20F10.2,1675,1347
CELE_Y106G6G.2|Y106G6G.2,181,188
CELE_Y106G6G.4|Y106G6G.4,210,55
CELE_ZC434.10|ZC434.10,28,0
CELE_ZC434.3|ZC434.3,137,46
CELE_ZC434.2|rps-7,86221,86007
CELE_ZC434.4|ZC434.4,2911,2726
CELE_ZC434.9|ZC434.9,753,284
CELE_F45H11.1|sptf-1,461,403
CELE_F45H11.7|21ur-14951,0,0
CELE_F45H11.2|ned-8,2887,2416
CELE_ZC434.5|ears-1,12279,12597
CELE_ZC434.6|aph-2,3375,3046
CELE_ZC434.7|coa-6,2026,1765
CELE_ZC434.8|ZC434.8,12368,11039
CELE_F45H11.3|hpo-35,3850,4002
CELE_F45H11.8|F45H11.8,816,851
CELE_F45H11.5|cox-19,840,638
CELE_F45H11.4|mgl-2,131,148
CELE_F45H11.9|F45H11.9,0,0
CELE_F45H11.10|F45H11.10,0,0
CELE_F45H11.6|maf-1,73,90
CELE_F25D7.10|F25D7.10,0,0
CELE_F25D7.1|cup-2,5939,5652
CELE_F25D7.2|tag-353,5697,6154
CELE_F25D7.3|blmp-1,1392,958
CELE_F25D7.5|paml-2,0,0
CELE_Y106G6H.1|Y106G6H.1,1372,1060
CELE_F25D7.4|maph-1.2,9111,9207
CELE_Y106G6H.9|Y106G6H.9,116,114
CELE_Y106G6H.10|Y106G6H.10,85,68
CELE_Y106G6H.7|sec-8,3549,3411
CELE_Y106G6H.8|Y106G6H.8,1476,1456
CELE_Y106G6H.12|duo-3,4974,4832
CELE_Y106G6H.13|Y106G6H.13,129,30
CELE_Y106G6H.6|Y106G6H.6,4227,4003
CELE_Y106G6H.2|pab-1,75672,79403
CELE_Y106G6H.3|rpl-30,21489,20105
CELE_Y106G6H.4|madf-10,93,109
CELE_Y106G6H.5|pdpr-1,5430,5473
CELE_F37D6.3|F37D6.3,28,13
CELE_F37D6.10|F37D6.10,0,0
CELE_F37D6.11|F37D6.11,0,0
CELE_F37D6.12|F37D6.12,0,0
CELE_F37D6.8|F37D6.8,0,0
CELE_F37D6.7|F37D6.7,0,0
CELE_F37D6.9|F37D6.9,0,0
CELE_F37D6.4|F37D6.4,75,39
CELE_F37D6.6|tag-68,154,133
CELE_F59C6.18|F59C6.18,25,62
CELE_F59C6.19|F59C6.19,3,5
CELE_F59C6.15|F59C6.15,3,3
CELE_F59C6.6|nlp-4,37,18
CELE_F59C6.7|che-13,49,43
CELE_F59C6.8|srf-2,93,40
CELE_F59C6.16|F59C6.16,1113,1181
CELE_Y106G6H.14|Y106G6H.14,1527,1268
CELE_Y106G6H.15|ska-1,1558,1605
CELE_Y106G6H.16|Y106G6H.16,302,388
CELE_F37D6.2|row-1,6599,6215
CELE_F37D6.1|mus-101,5389,5352
CELE_F59C6.14|clc-15,133,115
CELE_F59C6.10|F59C6.10,33,31
CELE_F59C6.11|clc-14,198,242
CELE_F25H2.1|tli-1,1007,1122
CELE_F59C6.4|exos-3,2252,2106
CELE_F59C6.5|ndub-10,9038,8174
CELE_F59C6.12|F59C6.12,225,197
CELE_F59C6.2|dhhc-12,26,18
CELE_F25H2.2|snx-27,1606,1402
CELE_F25H2.4|F25H2.4,2739,2638
CELE_F25H2.5|ndk-1,48795,46533
CELE_F25H2.6|cert-1,4695,4761
CELE_F25H2.7|F25H2.7,938,1053
CELE_F25H2.8|ubc-25,14489,14260
CELE_F25H2.9|pas-5,12884,11085
CELE_F29C6.1|F29C6.1,945,614
CELE_T22A3.10|21ur-14367,0,0
CELE_T22A3.2|hsp-12.1,286,149
CELE_T22A3.12|T22A3.12,11,0
CELE_T22A3.6|T22A3.6,24,0
CELE_T22A3.11|T22A3.11,0,0
CELE_T22A3.13|T22A3.13,0,0
CELE_T22A3.3|lst-1,5717,5536
CELE_T22A3.4|set-18,565,337
CELE_T22A3.T1|T22A3.t1,4,2
CELE_T22A3.9|mir-1828,0,0
CELE_T22A3.T4|T22A3.t4,0,0
CELE_T22A3.T2|T22A3.t2,0,0
CELE_T22A3.T3|T22A3.t3,0,0
CELE_T22A3.5|pash-1,4128,3925
CELE_T22A3.8|lam-3,5460,5356
CELE_F25H2.16|F25H2.16,0,110
CELE_F25H2.10|rplp-0,83188,89252
CELE_F25H2.11|tct-1,47645,40336
CELE_F25H2.14|F25H2.14,22,24
CELE_F25H2.12|F25H2.12,1028,1069
CELE_F25H2.13|rtel-1,2853,2772
CELE_C43H8.2|mafr-1,2177,2199
CELE_C43H8.1|arch-1,659,588
CELE_B0511.6|B0511.6,8911,9407
CELE_B0511.5|cutl-14,69,52
CELE_B0511.7|sut-6,2308,2189
CELE_B0511.19|B0511.19,1848,1812
CELE_B0511.16|B0511.16,0,0
CELE_B0511.13|mppe-1,612,569
CELE_B0511.4|tag-344,22,0
CELE_B0511.8|mrps-30,3070,3453
CELE_B0511.9|cdc-26,4350,4220
CELE_B0511.10|eif-3.E,8653,7784
CELE_B0511.15|B0511.15,0,0
CELE_C34B2.13|C34B2.13,0,0
CELE_C34B2.12|C34B2.12,0,0
CELE_B0511.1|fkb-7,671,558
CELE_C34B2.4|C34B2.4,12,0
CELE_C34B2.3|C34B2.3,24,0
CELE_B0511.11|B0511.11,158,103
CELE_B0511.2|B0511.2,336,284
CELE_B0511.12|B0511.12,9544,10168
CELE_C34B2.2|kbp-5,2744,2349
CELE_C34B2.1|tag-272,22,11
CELE_C34B2.11|C34B2.11,123,124
CELE_C34B2.5|ttc-1,1262,1259
CELE_C34B2.6|lonp-1,5151,5024
CELE_C34B2.10|spcs-1,1752,1532
CELE_C34B2.7|sdha-2,7554,7481
CELE_C34B2.8|ndua-13,6039,5502
CELE_C34B2.9|C34B2.9,94,103
CELE_B0205.10|B0205.10,159,67
CELE_B0205.1|B0205.1,3795,3815
CELE_B0205.9|B0205.9,3192,3301
CELE_B0205.5|B0205.5,4,0
CELE_B0205.4|B0205.4,62,54
CELE_B0205.16|B0205.16,0,0
CELE_B0205.13|B0205.13,20,8
CELE_B0205.8|B0205.8,1836,1774
CELE_B0205.12|B0205.12,194,207
CELE_B0205.3|rpn-10,8017,7408
CELE_B0205.11|mrpl-9,2623,2649
CELE_B0205.7|kin-3,15081,14436
CELE_B0205.6|nfs-1,2360,2188
CELE_F55A3.8|F55A3.8,0,4
CELE_F55A3.5|gpx-8,19,25
CELE_F55A3.6|F55A3.6,10,13
CELE_F55A3.7|F55A3.7,275,207
CELE_H36N01.5|H36N01.5,0,0
CELE_H36N01.2|H36N01.2,0,0
CELE_H36N01.3|H36N01.3,0,0
CELE_R13H8.4|R13H8.4,0,0
CELE_R13H8.5|R13H8.5,0,0
CELE_R13H8.3|R13H8.3,0,0
CELE_R13H8.1|daf-16,7296,8255
CELE_F55A3.3|spt-16,20560,19333
CELE_F55A3.2|F55A3.2,1345,1314
CELE_C35E7.T1|C35E7.t1,0,0
CELE_F55A3.1|marc-6,7753,7719
CELE_C35E7.9|C35E7.9,71,26
CELE_C35E7.8|slfl-3,675,719
CELE_C35E7.10|C35E7.10,138,72
CELE_C35E7.6|C35E7.6,1469,1474
CELE_C35E7.12|C35E7.12,4,3
CELE_C35E7.4|C35E7.4,485,455
CELE_C35E7.3|C35E7.3,223,252
CELE_C35E7.5|C35E7.5,8467,8447
CELE_C35E7.2|C35E7.2,152,84
CELE_C35E7.11|C35E7.11,112,95
CELE_Y37F4.1|Y37F4.1,39,37
CELE_Y37F4.5|Y37F4.5,42,0
CELE_Y37F4.7|Y37F4.7,90,66
CELE_Y37F4.10|Y37F4.10,0,0
CELE_Y37F4.14|Y37F4.14,0,0
CELE_Y37F4.8|Y37F4.8,38,44
CELE_C35E7.1|vet-2,2067,1934
CELE_T27C10.4|bath-25,0,0
CELE_Y37F4.T1|Y37F4.t1,0,0
CELE_Y37F4.T2|Y37F4.t2,0,0
CELE_Y37F4.6|Y37F4.6,314,347
CELE_T27C10.7|nspd-10,122,35
CELE_F49D11.11|F49D11.11,0,0
CELE_T27C10.1|srt-61,0,0
CELE_F49D11.6|F49D11.6,78,44
CELE_F49D11.7|F49D11.7,5,0
CELE_T27C10.6|lrk-1,2819,2669
CELE_T27C10.3|mop-25.3,1789,1583
CELE_T27C10.8|T27C10.8,47,8
CELE_F49D11.8|cpn-4,1412,1040
CELE_F49D11.13|F49D11.13,0,0
CELE_F49D11.T2|F49D11.t2,0,0
CELE_F49D11.12|F49D11.12,0,0
CELE_F49D11.T1|F49D11.t1,0,0
CELE_F49D11.10|F49D11.10,1099,1082
CELE_F49D11.9|tag-296,2749,2624
CELE_Y95D11A.2|Y95D11A.2,114,83
CELE_F49D11.14|F49D11.14,0,0
CELE_F49D11.1|prp-17,5811,5247
CELE_Y95D11A.3|Y95D11A.3,2116,2141
CELE_Y95D11A.1|Y95D11A.1,967,817
CELE_Y52B11A.10|Y52B11A.10,1828,1808
CELE_Y52B11A.14|Y52B11A.14,0,0
CELE_Y52B11A.19|Y52B11A.19,68,66
CELE_Y52B11A.11|Y52B11A.11,451,482
CELE_Y52B11A.15|21ur-14744,0,0
CELE_Y52B11A.20|Y52B11A.20,57,45
CELE_Y52B11A.17|Y52B11A.17,0,0
CELE_Y52B11A.16|Y52B11A.16,0,0
CELE_Y52B11A.5|clec-92,0,0
CELE_Y52B11A.2|impt-1,1358,1323
CELE_Y52B11A.3|Y52B11A.3,2363,2347
CELE_Y52B11A.4|Y52B11A.4,240,244
CELE_Y52B11A.12|Y52B11A.12,102,113
CELE_Y52B11A.8|Y52B11A.8,3516,3138
CELE_Y52B11A.9|dxbp-1,2531,2651
CELE_ZK39.T1|ZK39.t1,0,0
CELE_ZK39.7|clec-98,0,0
CELE_ZK39.6|clec-97,487,403
CELE_W02B9.3|W02B9.3,0,0
CELE_W02B9.4|mir-8190,0,0
CELE_Y52B11B.2|Y52B11B.2,0,0
CELE_ZK39.12|ZK39.12,0,0
CELE_W02B9.1|hmr-1,15722,15788
CELE_Y52B11B.1|Y52B11B.1,9,5
CELE_F28D9.5|F28D9.5,0,0
CELE_Y52B11C.1|pigl-1,1002,1270
CELE_F28D9.4|F28D9.4,790,884
CELE_F28D9.1|rsr-1,3130,2700
CELE_Y53H1A.8|anr-40,0,0
CELE_Y53H1A.7|Y53H1A.7,23,22
CELE_W06H12.1|ztf-6,4098,4060
CELE_Y53H1A.1|rsy-1,2527,2193
CELE_Y53H1A.2|Y53H1A.2,947,897
CELE_F46A8.8|F46A8.8,0,0
CELE_F46A8.7|F46A8.7,0,0
CELE_F46A8.13|F46A8.13,24,24
CELE_F46A8.11|F46A8.11,29,17
CELE_F46A8.1|F46A8.1,41,37
CELE_F46A8.10|scrm-6,31,0
CELE_Y53H1A.5|nfya-2,1112,1060
CELE_F36D1.7|spex-2,62,72
CELE_F36D1.5|F36D1.5,0,0
CELE_F36D1.6|F36D1.6,23,16
CELE_F36D1.4|F36D1.4,23,8
CELE_F36D1.23|spex-1,20,12
CELE_F36D1.9|F36D1.9,181,131
CELE_F36D1.1|madf-2,419,392
CELE_Y53H1B.4|Y53H1B.4,0,0
CELE_Y53H1B.1|cutl-10,101,95
CELE_H25P06.5|H25P06.5,6,0
CELE_Y53H1B.2|Y53H1B.2,1944,2345
CELE_H25P06.1|hxk-2,3193,2889
CELE_M04D5.1|M04D5.1,74,69
CELE_M04D5.4|M04D5.4,0,0
CELE_H25P06.2|cdk-9,1862,1893
CELE_M04D5.3|M04D5.3,916,1043
CELE_F56G4.2|pes-2.1,2142,1895
CELE_F56G4.7|F56G4.7,9,0
CELE_F56G4.3|pes-2.2,2122,1903
CELE_F56G4.8|F56G4.8,0,0
CELE_Y53H1C.10|Y53H1C.10,0,0
CELE_Y53H1C.11|Y53H1C.11,0,0
CELE_Y53H1C.5|Y53H1C.5,0,0
CELE_Y53H1C.6|Y53H1C.6,0,0
CELE_Y53H1C.9|Y53H1C.9,0,0
CELE_Y53H1C.4|Y53H1C.4,0,0
CELE_F56G4.6|F56G4.6,1106,1146
CELE_F56G4.4|wbp-4,2982,2724
CELE_F56G4.5|png-1,2198,1938
CELE_Y53H1C.1|aat-9,2917,2935
CELE_Y53H1C.7|Y53H1C.7,3,0
CELE_C27C7.5|C27C7.5,0,0
CELE_C27C7.7|C27C7.7,60,33
CELE_C27C7.2|C27C7.2,0,0
CELE_C27C7.13|C27C7.13,0,0
CELE_C27C7.11|C27C7.11,0,0
CELE_C27C7.9|C27C7.9,0,0
CELE_C27C7.3|nhr-74,51,38
CELE_Y53H1C.8|Y53H1C.8,0,0
CELE_Y53H1C.2|ego-2,5559,5652
CELE_C27C7.1|C27C7.1,1162,1529
CELE_ZK1025.5|ZK1025.5,6,0
CELE_ZK1025.6|nhr-244,14,0
CELE_ZK1025.18|ZK1025.18,0,0
CELE_ZK1025.16|ZK1025.16,0,0
CELE_ZK1025.14|ZK1025.14,0,0
CELE_ZK1025.2|ZK1025.2,87,17
CELE_ZK1025.4|gtnt-53,0,0
CELE_ZK1025.12|ZK1025.12,0,0
CELE_ZK1025.13|ZK1025.13,0,0
CELE_ZK1025.11|ZK1025.11,0,0
CELE_ZK1025.3|ZK1025.3,229,72
CELE_ZK1025.7|bah-1,60,0
CELE_ZK1025.15|ZK1025.15,0,0
CELE_ZK1025.17|ZK1025.17,0,0
CELE_ZK1025.19|ZK1025.19,0,0
CELE_ZK1025.8|ZK1025.8,89,0
CELE_K08C9.5|K08C9.5,18,0
CELE_K08C9.1|K08C9.1,81,24
CELE_K08C9.2|K08C9.2,164,43
CELE_K08C9.8|K08C9.8,57,89
CELE_K08C9.4|col-65,941,258
CELE_F32B4.2|F32B4.2,54,22
CELE_F15D3.3|col-66,0,0
CELE_F15D3.2|clec-101,0,0
CELE_F15D3.10|F15D3.10,0,0
CELE_F15D3.11|F15D3.11,0,0
CELE_F15D3.4|F15D3.4,80,114
CELE_F32B4.12|F32B4.12,0,0
CELE_F32B4.11|F32B4.11,0,0
CELE_F32B4.9|F32B4.9,0,0
CELE_F32B4.10|F32B4.10,0,0
CELE_F15D3.9|F15D3.9,0,0
CELE_F32B4.4|phm-2,3508,3383
CELE_F32B4.5|F32B4.5,142,169
CELE_F15D3.1|dys-1,4247,3413
CELE_F15D3.8|pals-1,14,17
CELE_C17D12.6|spe-9,32,0
CELE_C17D12.10|C17D12.10,0,0
CELE_C17D12.T1|C17D12.t1,0,0
CELE_C17D12.T2|C17D12.t2,0,0
CELE_C17D12.15|C17D12.15,0,0
CELE_C17D12.T3|C17D12.t3,0,0
CELE_F15D3.6|prel-3,2452,2580
CELE_F15D3.7|timm-23,2971,2870
CELE_C17D12.17|C17D12.17,0,0
CELE_C17D12.11|C17D12.11,0,0
CELE_C17D12.14|C17D12.14,0,0
CELE_C17D12.2|unc-75,382,357
CELE_C17D12.18|C17D12.18,11,20
CELE_C17D12.7|pcmd-1,2604,2342
CELE_C17D12.8|C17D12.8,7,0
CELE_C17D12.3|C17D12.3,20,37
CELE_W04G5.13|W04G5.13,0,0
CELE_W04G5.5|W04G5.5,0,0
CELE_W04G5.15|W04G5.15,0,0
CELE_W04G5.4|W04G5.4,17,17
CELE_C17D12.1|dhhc-7,2306,2298
CELE_T22H2.1|sri-12,0,0
CELE_T22H2.3|sri-11,48,26
CELE_F11A6.12|F11A6.12,0,0
CELE_F11A6.1|kpc-1,3024,3955
CELE_F11A6.2|scrm-4,242,187
CELE_F11A6.3|F11A6.3,0,0
CELE_F11A6.15|F11A6.15,12,10
CELE_T22H2.5|scrm-1,700,695
CELE_T22H2.7|T22H2.7,0,0
CELE_F35E2.6|oac-19,34,0
CELE_F35E2.12|F35E2.12,0,0
CELE_F35E2.8|F35E2.8,14,43
CELE_F35E2.10|F35E2.10,39,0
CELE_T22H2.6|pgrn-1,1880,1645
CELE_F35E2.9|try-16,80,44
CELE_F35E2.3|F35E2.3,0,0
CELE_F35E2.2|F35E2.2,36,50
CELE_F35E2.5|F35E2.5,36,0
CELE_Y47H10A.5|Y47H10A.5,796,716
CELE_M01G12.1|sri-14,0,0
CELE_F15H9.5|F15H9.5,0,0
CELE_F15H9.4|sri-16,0,0
CELE_F15H9.2|sri-15,0,0
CELE_F15H9.9|F15H9.9,0,0
CELE_F15H9.6|F15H9.6,0,0
CELE_F15H9.8|F15H9.8,17,11
CELE_M01G12.12|rrf-2,463,472
CELE_M01G12.14|M01G12.14,35,47
CELE_M01G12.9|M01G12.9,487,553
CELE_R05D7.1|R05D7.1,203,190
CELE_R05D7.3|R05D7.3,87,52
CELE_R05D7.8|R05D7.8,0,0
CELE_R05D7.2|R05D7.2,21,0
CELE_R05D7.4|abhd-11.2,1154,1180
CELE_R05D7.7|R05D7.7,181,142
CELE_R05D7.5|nsph-1.2,754,765
CELE_C15C6.6|C15C6.6,0,0
CELE_C15C6.1|C15C6.1,260,122
CELE_C15C6.2|C15C6.2,380,125
CELE_C15C6.3|C15C6.3,3604,3985
CELE_C15C6.4|popl-4,834,842
CELE_F14B6.9|linc-18,0,0
CELE_F14B6.1|sdz-14,314,314
CELE_F14B6.2|F14B6.2,195,168
CELE_F14B6.3|F14B6.3,464,405
CELE_F41D3.4|oac-27,0,0
CELE_F41D3.14|F41D3.14,0,0
CELE_F14B6.6|F14B6.6,138,142
CELE_F41D3.7|F41D3.7,0,0
CELE_F41D3.8|F41D3.8,0,0
CELE_F41D3.15|F41D3.15,0,0
CELE_F41D3.9|F41D3.9,26,0
CELE_F41D3.11|F41D3.11,0,0
CELE_F41D3.16|F41D3.16,1,0
CELE_F56H6.13|F56H6.13,0,0
CELE_F56H6.17|F56H6.17,0,0
CELE_F56H6.15|F56H6.15,0,0
CELE_F56H6.4|F56H6.4,0,0
CELE_F56H6.6|bgnt-1.6,0,0
CELE_C47F8.4|glct-4,0,0
CELE_T09E11.1|glct-1,0,0
CELE_C47F8.1|C47F8.1,190,253
CELE_T15D6.10|gtnt-45,0,0
CELE_T15D6.11|T15D6.11,0,0
CELE_T09E11.11|T09E11.11,255,192
CELE_E03H4.8|E03H4.8,768,424
CELE_C54C8.2|bgnt-1.8,0,0
CELE_C54C8.3|C54C8.3,0,0
CELE_C54C8.4|C54C8.4,21,0
CELE_C54C8.12|C54C8.12,200,78
CELE_C54C8.7|clec-11,49,39
CELE_E03H4.10|clec-17,1759,751
CELE_C54C8.9|nlp-39,903,539
CELE_T27F6.10|T27F6.10,18,13
CELE_T27F6.2|clec-12,178,279
CELE_T27F6.4|sygl-1,3902,3722
CELE_T27F6.5|pars-2,1538,1361
CELE_T27F6.6|T27F6.6,1692,1483
CELE_T27F6.7|T27F6.7,1286,1418
CELE_T27F6.8|T27F6.8,173,232
CELE_K11D2.1|K11D2.1,231,175
CELE_K11D2.2|asah-1,9507,9488
CELE_Y47H9B.3|21ur-13288,0,0
CELE_ZK1151.1|vab-10,17806,13456
CELE_ZK1151.4|ZK1151.4,0,0
CELE_T02G6.12|T02G6.12,0,0
CELE_T02G6.4|T02G6.4,0,0
CELE_T02G6.3|T02G6.3,0,0
CELE_T02G6.6|T02G6.6,0,0
CELE_T02G6.7|T02G6.7,0,0
CELE_Y47H9C.20|Y47H9C.20,0,0
CELE_Y47H9C.4|ced-1,7051,7894
CELE_Y47H9C.18|Y47H9C.18,0,0
CELE_Y47H9C.19|Y47H9C.19,0,0
CELE_Y47H9C.17|Y47H9C.17,0,0
CELE_Y47H9C.16|Y47H9C.16,0,0
CELE_Y47H9C.6|csp-3,0,0
CELE_Y47H9C.9|Y47H9C.9,0,0
CELE_R06C1.9|R06C1.9,0,0
CELE_R06C1.8|R06C1.8,0,0
CELE_R06C1.10|R06C1.10,0,0
CELE_R06C1.14|R06C1.14,0,0
CELE_R06C1.7|R06C1.7,0,0
CELE_R06C1.12|R06C1.12,0,0
CELE_R06C1.11|R06C1.11,0,0
CELE_Y53C10A.15|Y53C10A.15,0,0
CELE_Y53C10A.16|Y53C10A.16,0,0
CELE_Y53C10A.T3|Y53C10A.t3,0,0
CELE_Y53C10A.17|Y53C10A.17,0,0
CELE_Y53C10A.T1|Y53C10A.t1,0,0
CELE_Y53C10A.18|Y53C10A.18,0,0
CELE_Y53C10A.T2|rte-2,0,0
CELE_Y53C10A.19|Y53C10A.19,0,0
CELE_Y53C10A.20|Y53C10A.20,0,0
CELE_Y53C10A.21|Y53C10A.21,0,0
CELE_Y53C10A.22|Y53C10A.22,0,0
CELE_Y53C10A.23|Y53C10A.23,0,0
CELE_Y53C10A.25|Y53C10A.25,0,0
CELE_F58D5.10|F58D5.10,0,0
CELE_F58D5.T1|F58D5.t1,0,0
CELE_Y47H9B.2|Y47H9B.2,27,23
CELE_T02G6.5|T02G6.5,727,816
CELE_T02G6.11|T02G6.11,27,32
CELE_T02G6.10|T02G6.10,100,113
CELE_Y47H9C.1|Y47H9C.1,415,697
CELE_Y47H9C.2|dhhc-2,234,187
CELE_Y47H9C.5|dnj-27,2765,2422
CELE_Y47H9C.7|eif-2Bbeta,2003,1911
CELE_Y47H9C.8|Y47H9C.8,1716,1819
CELE_Y47H9C.12|Y47H9C.12,21,21
CELE_Y47H9C.14|Y47H9C.14,14,0
CELE_Y47H9C.10|fbxa-216,88,105
CELE_Y47H9C.11|fbxa-217,245,285
CELE_R09B3.6|R09B3.6,343,356
CELE_R09B3.1|exo-3,3373,3000
CELE_R09B3.2|rbm-3.1,16409,13691
CELE_R09B3.3|rbm-3.2,31753,26758
CELE_R09B3.4|ubc-12,4023,4019
CELE_R09B3.5|mag-1,5222,4742
CELE_R06C1.1|hda-3,3873,3814
CELE_R06C1.2|fdps-1,2551,2418
CELE_R06C1.3|wve-1,3199,3397
CELE_R06C1.4|R06C1.4,3879,2007
CELE_R06C1.6|R06C1.6,369,446
CELE_Y53C10A.12|hsf-1,6063,5627
CELE_Y53C10A.1|Y53C10A.1,671,564
CELE_Y53C10A.3|hsf-2,94,92
CELE_Y53C10A.4|rga-2,1123,809
CELE_Y53C10A.5|tmem-189,1166,1020
CELE_Y53C10A.6|Y53C10A.6,1737,1695
CELE_Y53C10A.7|fbxa-124,249,265
CELE_Y53C10A.13|fbxa-122,265,308
CELE_Y53C10A.14|fbxa-123,373,483
CELE_Y53C10A.9|abt-5,164,75
CELE_Y53C10A.10|Y53C10A.10,62,0
CELE_F58D5.7|F58D5.7,73,21
CELE_F58D5.5|F58D5.5,5378,4892
CELE_F58D5.9|F58D5.9,177,161
CELE_F58D5.4|ksr-2,2737,2570
CELE_F58D5.1|hrpr-1,25913,23268
CELE_F58D5.2|F58D5.2,199,154
CELE_F58D5.3|F58D5.3,38,0
CELE_Y47H10A.1|clp-3,69,0
CELE_Y47H10A.6|Y47H10A.6,97,87
CELE_Y47H10A.2|Y47H10A.2,175,154
CELE_Y47H10A.3|Y47H10A.3,97,228
CELE_Y47H10A.4|Y47H10A.4,122,57
CELE_W02D9.3|hmg-20,1146,1271
CELE_W02D9.4|W02D9.4,372,456
CELE_W02D9.9|W02D9.9,0,0
CELE_W02D9.10|dpsm-1,392,456
CELE_K11D2.6|K11D2.6,0,0
CELE_K11D2.4|K11D2.4,1180,887
CELE_K11D2.3|unc-101,3432,3168
CELE_K11D2.5|mter-4,615,673
CELE_W02D9.1|pri-2,5809,5527
CELE_W02D9.2|W02D9.2,3415,3146
CELE_W02D9.7|W02D9.7,3977,3426
CELE_W02D9.6|W02D9.6,1298,1166
CELE_W02D9.5|ssp-37,402,272
CELE_C49G9.2|C49G9.2,89,42
CELE_F33E2.4|F33E2.4,25,26
CELE_F33E2.8|F33E2.8,19,0
CELE_C49G9.1|mec-19,56,50
CELE_F33E2.2|dlk-1,2581,2092
CELE_F33E2.5|F33E2.5,1479,1332
CELE_T07D10.10|T07D10.10,24,0
CELE_T07D10.8|T07D10.8,297,382
CELE_T07D10.11|T07D10.11,0,0
CELE_T07D10.12|T07D10.12,1,0
CELE_T07D10.6|flp-33,123,127
CELE_T26E3.7|T26E3.7,35,67
CELE_T26E3.8|T26E3.8,140,147
CELE_T26E3.11|T26E3.11,51,32
CELE_T26E3.5|T26E3.5,105,129
CELE_T26E3.4|T26E3.4,1999,2007
CELE_T26E3.2|ndx-1,143,123
CELE_T26E3.10|T26E3.10,13,12
CELE_T06G6.3|T06G6.3,0,0
CELE_T06G6.4|T06G6.4,17,0
CELE_T26E3.14|T26E3.14,0,0
CELE_T26E3.3|par-6,3160,3120
CELE_T06G6.6|T06G6.6,113,0
CELE_T06G6.7|srw-88,0,0
CELE_T06G6.12|nssp-8,16,7
CELE_T06G6.15|T06G6.15,0,0
CELE_W02A11.T1|W02A11.t1,0,0
CELE_T06G6.9|pfd-3,3112,2738
CELE_W02A11.1|trm-61A,812,805
CELE_T07D10.3|T07D10.3,115,94
CELE_T07D10.4|clec-15,392,102
CELE_H16D19.1|clec-13,376,105
CELE_H16D19.3|H16D19.3,36,62
CELE_H16D19.7|H16D19.7,11,13
CELE_H16D19.4|H16D19.4,17,21
CELE_H16D19.6|H16D19.6,12,28
CELE_H16D19.5|H16D19.5,38,53
CELE_H28O16.2|mcrs-1,2358,2351
CELE_H28O16.1|atp-1,79617,80434
CELE_W02A11.2|vps-25,1491,1575
CELE_W02A11.3|toe-4,2128,2213
CELE_W02A11.4|uba-2,6544,6122
CELE_W02A11.5|bath-34,313,321
CELE_W02A11.6|W02A11.6,52,63
CELE_W02A11.8|bath-35,185,139
CELE_B0019.1|amx-2,830,493
CELE_B0019.4|anr-14,0,0
CELE_B0019.2|B0019.2,2385,2584
CELE_Y18D10A.2|Y18D10A.2,0,0
CELE_Y18D10A.3|Y18D10A.3,314,317
CELE_Y18D10A.1|attf-6,3064,3149
CELE_Y18D10A.7|ptr-17,48,45
CELE_Y18D10A.28|Y18D10A.28,0,0
CELE_Y18D10A.5|gsk-3,5335,5034
CELE_Y18D10A.6|nhx-8,1722,1067
CELE_Y18D10A.10|clec-104,31,21
CELE_Y18D10A.8|mxt-1,573,426
CELE_Y18D10A.9|ciao-1,1211,1292
CELE_Y18D10A.23|Y18D10A.23,1419,1083
CELE_Y18D10A.11|Y18D10A.11,9088,9144
CELE_Y18D10A.16|coa-5,791,798
CELE_Y18D10A.13|pad-1,7619,7191
CELE_Y18D10A.17|car-1,65335,62035
CELE_Y18D10A.18|fbxa-121,71,54
CELE_Y18D10A.25|fkb-8,147,125
CELE_Y18D10A.19|fkb-2,13813,12874
CELE_Y18D10A.30|Y18D10A.30,44,29
CELE_Y18D10A.21|Y18D10A.21,26,26
CELE_Y18D10A.22|Y18D10A.22,25,41
CELE_Y18D10A.20|pfn-1,11606,10536
CELE_C47B2.1|fbxa-140,284,305
CELE_F08A8.10|F08A8.10,0,0
CELE_F08A8.9|F08A8.9,0,0
CELE_F08A8.1|acox-1.1,2763,2074
CELE_F08A8.2|acox-1.2,848,399
CELE_F08A8.3|acox-1.3,525,396
CELE_F08A8.4|acox-1.4,1015,796
CELE_F08A8.8|F08A8.8,39,36
CELE_F08A8.5|F08A8.5,32,34
CELE_F08A8.7|fbxa-101,1443,1530
CELE_C47B2.4|pbs-2,8294,8643
CELE_C47B2.2|C47B2.2,2879,3256
CELE_C47B2.3|tba-2,72039,74049
CELE_C47B2.9|C47B2.9,684,664
CELE_CC4.2|nlp-15,388,435
CELE_C47B2.5|eif-6,3814,3796
CELE_C47B2.6|gale-1,5491,3389
CELE_C47B2.8|prx-11,754,609
CELE_C47B2.7|efsc-1,1155,1128
CELE_W05B5.3|nhr-85,182,127
CELE_W05B5.1|W05B5.1,1191,976
CELE_Y26D4A.3|Y26D4A.3,86,47
CELE_C17H1.2|C17H1.2,0,0
CELE_Y26D4A.25|Y26D4A.25,0,0
CELE_Y26D4A.24|Y26D4A.24,0,0
CELE_Y26D4A.23|Y26D4A.23,0,0
CELE_C17H1.8|pals-7,0,0
CELE_C17H1.22|21ur-13800,0,0
CELE_C17H1.14|pals-12,0,0
CELE_C17H1.4|pals-3,0,0
CELE_C17H1.5|pals-4,27,26
CELE_C17H1.7|pals-6,24,27
CELE_F22G12.7|pals-15,0,0
CELE_F22G12.1|pals-14,31,16
CELE_ZK256.1|pmr-1,4866,5148
CELE_CC4.3|smu-1,3392,3519
CELE_F22G12.8|F22G12.8,152,133
CELE_F22G12.3|F22G12.3,47,44
CELE_F22G12.9|F22G12.9,0,0
CELE_F22G12.T2|F22G12.t2,0,0
CELE_F22G12.T1|F22G12.t1,0,0
CELE_F22G12.4|F22G12.4,3948,3750
CELE_F17B5.1|F17B5.1,46,62
CELE_F17B5.11|F17B5.11,0,0
CELE_F17B5.8|F17B5.8,242,88
CELE_F17B5.6|F17B5.6,50,36
CELE_ZK1225.2|ZK1225.2,0,0
CELE_ZK1225.1|ZK1225.1,0,0
CELE_ZK1225.5|ZK1225.5,0,0
CELE_ZK1225.4|ZK1225.4,72,0
CELE_ZK1225.6|ssp-31,38,17
CELE_ZK1225.7|ZK1225.7,40,59
CELE_ZK1053.2|ZK1053.2,104,26
CELE_ZK1053.5|scrm-2,25,35
CELE_ZK1053.6|ZK1053.6,26,0
CELE_F22G12.5|dock-11,8040,7564
CELE_F44F1.1|F44F1.1,0,0
CELE_F44F1.3|clp-8,35,0
CELE_ZK1053.4|ZK1053.4,2094,2192
CELE_F44F1.5|F44F1.5,380,313
CELE_F44F1.6|F44F1.6,638,690
CELE_F44F1.4|F44F1.4,314,282
CELE_M01E5.1|M01E5.1,0,0
CELE_F44F1.7|vet-6,1709,1750
CELE_M01E5.2|M01E5.2,697,773
CELE_M01E5.3|M01E5.3,9451,8858
CELE_M01E5.4|M01E5.4,3023,3039
CELE_M01E5.6|sepa-1,1614,1621
CELE_T04D3.1|T04D3.1,1286,1188
CELE_M01E5.5|top-1,13999,13060
CELE_T04D3.2|sdz-30,1089,767
CELE_T04D3.T4|T04D3.t4,0,0
CELE_T04D3.8|T04D3.8,426,385
CELE_T04D3.3|pde-1,131,126
CELE_W08E3.4|W08E3.4,41,0
CELE_T04D3.9|T04D3.9,0,0
CELE_T04D3.T2|T04D3.t2,0,0
CELE_T04D3.4|gcy-35,62,49
CELE_T04D3.T1|T04D3.t1,2,0
CELE_T04D3.5|T04D3.5,2828,2542
CELE_W08E3.2|casc-3,4207,3548
CELE_C01A2.6|C01A2.6,0,0
CELE_C01A2.10|C01A2.10,0,0
CELE_Y40B1A.4|sptf-3,4416,3829
CELE_C01A2.5|tads-1,3610,3197
CELE_C01A2.3|oxa-1,2528,2456
CELE_W08E3.1|snr-2,12830,12422
CELE_W08E3.3|ola-1,13210,12312
CELE_Y40B1A.1|wac-1.2,682,746
CELE_Y40B1A.3|wac-1.1,2100,2181
CELE_C01A2.4|C01A2.4,1607,1552
CELE_C01A2.2|C01A2.2,371,347
CELE_C01A2.7|mihp-1,177,124
CELE_C01A2.1|C01A2.1,69,42
CELE_W05H12.4|W05H12.4,41,36
CELE_W05H12.2|W05H12.2,22,18
CELE_Y40B1B.3|fbxb-66,276,285
CELE_W05H12.1|W05H12.1,302,227
CELE_Y40B1B.7|Y40B1B.7,1991,1780
CELE_Y40B1B.9|Y40B1B.9,0,0
CELE_Y40B1B.8|slc-25A46,2722,2514
CELE_Y48G10A.6|Y48G10A.6,95,89
CELE_Y40B1B.10|Y40B1B.10,0,0
CELE_Y40B1B.5|eif-3.J,2660,2669
CELE_Y40B1B.6|spr-5,3776,3539
CELE_Y48G10A.2|Y48G10A.2,2460,2210
CELE_Y48G10A.8|21ur-15556,0,0
CELE_Y48G10A.4|ints-8,2556,2835
CELE_Y48G10A.7|rpr-1,6,15
CELE_Y48G10A.3|ndrr-1,3854,3973
CELE_Y48G10A.9|Y48G10A.9,4,8
CELE_W09C5.1|W09C5.1,6623,6593
CELE_W09C5.3|W09C5.3,33,30
CELE_W09C5.4|ins-33,84,47
CELE_W09C5.14|W09C5.14,0,0
CELE_W09C5.13|W09C5.13,0,0
CELE_W09C5.5|dkf-1,1058,1108
CELE_W09C5.11|linc-1,7,17
CELE_W09C5.2|unc-59,6983,6717
CELE_Y87G2A.21|mir-1824,0,0
CELE_Y87G2A.22|Y87G2A.22,0,0
CELE_Y87G2A.24|Y87G2A.24,0,0
CELE_Y87G2A.23|Y87G2A.23,0,0
CELE_Y48G10A.1|Y48G10A.1,2775,2758
CELE_Y87G2A.17|soem-1,457,490
CELE_Y87G2A.14|ndx-8,158,205
CELE_Y87G2A.19|Y87G2A.19,320,299
CELE_Y87G2A.18|Y87G2A.18,663,716
CELE_Y87G2A.1|Y87G2A.1,4124,3958
CELE_Y87G2A.25|Y87G2A.25,61,100
CELE_Y87G2A.2|Y87G2A.2,712,645
CELE_Y87G2A.3|atg-4.1,2461,2355
CELE_Y87G2A.4|aex-6,236,265
CELE_Y87G2A.5|glp-4,16305,15530
CELE_Y87G2A.16|Y87G2A.16,39,27
CELE_Y87G2A.15|grd-15,13,0
CELE_Y87G2A.6|cyn-15,3663,3506
CELE_Y87G2A.7|nyn-2,2875,2965
CELE_Y87G2A.8|gpi-1,13137,10858
CELE_Y87G2A.9|ubc-14,2132,1658
CELE_Y87G2A.10|vps-28,2117,1785
CELE_Y87G2A.11|eipr-1,1349,1263
CELE_Y87G2A.13|Y87G2A.13,2534,2597
CELE_Y6B3A.1|agef-1,6361,5960
CELE_W09C5.6|rpl-31,25800,22309
CELE_W04A4.8|W04A4.8,0,0
CELE_W04A4.7|W04A4.7,0,0
CELE_Y6B3B.12|Y6B3B.12,0,0
CELE_Y6B3B.13|Y6B3B.13,0,0
CELE_Y6B3B.1|Y6B3B.1,135,0
CELE_W04A4.2|W04A4.2,1163,1182
CELE_W04A4.6|W04A4.6,175,98
CELE_Y6B3B.14|Y6B3B.14,0,0
CELE_Y6B3B.15|Y6B3B.15,0,0
CELE_Y6B3B.10|lagr-1,125,97
CELE_W09C5.9|W09C5.9,0,0
CELE_W09C5.7|sac-2,4179,4596
CELE_W09C5.8|cox-4,9883,9072
CELE_W04A4.5|ints-4,4206,3911
CELE_Y6B3B.9|Y6B3B.9,985,892
CELE_Y6B3B.7|Y6B3B.7,38,21
CELE_Y6B3B.5|gpap-1,633,699
CELE_Y6B3B.4|scpr-1,4168,4617
CELE_Y37H9A.8|21ur-15587,0,0
CELE_Y37H9A.7|21ur-15569,0,0
CELE_Y37H9A.1|Y37H9A.1,493,563
CELE_Y37H9A.3|ccct-1,1893,1986
CELE_Y37H9A.6|ndx-4,984,797
CELE_W09G3.10|mir-2218.1,0,0
CELE_Y37H9A.4|Y37H9A.4,60,51
CELE_Y37H9A.5|Y37H9A.5,91,114
CELE_W09G3.7|W09G3.7,887,873
CELE_W09G3.3|tag-229,858,814
CELE_W09G3.2|maea-1,1386,1649
CELE_W09G3.8|W09G3.8,786,651
CELE_W04A8.1|W04A8.1,1156,1247
CELE_W09G3.9|21ur-15386,0,0
CELE_W09G3.15|W09G3.15,0,0
CELE_W09G3.14|W09G3.14,0,0
CELE_W09G3.12|W09G3.12,0,0
CELE_W09G3.13|W09G3.13,0,0
CELE_W09G3.6|W09G3.6,5829,5754
CELE_W09G3.1|W09G3.1,1060,962
CELE_W09G3.5|fbxa-93,199,285
CELE_W04A8.3|W04A8.3,88,118
CELE_W04A8.2|W04A8.2,501,406
CELE_W04A8.4|W04A8.4,2386,2444
CELE_W04A8.5|W04A8.5,420,301
CELE_W04A8.8|W04A8.8,0,0
CELE_W04A8.9|W04A8.9,66,54
CELE_W04A8.6|W04A8.6,4690,4048
CELE_Y71A12B.2|Y71A12B.2,91,69
CELE_Y71A12B.3|Y71A12B.3,133,147
CELE_Y71A12B.23|Y71A12B.23,10,0
CELE_Y71A12B.27|Y71A12B.27,0,0
CELE_Y71A12B.29|Y71A12B.29,0,0
CELE_Y71A12B.4|trp-4,178,205
CELE_Y71A12B.8|Y71A12B.8,0,0
CELE_W04A8.7|taf-1,5593,5826
CELE_Y71A12B.9|usp-3,1580,1460
CELE_Y71A12B.10|Y71A12B.10,43,39
CELE_Y71A12B.22|Y71A12B.22,0,0
CELE_Y71A12B.18|Y71A12B.18,270,262
CELE_Y71A12B.13|Y71A12B.13,275,267
CELE_Y71A12B.20|mir-1818,0,0
CELE_Y71A12B.14|Y71A12B.14,156,170
CELE_Y71A12B.21|Y71A12B.21,3,7
CELE_Y71A12B.19|Y71A12B.19,173,50
CELE_Y71A12B.11|Y71A12B.11,1225,1007
CELE_Y71A12B.17|gadr-5,327,325
CELE_ZC334.7|ZC334.7,24,12
CELE_Y71A12B.26|Y71A12B.26,0,0
CELE_Y71A12B.28|Y71A12B.28,0,0
CELE_ZC334.15|ZC334.15,0,0
CELE_Y71A12B.12|Y71A12B.12,981,821
CELE_ZC334.10|ins-29,32,18
CELE_ZC334.9|ins-28,99,74
CELE_ZC334.16|linc-124,0,0
CELE_ZC334.12|ZC334.12,0,0
CELE_ZC334.11|ins-27,116,79
CELE_ZC334.3|ins-24,31,19
CELE_ZC334.2|ins-30,16,33
CELE_ZC334.1|ins-26,65,85
CELE_Y71A12B.1|rps-6,50639,50030
CELE_Y71A12C.2|Y71A12C.2,89,116
CELE_F47G4.7|smd-1,5008,4290
CELE_F47G4.6|hmg-6,41,45
CELE_F47G4.4|F47G4.4,1353,1243
CELE_Y63D3A.12|Y63D3A.12,0,0
CELE_Y63D3A.2|fbxb-100,145,93
CELE_F47G4.12|F47G4.12,0,0
CELE_Y63D3A.9|fbxb-93,121,102
CELE_F47G4.11|F47G4.11,3,3
CELE_F47G4.3|gpdh-1,52,112
CELE_F47G4.2|gadr-6,1088,993
CELE_Y63D3A.11|fbxb-94,65,55
CELE_Y63D3A.3|fbxb-101,70,70
CELE_C49A1.10|C49A1.10,476,384
CELE_C37A5.6|C37A5.6,0,8
CELE_C37A5.12|C37A5.12,0,2
CELE_C37A5.T1|C37A5.t1,0,0
CELE_C37A5.13|C37A5.13,0,0
CELE_C37A5.14|C37A5.14,0,0
CELE_C37A5.15|C37A5.15,0,0
CELE_ZK849.2|gopc-1,79,48
CELE_ZK849.6|ZK849.6,0,0
CELE_ZK849.7|ZK849.7,0,0
CELE_C49A1.15|C49A1.15,0,0
CELE_C49A1.12|C49A1.12,0,0
CELE_C49A1.4|eya-1,802,867
CELE_C49A1.11|C49A1.11,0,0
CELE_C49A1.14|C49A1.14,0,0
CELE_K03D10.1|kal-1,1384,1261
CELE_C37A5.5|C37A5.5,10,52
CELE_C37A5.4|fipr-23,48,146
CELE_C37A5.3|C37A5.3,173,287
CELE_C37A5.2|fipr-22,192,563
CELE_C37A5.8|fipr-24,282,1030
CELE_C37A5.1|best-8,138,93
CELE_C37A5.7|C37A5.7,636,651
CELE_C37A5.9|pry-1,797,822
CELE_ZK849.1|ZK849.1,27,22
CELE_ZK849.5|best-26,35,0
CELE_C49A1.3|best-11,24,0
CELE_Y63D3A.4|tdpt-1,1876,1702
CELE_Y63D3A.5|tfg-1,7065,6267
CELE_Y63D3A.6|dnj-29,12010,10789
CELE_Y63D3A.7|ndua-2,1805,1307
CELE_Y63D3A.8|fld-1,2597,2503
CELE_K03D10.3|mys-2,2581,2104
CELE_F09C3.1|pes-7,1837,1767
CELE_F09C3.2|nanp-1,274,257
CELE_F09C3.5|fbxb-69,35,43
CELE_F09C3.3|fbxb-68,62,83
CELE_F09C3.4|fbxa-103,67,40
CELE_F49B2.2|fbxb-67,242,223
CELE_F49B2.1|fbxb-8,59,83
CELE_F49B2.7|F49B2.7,22,44
CELE_F49B2.3|F49B2.3,28,37
CELE_F49B2.4|F49B2.4,25,19
CELE_F49B2.5|src-2,280,240
CELE_F49B2.6|F49B2.6,120,121
CELE_Y105E8A.1|Y105E8A.1,176,134
CELE_Y105E8A.32|Y105E8A.32,0,0
CELE_Y105E8A.47|Y105E8A.47,0,0
CELE_Y105E8A.49|Y105E8A.49,0,0
CELE_Y105E8A.5|bbs-1,45,40
CELE_Y105E8A.37|Y105E8A.37,0,0
CELE_Y105E8A.6|unc-95,759,446
CELE_Y105E8A.39|Y105E8A.39,4,0
CELE_Y105E8A.51|mir-8187,0,0
CELE_Y105E8A.2|Y105E8A.2,3672,3204
CELE_Y105E8A.3|slc-30A5,6970,6572
CELE_Y105E8A.4|ech-7,2752,1412
CELE_LEV-10|lev-10,686,423
CELE_EAT-18|eat-18,386,111
CELE_Y105E8A.8|tcab-1,2389,2321
CELE_Y105E8A.9|apg-1,5444,5374
CELE_Y105E8A.10|hpo-13,5800,5001
CELE_Y105E8A.42|Y105E8A.42,0,0
CELE_Y105E8A.44|Y105E8A.44,0,0
CELE_Y105E8A.43|Y105E8A.43,0,0
CELE_Y105E8A.41|Y105E8A.41,0,0
CELE_Y105E8A.11|Y105E8A.11,642,652
CELE_Y105E8A.34|Y105E8A.34,21,28
CELE_Y105E8A.12|catp-1,1762,1443
CELE_Y105E8A.27|Y105E8A.27,44,19
CELE_Y105E8A.28|Y105E8A.28,76,81
CELE_Y105E8A.13|Y105E8A.13,65,62
CELE_Y105E8A.14|Y105E8A.14,3661,3335
CELE_Y105E8A.16|rps-20,52408,50991
CELE_Y105E8A.17|ekl-4,3052,2921
CELE_Y105E8A.19|yars-1,4333,4359
CELE_Y105E8A.20|mars-2,1688,1590
CELE_Y105E8A.21|Y105E8A.21,3639,3351
CELE_Y105E8A.22|exc-4,2392,2335
CELE_Y105E8A.40|Y105E8A.40,0,0
CELE_Y105E8A.38|Y105E8A.38,0,0
CELE_Y105E8A.46|Y105E8A.46,0,0
CELE_Y105E8A.26|zoo-1,1994,1955
CELE_Y105E8A.23|rpom-1,2388,2592
CELE_Y105E8A.45|Y105E8A.45,0,0
CELE_Y105E8A.48|Y105E8A.48,0,0
CELE_Y105E8A.36|Y105E8A.36,427,556
CELE_Y105E8A.25|rhgf-3,9009,9652
CELE_Y105E8B.2|exoc-8,4533,4455
CELE_Y105E8B.7|Y105E8B.7,281,292
CELE_Y105E8B.1|lev-11,32439,28640
CELE_Y105E8B.14|Y105E8B.14,0,0
CELE_Y105E8B.4|bath-40,7240,6712
CELE_Y105E8B.3|riok-2,5438,5566
CELE_Y105E8B.5|hprt-1,2422,1751
CELE_Y105E8B.6|Y105E8B.6,252,221
CELE_Y105E8B.8|ero-1,4007,3949
CELE_Y105E8B.13|Y105E8B.13,0,0
CELE_Y105E8B.12|Y105E8B.12,0,0
CELE_Y105E8B.9|Y105E8B.9,757,652
CELE_Y54E5A.1|ttm-5,647,519
CELE_Y54E5A.2|Y54E5A.2,159,187
CELE_Y54E5A.4|npp-4,4284,4043
CELE_Y54E5A.5|Y54E5A.5,2330,2157
CELE_K05C4.11|sol-2,117,86
CELE_K05C4.8|K05C4.8,11,12
CELE_K05C4.10|K05C4.10,0,0
CELE_K05C4.9|K05C4.9,383,435
CELE_Y54E5A.6|dus-2,1167,1254
CELE_Y54E5A.7|gid-1,3164,3255
CELE_Y54E5A.8|Y54E5A.8,337,390
CELE_K05C4.1|pbs-5,10977,10224
CELE_K05C4.2|K05C4.2,3928,3868
CELE_K05C4.3|K05C4.3,42,37
CELE_K05C4.4|K05C4.4,414,389
CELE_K05C4.7|K05C4.7,3879,3816
CELE_K05C4.6|hmp-2,6376,5802
CELE_K05C4.5|K05C4.5,4416,4570
CELE_F39B2.11|mtx-1,2501,2454
CELE_F39B2.10|dnj-12,18268,17543
CELE_F39B2.9|tmem-107,19,16
CELE_C01B12.4|osta-1,37,39
CELE_C01B12.5|best-4,37,34
CELE_2L52.1|2L52.1,951,905
CELE_C01B12.3|best-3,276,314
CELE_C01B12.2|gmeb-1,925,854
CELE_C01B12.1|sqt-2,1369,268
CELE_C01B12.8|enee-1,1212,1021
CELE_F23F1.4|F23F1.4,425,431
CELE_F23F1.3|fbxc-54,172,168
CELE_F23F1.5|F23F1.5,2997,3135
CELE_F23F1.2|F23F1.2,40,26
CELE_F23F1.6|F23F1.6,357,395
CELE_F23F1.7|spp-24,132,212
CELE_F23F1.10|F23F1.10,639,489
CELE_F23F1.8|rpt-4,11894,11275
CELE_F23F1.1|nfyc-1,2402,2503
CELE_F23F1.9|rpoa-49,1903,1924
CELE_C23H3.5|C23H3.5,2058,1979
CELE_C23H3.4|sptl-1,5326,4213
CELE_C23H3.7|tre-5,800,964
CELE_C23H3.3|ascc-1,1428,1528
CELE_C23H3.2|C23H3.2,1374,932
CELE_C23H3.9|C23H3.9,554,280
CELE_C23H3.11|C23H3.11,0,0
CELE_C23H3.10|C23H3.10,0,0
CELE_C50D2.6|C50D2.6,111,87
CELE_C23H3.1|egl-26,1021,983
CELE_C50D2.9|mcat-1,1889,1835
CELE_C50D2.7|C50D2.7,2584,2401
CELE_C50D2.4|col-68,67,44
CELE_C50D2.3|txt-1,11,0
CELE_C50D2.2|C50D2.2,103,107
CELE_C50D2.8|luc-7L3,2411,2286
CELE_C50D2.5|sftb-6,2494,2044
CELE_C50D2.10|C50D2.10,450,539
CELE_K10B4.5|srd-3,0,0
CELE_K10B4.2|srt-54,0,0
CELE_C50D2.1|C50D2.1,185,68
CELE_K10B4.3|K10B4.3,1367,1285
CELE_K10B4.1|K10B4.1,0,0
CELE_K10B4.6|cwn-1,588,530
CELE_T25D3.6|T25D3.6,0,0
CELE_T25D3.4|T25D3.4,5654,5292
CELE_T25D3.3|T25D3.3,202,165
CELE_T25D3.2|mrpl-28,2485,2175
CELE_T01D1.7|T01D1.7,0,0
CELE_T01D1.5|T01D1.5,0,0
CELE_F48A11.10|F48A11.10,0,0
CELE_F48A11.9|F48A11.9,0,0
CELE_F48A11.8|F48A11.8,0,0
CELE_T01D1.3|T01D1.3,141,68
CELE_T01D1.4|T01D1.4,1385,918
CELE_T01D1.8|T01D1.8,91,51
CELE_T01D1.6|abu-11,259,106
CELE_F48A11.1|chs-2,710,484
CELE_T25D3.5|T25D3.5,0,0
CELE_T01D1.2|etr-1,5500,5377
CELE_F48A11.4|F48A11.4,2642,2670
CELE_F48A11.5|ubxn-3,13564,13650
CELE_F48A11.7|F48A11.7,3,0
CELE_D1069.4|dmsr-4,95,123
CELE_C41D7.2|ptr-3,185,179
CELE_C03H5.4|C03H5.4,0,7
CELE_C03H5.9|C03H5.9,21,23
CELE_C03H5.7|C03H5.7,58,52
CELE_C03H5.5|C03H5.5,225,222
CELE_C03H5.3|C03H5.3,1679,1471
CELE_C03H5.6|C03H5.6,50,21
CELE_C03H5.1|clec-10,191,122
CELE_C03H5.2|nstp-4,4054,3790
CELE_C03H5.10|C03H5.10,13,0
CELE_C24H12.15|C24H12.15,0,0
CELE_C24H12.14|C24H12.14,0,0
CELE_C24H12.5|dnsn-1,2921,2842
CELE_F39B2.13|F39B2.13,0,0
CELE_F39B2.12|F39B2.12,0,0
CELE_Y54E5B.7|Y54E5B.7,0,0
CELE_Y54E5B.6|Y54E5B.6,0,0
CELE_Y54E5B.5|Y54E5B.5,0,0
CELE_F32A7.2|srw-93,0,0
CELE_F32A7.3|eva-1,464,372
CELE_F32A7.9|F32A7.9,0,0
CELE_F32A7.8|F32A7.8,0,0
CELE_F32A7.4|metl-17,3136,3227
CELE_F32A7.5|maph-1.1,2111,1827
CELE_ZK270.3|ZK270.3,0,0
CELE_ZK270.5|ZK270.5,0,0
CELE_ZK909.2|kin-1,2686,2224
CELE_F21F12.2|F21F12.2,0,0
CELE_F21F12.3|F21F12.3,0,0
CELE_ZK909.7|ZK909.7,0,0
CELE_F33H2.9|21ur-14221,0,0
CELE_F33H2.8|F33H2.8,114,82
CELE_F31C3.12|F31C3.12,0,0
CELE_F31C3.6|F31C3.6,514,449
CELE_CTEL29B.1|cTel29B.1,0,0
CELE_CTEL29B.2|cTel29B.2,0,0
CELE_F39B2.6|rps-26,28753,28274
CELE_F39B2.8|gpr-158,200,192
CELE_F39B2.7|mtcu-1,633,681
CELE_F39B2.5|F39B2.5,838,873
CELE_F39B2.4|sur-2,4508,4014
CELE_F39B2.3|F39B2.3,1492,1467
CELE_F39B2.2|uev-1,4855,4515
CELE_F39B2.1|hinf-1,8395,8105
CELE_K11B4.1|mrps-27,3029,2787
CELE_K11B4.2|blos-9,949,941
CELE_Y54E5B.1|smp-1,3089,3303
CELE_Y54E5B.2|Y54E5B.2,1635,1640
CELE_Y54E5B.3|let-49,1375,1152
CELE_Y54E5B.4|ubc-16,2171,2093
CELE_F32A7.6|aex-5,1053,860
CELE_F32A7.7|str-245,98,48
CELE_F11C3.3|unc-54,53214,42081
CELE_F11C3.1|F11C3.1,161,126
CELE_F11C3.2|unc-122,99,121
CELE_ZK270.2|frm-1,11305,10111
CELE_ZK270.4|ZK270.4,2,0
CELE_ZK270.1|ptr-23,1830,1790
CELE_ZK909.3|ZK909.3,604,436
CELE_ZK909.5|fbxb-70,37,27
CELE_ZK909.4|ces-2,773,926
CELE_ZK909.6|ZK909.6,293,237
CELE_ZK337.2|klu-1,126,128
CELE_ZK337.6|nspd-11,5,6
CELE_ZK337.1|tep-1,4304,4970
CELE_ZK337.5|mtd-1,76,87
CELE_F33H2.5|pole-1,10137,9935
CELE_F33H2.6|F33H2.6,2144,2188
CELE_F33H2.1|dog-1,3281,3277
CELE_F33H2.2|F33H2.2,4941,4988
CELE_F33H2.7|set-10,543,555
CELE_F33H2.3|F33H2.3,3810,3520
CELE_F31C3.2|gldr-2,4466,4363
CELE_F31C3.1|cyn-5,22449,19831
CELE_F31C3.3|bltp-2,9821,9644
CELE_F31C3.4|zipt-1,5380,5007
CELE_F31C3.5|psf-2,2017,1774
CELE_F31C3.10|rrn-3.56,44082,26154
CELE_F31C3.16|F31C3.16,7,10
CELE_F31C3.7|rrn-1.1,51421,38609
CELE_F31C3.11|rrn-2.1,4929,2689
CELE_F31C3.9|rrn-3.1,396339,227950
CELE_F31C3.8|rrn-1.2,53270,39542
CELE_C24H12.13|C24H12.13,0,0
CELE_C24H12.4|C24H12.4,3434,3691
CELE_Y43H11AL.6|Y43H11AL.6,0,0
CELE_Y43H11AL.8|Y43H11AL.8,0,0
CELE_Y43H11AL.7|Y43H11AL.7,0,0
CELE_B0432.5|cat-2,0,0
CELE_B0432.18|B0432.18,0,0
CELE_B0432.16|B0432.16,0,0
CELE_B0432.19|B0432.19,0,0
CELE_B0432.17|B0432.17,0,0
CELE_B0432.11|B0432.11,0,0
CELE_B0432.15|21ur-15113,0,0
CELE_K01A2.6|K01A2.6,0,0
CELE_K01A2.4|K01A2.4,24,0
CELE_K01A2.9|K01A2.9,0,0
CELE_K01A2.12|K01A2.12,0,0
CELE_K01A2.14|K01A2.14,0,0
CELE_K01A2.11|cbn-1,233,157
CELE_K01A2.13|K01A2.13,0,0
CELE_K01A2.15|K01A2.15,0,2
CELE_Y43H11AL.1|Y43H11AL.1,5138,4636
CELE_Y43H11AL.2|laat-1,3303,3411
CELE_Y43H11AL.3|scc-2,11820,11700
CELE_Y43H11AL.5|Y43H11AL.5,3,1
CELE_B0432.14|nssp-10,74,101
CELE_B0432.7|cip-2A,1756,1712
CELE_B0432.8|B0432.8,1221,1112
CELE_B0432.13|trul-1,1894,1819
CELE_B0432.9|B0432.9,120,121
CELE_B0432.10|B0432.10,973,923
CELE_B0432.4|misc-1,2865,2447
CELE_B0432.3|mrpl-41,1349,1293
CELE_B0432.2|djr-1.1,2775,2346
CELE_B0432.12|clec-117,47,11
CELE_B0432.1|B0432.1,30,47
CELE_K01A2.5|K01A2.5,1255,1014
CELE_K01A2.7|col-69,29,0
CELE_K01A2.8|mps-2,432,463
CELE_K01A2.3|K01A2.3,259,230
CELE_K01A2.2|far-7,368,541
CELE_K01A2.10|K01A2.10,501,695
CELE_K01A2.1|sgcb-1,110,104
CELE_D1069.2|cpn-2,421,346
CELE_D1069.1|clc-31,30,26
CELE_D1069.3|D1069.3,2046,2085
CELE_C24H12.8|C24H12.8,34,44
CELE_C24H12.7|C24H12.7,63,73
CELE_C24H12.16|mir-5593.1,0,0
CELE_C24H12.12|C24H12.12,0,0
CELE_C24H12.17|mir-5593.2,0,0
CELE_C24H12.11|C24H12.11,146,119
CELE_C24H12.18|C24H12.18,13,6
CELE_C24H12.3|C24H12.3,52,35
CELE_C24H12.2|C24H12.2,24,31
CELE_C24H12.1|C24H12.1,236,180
CELE_C24H12.19|C24H12.19,28,28
CELE_W10D9.2|W10D9.2,72,114
CELE_W10D9.1|W10D9.1,13,11
CELE_W10D9.6|gvd-1,788,657
CELE_W10D9.3|W10D9.3,387,365
CELE_W10D9.7|W10D9.7,0,0
CELE_W10D9.4|nfyb-1,2046,1929
CELE_W10D9.5|tomm-22,1288,1110
CELE_W07E6.1|nsun-1,4887,4833
CELE_W07E6.5|W07E6.5,254,290
CELE_W07E6.2|gldi-1,1661,1502
CELE_W07E6.3|sms-5,37,41
CELE_T27A1.6|mab-9,57,38
CELE_T27A1.8|T27A1.8,0,0
CELE_T27A1.9|T27A1.9,0,0
CELE_T27A1.5|slc-36.2,542,371
CELE_W07E6.7|W07E6.7,0,0
CELE_W07E6.4|prp-21,4897,5255
CELE_T27A1.4|lgc-34,553,343
CELE_T27A1.2|T27A1.2,217,212
CELE_T27A1.3|T27A1.3,116,92
CELE_C09E8.3|mlt-10,1264,793
CELE_C09E8.2|lips-7,61,32
CELE_W08F4.5|W08F4.5,35,14
CELE_C09E8.1|C09E8.1,1369,1136
CELE_C09E8.5|anr-27,5,0
CELE_W08F4.13|W08F4.13,49,53
CELE_W08F4.2|fbxb-34,76,82
CELE_W04H10.2|W04H10.2,18,8
CELE_W04H10.5|W04H10.5,70,59
CELE_W04H10.7|linc-52,0,0
CELE_W04H10.6|W04H10.6,50,29
CELE_W04H10.4|clec-118,27,22
CELE_W04H10.1|W04H10.1,6,6
CELE_W04H10.3|nhl-3,1219,1253
CELE_W08F4.16|W08F4.16,0,0
CELE_W08F4.18|W08F4.18,0,0
CELE_W08F4.17|W08F4.17,0,0
CELE_W08F4.14|W08F4.14,0,0
CELE_W08F4.15|W08F4.15,0,0
CELE_W08F4.12|W08F4.12,32,15
CELE_W08F4.6|mlt-8,2292,1489
CELE_W08F4.8|cdc-37,6062,5141
CELE_W08F4.3|W08F4.3,8823,8319
CELE_T04B8.2|T04B8.2,114,129
CELE_T04B8.3|arrd-1,997,1100
CELE_T04B8.1|T04B8.1,0,0
CELE_K07E8.6|K07E8.6,29,57
CELE_T04B8.5|T04B8.5,4460,3741
CELE_K07E8.13|K07E8.13,0,0
CELE_K07E8.14|K07E8.14,0,0
CELE_K07E8.1|K07E8.1,0,0
CELE_K07E8.7|K07E8.7,1126,1168
CELE_K07E8.11|sri-46,0,0
CELE_K07E8.3|sdz-24,432,447
CELE_Y39F10C.3|Y39F10C.3,8,9
CELE_Y39F10C.1|Y39F10C.1,0,0
CELE_T02H6.9|T02H6.9,31,13
CELE_T02H6.7|T02H6.7,15,0
CELE_T02H6.5|T02H6.5,45,50
CELE_T02H6.12|T02H6.12,80,48
CELE_T02H6.3|T02H6.3,10,0
CELE_C08G5.2|fbxc-48,22,0
CELE_C08G5.3|C08G5.3,0,0
CELE_C08G5.8|21ur-13316,0,0
CELE_C08G5.4|snt-6,120,139
CELE_C08G5.6|C08G5.6,10,0
CELE_C08G5.7|C08G5.7,127,138
CELE_Y39F10A.1|nssp-11,63,28
CELE_F46F5.2|F46F5.2,0,0
CELE_F46F5.14|F46F5.14,0,0
CELE_F46F5.6|msrp-3,10,14
CELE_F46F5.7|gtnt-29,0,0
CELE_F28A10.1|F28A10.1,26,0
CELE_F28A10.11|F28A10.11,6,0
CELE_F28A10.3|clc-33,0,0
CELE_F28A10.12|F28A10.12,22,0
CELE_F28A10.7|F28A10.7,0,0
CELE_T02H6.11|T02H6.11,8834,7162
CELE_T02H6.2|thoc-1,1718,1766
CELE_T02H6.1|T02H6.1,2674,2718
CELE_Y39F10B.1|rfip-2,4335,4754
CELE_F28A10.6|acdh-9,2738,2409
CELE_Y46B2A.1|fbxc-51,2030,2057
CELE_T07D3.5|T07D3.5,6,0
CELE_T07D3.4|T07D3.4,244,172
CELE_T07D3.2|T07D3.2,0,0
CELE_T07D3.12|T07D3.12,0,0
CELE_T07D3.10|T07D3.10,0,0
CELE_T07D3.7|alg-2,6800,6966
CELE_T07D3.9|T07D3.9,839,715
CELE_T07D3.1|fbxa-200,258,286
CELE_R07C3.10|fbxc-27,0,0
CELE_R07C3.11|fbxc-24,250,221
CELE_R07C3.9|fbxc-31,46,19
CELE_R07C3.8|fbxc-33,286,280
CELE_R07C3.7|fbxc-29,213,201
CELE_R07C3.15|fbxc-30,54,25
CELE_R07C3.17|R07C3.17,15,8
CELE_R07C3.6|fbxc-28,457,533
CELE_R07C3.13|R07C3.13,29,0
CELE_R07C3.14|fbxc-35,0,0
CELE_R07C3.5|fbxc-34,97,85
CELE_R07C3.4|acs-15,34,0
CELE_R07C3.2|fbxc-36,555,499
CELE_C32B5.11|fbxc-41,34,0
CELE_C32B5.12|fbxc-57,111,111
CELE_C32B5.9|fbxc-7,37,40
CELE_C32B5.10|fbxc-32,983,886
CELE_C32B5.8|fbxc-6,20,32
CELE_C32B5.16|sdz-4,350,305
CELE_C32B5.7|C32B5.7,0,0
CELE_C32B5.18|C32B5.18,13,15
CELE_C32B5.14|fbxc-18,378,288
CELE_C32B5.6|C32B5.6,44,28
CELE_C32B5.15|C32B5.15,66,69
CELE_C32B5.5|fbxc-14,70,72
CELE_C32B5.17|fbxc-17,15,0
CELE_C32B5.4|fbxc-15,16,26
CELE_C32B5.2|srh-274,0,0
CELE_F45D11.13|fbxb-30,68,59
CELE_C32B5.1|fbxc-40,504,467
CELE_F45D11.10|fbxc-39,145,128
CELE_F45D11.9|fbxc-42,261,207
CELE_M01D1.12|M01D1.12,67,78
CELE_M01D1.3|btb-11,361,356
CELE_M01D1.2|math-34,267,263
CELE_M01D1.8|fbxb-41,242,222
CELE_M01D1.10|fbxb-45,139,189
CELE_M01D1.1|str-148,12,0
CELE_K02E7.10|K02E7.10,21,16
CELE_K02E7.12|K02E7.12,4,10
CELE_K02E7.14|linc-13,9,8
CELE_K02E7.11|K02E7.11,11,0
CELE_K02E7.1|K02E7.1,11,0
CELE_K02E7.8|K02E7.8,0,0
CELE_K02E7.13|mir-4805,0,0
CELE_M01D1.9|fbxb-40,149,187
CELE_K02E7.7|K02E7.7,78,111
CELE_K02E7.6|K02E7.6,577,508
CELE_K02E7.9|btb-10,396,291
CELE_K02E7.5|K02E7.5,104,121
CELE_F45D11.5|F45D11.5,94,87
CELE_F45D11.14|F45D11.14,3402,1252
CELE_F45D11.4|F45D11.4,127,35
CELE_F45D11.15|F45D11.15,3786,1614
CELE_F45D11.3|F45D11.3,150,50
CELE_F45D11.16|F45D11.16,2417,1184
CELE_F45D11.2|F45D11.2,130,50
CELE_F45D11.1|F45D11.1,137,60
CELE_T13B5.T1|T13B5.t1,0,0
CELE_T13B5.T2|T13B5.t2,0,0
CELE_T13B5.9|T13B5.9,91,115
CELE_T13B5.6|lips-12,20,0
CELE_T13B5.10|T13B5.10,0,0
CELE_T13B5.11|T13B5.11,0,0
CELE_T13B5.4|col-40,196,117
CELE_T13B5.7|lips-13,0,0
CELE_T13B5.1|snf-3,901,901
CELE_T13B5.3|pho-14,2397,2132
CELE_T23F4.3|dlhd-1,42,85
CELE_T23F4.4|nas-27,38,0
CELE_T23F4.2|T23F4.2,521,397
CELE_F53A10.2|F53A10.2,1557,1433
CELE_F47F6.5|clec-119,75,32
CELE_F47F6.9|clpr-2,0,0
CELE_F47F6.3|oac-30,53,0
CELE_F47F6.14|F47F6.14,0,0
CELE_F47F6.11|F47F6.11,0,0
CELE_F47F6.13|F47F6.13,0,0
CELE_F47F6.15|F47F6.15,0,0
CELE_F47F6.1|lin-42,1224,880
CELE_Y57G7A.5|Y57G7A.5,51,0
CELE_Y57G7A.11|Y57G7A.11,12,0
CELE_Y57G7A.12|srz-63,0,0
CELE_Y57G7A.6|Y57G7A.6,100,54
CELE_Y57G7A.3|Y57G7A.3,0,0
CELE_Y57G7A.8|Y57G7A.8,43,36
CELE_Y57G7A.2|Y57G7A.2,111,91
CELE_Y57G7A.1|Y57G7A.1,243,254
CELE_W09B6.4|W09B6.4,596,566
CELE_T13B5.8|sut-1,1515,1253
CELE_W09B6.3|eri-3,2396,2274
CELE_W09B6.2|taf-6.1,1390,1332
CELE_W09B6.1|pod-2,24971,17855
CELE_Y57G7A.13|Y57G7A.13,0,0
CELE_Y57G7A.10|emc-2,2394,2252
CELE_F56D12.1|alh-6,3488,2945
CELE_C13A10.1|C13A10.1,256,194
CELE_C13A10.2|nssp-12,76,80
CELE_F56D12.T1|F56D12.t1,0,0
CELE_F56D12.T2|F56D12.t2,0,0
CELE_F56D12.T3|F56D12.t3,0,0
CELE_F56D12.T4|F56D12.t4,0,0
CELE_F56D12.11|F56D12.11,0,0
CELE_C13A10.4|C13A10.4,0,0
CELE_C13A10.5|C13A10.5,0,0
CELE_F56D12.4|jip-1,335,379
CELE_F54D12.8|F54D12.8,0,0
CELE_F54D12.17|F54D12.17,0,0
CELE_F54D12.12|F54D12.12,0,0
CELE_F54D12.14|F54D12.14,0,0
CELE_F54D12.15|F54D12.15,0,0
CELE_F54D12.19|F54D12.19,0,0
CELE_F54D12.21|F54D12.21,0,0
CELE_F54D12.6|rog-1,4553,4649
CELE_Y51H7C.6|cogc-4,4800,4212
CELE_Y51H7C.23|Y51H7C.23,0,0
CELE_Y51H7C.31|Y51H7C.31,0,0
CELE_Y51H7C.33|Y51H7C.33,0,0
CELE_Y51H7C.7|Y51H7C.7,1775,1549
CELE_Y51H7C.41|Y51H7C.41,295,173
CELE_Y51H7C.9|Y51H7C.9,36,0
CELE_Y51H7C.30|Y51H7C.30,0,0
CELE_Y51H7C.35|Y51H7C.35,0,1
CELE_Y51H7C.34|Y51H7C.34,0,0
CELE_Y51H7C.17|Y51H7C.17,0,1
CELE_Y51H7C.24|Y51H7C.24,0,0
CELE_Y51H7C.16|Y51H7C.16,0,1
CELE_Y51H7C.20|Y51H7C.20,0,0
CELE_Y51H7C.28|Y51H7C.28,0,0
CELE_Y51H7C.40|Y51H7C.40,0,0
CELE_Y51H7C.26|Y51H7C.26,0,0
CELE_Y51H7C.29|Y51H7C.29,0,0
CELE_Y51H7C.39|Y51H7C.39,0,0
CELE_Y51H7C.37|Y51H7C.37,0,0
CELE_Y51H7C.25|Y51H7C.25,0,0
CELE_Y51H7C.22|Y51H7C.22,0,0
CELE_Y51H7C.19|Y51H7C.19,0,0
CELE_Y51H7C.5|alkb-1,1764,1457
CELE_Y51H7C.10|Y51H7C.10,73,45
CELE_Y51H7C.32|Y51H7C.32,0,0
CELE_Y51H7C.36|Y51H7C.36,0,0
CELE_Y51H7C.11|nol-6,1312,1361
CELE_F56D12.8|F56D12.8,0,0
CELE_F56D12.9|F56D12.9,0,0
CELE_F56D12.7|21ur-13751,0,0
CELE_F56D12.6|fcho-1,6018,6190
CELE_F56D12.5|vig-1,100611,99424
CELE_Y51H7C.3|Y51H7C.3,2016,1756
CELE_Y51H7C.12|Y51H7C.12,42,33
CELE_Y51H7C.42|Y51H7C.42,1617,1490
CELE_Y51H7C.15|Y51H7C.15,783,1153
CELE_Y51H7C.13|Y51H7C.13,775,315
CELE_H17B01.5|nssp-13,38,59
CELE_H17B01.3|lips-14,0,0
CELE_Y51H7C.1|Y51H7C.1,1392,936
CELE_H17B01.2|H17B01.2,129,84
CELE_H17B01.4|emc-1,10859,10057
CELE_Y51H7BR.9|Y51H7BR.9,0,0
CELE_Y51H7BR.T1|Y51H7BR.t1,0,0
CELE_Y51H7BR.8|Y51H7BR.8,6,6
CELE_Y51H7BR.10|Y51H7BR.10,0,0
CELE_Y51H7BM.1|math-45,693,465
CELE_Y51H7BR.4|Y51H7BR.4,29,23
CELE_H17B01.1|fdgt-1,4436,3926
CELE_Y51H7BM.2|Y51H7BM.2,0,5
CELE_Y51H7BR.2|fbxb-43,115,127
CELE_Y51H7BR.1|fbxb-42,149,154
CELE_K05F6.5|fbxb-44,119,102
CELE_K05F6.11|poml-4,118,183
CELE_K05F6.4|K05F6.4,228,204
CELE_K05F6.12|K05F6.12,46,36
CELE_K05F6.6|fbxb-52,51,51
CELE_K05F6.3|fbxb-51,105,101
CELE_K05F6.14|K05F6.14,0,0
CELE_K05F6.7|fbxb-54,211,211
CELE_K05F6.2|fbxb-50,107,90
CELE_K05F6.1|fbxb-49,160,121
CELE_K05F6.9|fbxb-46,121,115
CELE_K05F6.15|K05F6.15,100,87
CELE_T07H3.4|clec-21,0,0
CELE_T07H3.3|math-38,260,319
CELE_T07H3.2|bath-46,23,24
CELE_T07H3.6|bath-26,250,296
CELE_C08E3.4|fbxa-161,14,34
CELE_T07H3.9|T07H3.9,0,0
CELE_T07H3.1|bath-47,231,289
CELE_C08E3.3|bath-33,31,35
CELE_C08E3.5|fbxa-162,125,217
CELE_C08E3.6|fbxa-163,59,73
CELE_C08E3.7|fbxa-164,37,32
CELE_C08E3.14|C08E3.14,0,0
CELE_ZC204.16|fbxb-27,14,23
CELE_ZC204.8|fbxb-21,22,25
CELE_ZC204.9|fbxb-20,148,133
CELE_ZC204.10|fbxb-16,36,36
CELE_ZC204.7|fbxb-15,222,194
CELE_ZC204.11|btb-13,50,54
CELE_ZC204.3|btb-12,69,42
CELE_ZC204.12|ZC204.12,275,470
CELE_ZC204.14|ZC204.14,142,107
CELE_F58E1.6|nhx-6,0,0
CELE_F58E1.5|fbxb-17,239,282
CELE_F58E1.4|irld-36,0,0
CELE_ZC204.1|srlf-29,0,0
CELE_ZC204.15|srw-97,0,0
CELE_ZC204.2|duxl-1,1159,1178
CELE_F58E1.3|fbxb-26,124,188
CELE_F58E1.2|fbxb-25,31,29
CELE_F58E1.8|fbxb-18,78,100
CELE_F58E1.9|fbxb-19,53,39
CELE_F58E1.10|fbxc-22,85,43
CELE_F58E1.11|fbxc-21,114,161
CELE_F58E1.12|fbxc-26,95,63
CELE_F58E1.13|F58E1.13,43,38
CELE_F58E1.14|fbxb-47,93,101
CELE_F45C12.11|sdz-18,87,50
CELE_F45C12.10|math-29,0,0
CELE_F45C12.8|fbxa-184,81,108
CELE_F45C12.12|btb-7,249,243
CELE_F45C12.13|fbxb-48,80,102
CELE_F45C12.7|btb-6,1041,967
CELE_F45C12.14|fbxb-5,31,40
CELE_F45C12.6|btb-8,386,315
CELE_F45C12.5|fbxb-11,128,113
CELE_F45C12.17|F45C12.17,87,93
CELE_F45C12.4|btb-9,156,203
CELE_F45C12.2|ceh-82,74,50
CELE_F36H5.7|str-179,36,24
CELE_F36H5.9|F36H5.9,0,0
CELE_F36H5.13|F36H5.13,100,136
CELE_F36H5.8|F36H5.8,26,41
CELE_F36H5.11|fbxb-12,43,33
CELE_F45C12.15|ceh-83,1306,1150
CELE_F36H5.17|F36H5.17,69,38
CELE_F36H5.5|fbxb-53,86,118
CELE_F36H5.18|F36H5.18,11,0
CELE_F36H5.4|F36H5.4,132,126
CELE_F36H5.3|math-28,0,0
CELE_C08F1.5|math-4,731,490
CELE_C08F1.11|C08F1.11,222,239
CELE_F36H5.2|math-27,1940,2055
CELE_F36H5.1|math-26,1116,975
CELE_C08F1.4|math-3,881,665
CELE_F36H5.14|F36H5.14,212,141
CELE_C08F1.10|C08F1.10,1017,1023
CELE_C08F1.1|math-2,0,0
CELE_C08F1.13|C08F1.13,15,0
CELE_C08F1.12|C08F1.12,0,7
CELE_C08F1.6|C08F1.6,629,593
CELE_C08F1.3|fbxb-13,173,161
CELE_C08F1.8|C08F1.8,20,14
CELE_T08E11.6|fbxb-10,105,88
CELE_T08E11.9|21ur-12798,0,0
CELE_T08E11.7|fbxa-3,129,115
CELE_T08E11.5|fbxc-19,103,108
CELE_T08E11.4|math-41,355,293
CELE_T08E11.3|math-40,165,136
CELE_T08E11.2|math-39,192,146
CELE_T08E11.1|T08E11.1,0,0
CELE_C52E2.5|C52E2.5,69,80
CELE_C52E2.4|C52E2.4,235,289
CELE_C52E2.6|fbxb-97,53,69
CELE_C52E2.7|fbxb-96,156,103
CELE_C16C4.17|C16C4.17,4,9
CELE_C16C4.5|math-15,32,30
CELE_C52E2.1|fbxb-95,144,132
CELE_C16C4.18|C16C4.18,204,125
CELE_C16C4.6|fbxb-98,65,46
CELE_C16C4.4|math-14,46,62
CELE_C16C4.12|math-7,0,0
CELE_C16C4.19|C16C4.19,6,7
CELE_C46F9.5|C46F9.5,4,0
CELE_C46F9.6|C46F9.6,15,10
CELE_C46F9.3|math-24,366,448
CELE_C46F9.1|math-22,314,338
CELE_F52C6.7|bath-11,176,196
CELE_F52C6.8|bath-4,316,291
CELE_F52C6.9|bath-6,154,145
CELE_F52C6.10|bath-7,261,323
CELE_F52C6.11|bath-2,720,755
CELE_F52C6.4|F52C6.4,138,136
CELE_F52C6.3|F52C6.3,143,115
CELE_F52C6.2|F52C6.2,972,976
CELE_F52C6.1|bath-22,153,208
CELE_F52C6.12|F52C6.12,132,125
CELE_F52C6.13|F52C6.13,35,47
CELE_C40D2.4|ceh-84,0,0
CELE_C40D2.2|math-20,353,322
CELE_F59H6.15|F59H6.15,10,0
CELE_F59H6.4|math-32,0,0
CELE_ZK250.12|21ur-11933,0,0
CELE_ZK250.5|math-47,0,0
CELE_ZK250.11|21ur-15590,0,0
CELE_ZK250.13|ZK250.13,255,240
CELE_ZK250.15|ZK250.15,59,56
CELE_ZK250.2|ZK250.2,12,25
CELE_Y16E11A.4|Y16E11A.4,104,131
CELE_Y16E11A.3|linc-46,25,21
CELE_C40D2.3|math-21,21,40
CELE_F59H6.8|bath-21,92,117
CELE_F59H6.3|F59H6.3,143,154
CELE_F59H6.9|bath-1,371,381
CELE_F59H6.12|btb-4,277,267
CELE_F59H6.13|F59H6.13,0,0
CELE_F59H6.14|F59H6.14,14,24
CELE_F59H6.10|bath-3,168,166
CELE_F59H6.11|bath-5,950,720
CELE_B0047.1|bath-20,40,53
CELE_F59H6.1|bath-19,374,374
CELE_B0047.2|btb-3,72,82
CELE_B0047.4|math-1,0,0
CELE_B0047.3|bath-24,253,214
CELE_B0047.5|bath-14,182,221
CELE_F07E5.2|fbxb-35,160,138
CELE_F07E5.5|F07E5.5,1929,1890
CELE_F07E5.6|fbxb-36,22,0
CELE_F07E5.13|F07E5.13,241,182
CELE_F07E5.1|fbxb-6,42,21
CELE_F07E5.12|F07E5.12,26,30
CELE_F07E5.10|F07E5.10,0,0
CELE_T16A1.4|T16A1.4,0,0
CELE_T16A1.10|T16A1.10,49,46
CELE_T16A1.8|fbxb-37,260,270
CELE_T16A1.1|math-42,72,0
CELE_R52.3|math-35,370,335
CELE_R52.12|R52.12,0,0
CELE_R52.9|math-37,87,136
CELE_R52.10|sdz-29,250,176
CELE_R52.1|sdz-28,854,845
CELE_C40A11.10|mir-8199,23,26
CELE_C40A11.4|C40A11.4,218,194
CELE_C40A11.3|C40A11.3,177,208
CELE_C40A11.6|C40A11.6,183,197
CELE_C40A11.2|C40A11.2,155,149
CELE_C40A11.7|C40A11.7,34,34
CELE_C33C12.7|C33C12.7,8,9
CELE_C33C12.11|C33C12.11,0,0
CELE_C33C12.6|srb-14,0,0
CELE_C40A11.1|math-18,108,78
CELE_C33C12.4|C33C12.4,25,12
CELE_C33C12.5|fbxb-38,97,50
CELE_C33C12.1|C33C12.1,0,0
CELE_Y59C2A.4|Y59C2A.4,0,0
CELE_Y59C2A.2|Y59C2A.2,1825,1682
CELE_C33C12.3|gba-1,3399,2384
CELE_C33C12.8|gba-2,367,106
CELE_C33C12.9|mtq-2,650,647
CELE_Y59C2A.1|Y59C2A.1,877,748
CELE_F54A3.10|F54A3.10,0,0
CELE_F54A3.4|cbs-2,64,0
CELE_Y59C2A.3|Y59C2A.3,2089,1898
CELE_F54A3.9|F54A3.9,0,1
CELE_F54A3.8|F54A3.8,0,0
CELE_F54A3.5|F54A3.5,1901,1760
CELE_F54A3.6|F54A3.6,2018,2052
CELE_K09F6.3|K09F6.3,178,59
CELE_F54A3.7|F54A3.7,0,0
CELE_F54A3.3|cct-3,16652,15957
CELE_F54A3.2|F54A3.2,1614,1592
CELE_K09F6.8|fbxc-25,241,157
CELE_B0281.4|B0281.4,52,49
CELE_K09F6.11|K09F6.11,0,0
CELE_K09F6.4|K09F6.4,136,128
CELE_K09F6.5|K09F6.5,72,26
CELE_K09F6.15|K09F6.15,211,229
CELE_K09F6.6|K09F6.6,174,163
CELE_K09F6.14|K09F6.14,67,44
CELE_K09F6.9|K09F6.9,459,364
CELE_K09F6.12|mir-5548,22,11
CELE_K09F6.10|K09F6.10,293,211
CELE_K09F6.13|K09F6.13,46,45
CELE_K09F6.7|K09F6.7,320,241
CELE_B0281.5|B0281.5,1235,1116
CELE_B0281.6|B0281.6,23,0
CELE_B0281.3|B0281.3,525,368
CELE_ZK1240.5|ZK1240.5,43,48
CELE_ZK1240.9|ZK1240.9,144,123
CELE_ZK1240.3|ZK1240.3,442,372
CELE_ZK1240.6|ZK1240.6,0,0
CELE_ZK1240.2|ZK1240.2,301,275
CELE_ZK1240.1|ZK1240.1,27,19
CELE_F43C11.7|F43C11.7,1480,3033
CELE_F43C11.15|F43C11.15,0,0
CELE_F43C11.9|enri-1,841,996
CELE_F43C11.6|F43C11.6,60,51
CELE_F43C11.4|F43C11.4,0,0
CELE_F43C11.13|F43C11.13,0,0
CELE_F43C11.10|F43C11.10,29,34
CELE_F43C11.3|F43C11.3,85,53
CELE_F16G10.6|F16G10.6,11,12
CELE_F16G10.11|F16G10.11,0,0
CELE_F16G10.15|F16G10.15,58,164
CELE_F42G2.4|fbxa-182,343,309
CELE_F42G2.8|fbxa-4,113,91
CELE_F42G2.5|F42G2.5,211,266
CELE_F42G2.3|fbxc-20,150,86
CELE_F42G2.11|anr-39,0,0
CELE_F42G2.2|F42G2.2,738,742
CELE_F42G2.6|ceh-86,943,811
CELE_F53G2.4|pqn-42,196,181
CELE_T22D2.1|vab-19,1270,1122
CELE_F53G2.3|F53G2.3,6,7
CELE_F53G2.1|F53G2.1,161,183
CELE_F59H5.4|F59H5.4,0,0
CELE_F59H5.5|F59H5.5,0,0
CELE_F59H5.6|linc-8,195,162
CELE_F53G2.11|mir-8195,0,0
CELE_F53G2.10|F53G2.10,0,0
CELE_F53G2.6|tsr-1,1705,1498
CELE_F53G2.7|mnat-1,3160,2975
CELE_F53G2.12|F53G2.12,1012,816
CELE_F40B1.1|bath-13,0,0
CELE_F40B1.2|bath-18,20,19
CELE_F59H5.1|gbas-1,2653,2741
CELE_F59H5.3|bath-12,139,156
CELE_K02F6.3|K02F6.3,135,114
CELE_K02F6.10|K02F6.10,0,0
CELE_K02F6.6|K02F6.6,0,0
CELE_K02F6.7|K02F6.7,1817,1689
CELE_K02F6.9|nep-18,121,101
CELE_F33H12.5|sri-36,0,0
CELE_F33H12.7|F33H12.7,187,120
CELE_D2062.13|D2062.13,18,0
CELE_D2062.14|linc-66,0,0
CELE_F33H12.2|sri-39,0,0
CELE_F33H12.1|F33H12.1,0,0
CELE_D2062.9|sri-77,0,0
CELE_D2062.10|sri-76,0,0
CELE_D2062.8|sri-38,0,0
CELE_D2062.7|msrp-5,80,29
CELE_D2062.6|msrp-6,83,30
CELE_F09D1.1|usp-39,4124,4176
CELE_D2062.5|D2062.5,13,0
CELE_D2062.4|D2062.4,37,0
CELE_D2062.12|lgc-28,179,205
CELE_D2062.1|D2062.1,20,0
CELE_F22E5.21|F22E5.21,15,0
CELE_F22E5.8|F22E5.8,0,17
CELE_F22E5.9|F22E5.9,602,533
CELE_F22E5.6|F22E5.6,0,0
CELE_F22E5.13|F22E5.13,56,52
CELE_F22E5.3|gcy-21,226,257
CELE_F22E5.22|F22E5.22,0,0
CELE_F22E5.18|sri-59,0,0
CELE_F22E5.16|sri-57,66,87
CELE_F22E5.20|F22E5.20,186,144
CELE_F34D6.11|linc-12,16,17
CELE_F34D6.3|sup-9,45,22
CELE_F34D6.8|nspf-2,7,0
CELE_F22E5.1|F22E5.1,94,68
CELE_F22E5.17|F22E5.17,1289,1141
CELE_F34D6.1|F34D6.1,170,158
CELE_F34D6.10|F34D6.10,0,0
CELE_F34D6.5|sri-62,15,0
CELE_T05A8.2|T05A8.2,0,0
CELE_Y47G7B.2|Y47G7B.2,186,189
CELE_T05A8.5|wdr-31,20,33
CELE_T05A8.8|T05A8.8,25,14
CELE_T05A8.3|nlp-99,1206,1220
CELE_T05A8.4|nep-2,1385,1140
CELE_F29A7.8|F29A7.8,12,0
CELE_F29A7.4|F29A7.4,39,37
CELE_F29A7.6|F29A7.6,990,865
CELE_Y27F2A.1|sri-58,0,0
CELE_Y27F2A.11|Y27F2A.11,0,0
CELE_Y27F2A.9|Y27F2A.9,7,6
CELE_ZC239.9|sri-48,0,0
CELE_ZC239.10|sri-53,0,0
CELE_ZC239.20|ZC239.20,42,54
CELE_ZC239.7|gcy-15,128,100
CELE_ZC239.21|ZC239.21,84,47
CELE_ZC239.4|ZC239.4,0,0
CELE_ZC239.6|ZC239.6,296,314
CELE_ZC239.5|ZC239.5,63,61
CELE_ZC239.22|ZC239.22,103,179
CELE_ZC239.14|ZC239.14,83,106
CELE_ZC239.13|ZC239.13,12,27
CELE_ZC239.15|ZC239.15,49,30
CELE_ZC239.16|ZC239.16,118,126
CELE_ZC239.17|ZC239.17,13,18
CELE_C17F4.8|C17F4.8,81,71
CELE_F08D12.4|F08D12.4,0,0
CELE_K12H6.13|K12H6.13,0,0
CELE_K12H6.15|K12H6.15,0,0
CELE_K12H6.14|K12H6.14,0,0
CELE_K12H6.10|K12H6.10,0,0
CELE_K12H6.4|K12H6.4,0,0
CELE_K12H6.9|K12H6.9,0,7
CELE_K12H6.5|K12H6.5,0,8
CELE_K12H6.8|K12H6.8,0,0
CELE_Y110A2AL.15|21ur-12599,0,0
CELE_Y110A2AL.6|Y110A2AL.6,0,0
CELE_Y110A2AL.8|ptc-3,3664,3137
CELE_Y110A2AL.19|Y110A2AL.19,0,0
CELE_Y110A2AL.16|Y110A2AL.16,0,0
CELE_Y110A2AL.18|Y110A2AL.18,0,0
CELE_Y110A2AL.T1|Y110A2AL.t1,0,0
CELE_Y110A2AL.T2|Y110A2AL.t2,0,0
CELE_Y110A2AL.5|Y110A2AL.5,0,0
CELE_Y110A2AL.1|Y110A2AL.1,0,0
CELE_Y110A2AL.17|Y110A2AL.17,0,0
CELE_Y110A2AR.2|ubc-15,3325,3305
CELE_ZK355.4|irld-64,0,0
CELE_ZK355.1|irld-63,0,0
CELE_ZK355.7|irld-67,0,0
CELE_ZK355.5|irld-65,0,0
CELE_ZK355.6|irld-66,0,0
CELE_T11F1.7|irld-50,0,0
CELE_T11F1.6|irld-49,0,0
CELE_T11F1.5|srw-79,0,0
CELE_T11F1.9|irld-51,0,0
CELE_T11F1.8|hpa-2,0,0
CELE_T11F1.2|irld-48,0,0
CELE_T11F1.1|srw-60,0,0
CELE_T11F1.10|T11F1.10,0,0
CELE_K08A2.14|K08A2.14,0,0
CELE_K08A2.13|K08A2.13,0,0
CELE_K08A2.11|K08A2.11,0,0
CELE_K08A2.12|K08A2.12,0,0
CELE_K08A2.16|K08A2.16,0,0
CELE_K08A2.15|K08A2.15,0,0
CELE_K08A2.10|K08A2.10,0,0
CELE_K08A2.9|K08A2.9,0,0
CELE_C41H7.10|C41H7.10,0,0
CELE_C41H7.11|C41H7.11,0,0
CELE_B0454.18|B0454.18,0,0
CELE_B0454.20|B0454.20,0,0
CELE_B0454.22|B0454.22,0,0
CELE_B0454.25|B0454.25,0,0
CELE_B0454.14|B0454.14,0,0
CELE_B0454.19|B0454.19,0,0
CELE_B0454.16|B0454.16,0,0
CELE_B0454.17|B0454.17,0,0
CELE_B0454.24|B0454.24,0,0
CELE_B0454.12|B0454.12,0,0
CELE_B0454.23|B0454.23,0,0
CELE_B0454.21|B0454.21,0,0
CELE_B0454.10|sri-30,0,0
CELE_B0454.11|21ur-14095,0,0
CELE_B0454.3|sri-28,0,0
CELE_B0454.13|B0454.13,0,0
CELE_B0454.15|B0454.15,0,0
CELE_B0454.2|sri-31,0,0
CELE_Y25C1A.T2|Y25C1A.t2,0,0
CELE_Y25C1A.T1|Y25C1A.t1,0,0
CELE_Y25C1A.15|Y25C1A.15,0,0
CELE_Y25C1A.9|srg-21,0,0
CELE_Y25C1A.10|srg-22,0,0
CELE_Y25C1A.11|srg-23,0,0
CELE_Y25C1A.12|srg-24,0,0
CELE_Y25C1A.4|clec-121,0,0
CELE_Y25C1A.3|clec-122,0,0
CELE_T10D4.18|T10D4.18,0,0
CELE_T10D4.17|T10D4.17,0,0
CELE_T10D4.7|T10D4.7,0,0
CELE_T10D4.9|sri-42,0,0
CELE_T10D4.10|sri-43,0,0
CELE_T10D4.11|T10D4.11,0,0
CELE_T10D4.1|T10D4.1,0,0
CELE_T10D4.14|T10D4.14,0,0
CELE_T10D4.19|T10D4.19,0,0
CELE_T10D4.12|sri-32,0,0
CELE_T10D4.16|T10D4.16,0,0
CELE_Y27F2A.4|sri-33,0,0
CELE_Y27F2A.7|sri-34,0,0
CELE_Y27F2A.5|fbxc-55,0,0
CELE_Y27F2A.10|Y27F2A.10,0,0
CELE_F29A7.2|fbxb-107,83,92
CELE_F29A7.1|fbxb-106,91,82
CELE_F29A7.9|F29A7.9,1,0
CELE_F08D12.6|fbxb-108,57,75
CELE_F08D12.15|F08D12.15,13,17
CELE_F08D12.7|F08D12.7,252,212
CELE_F08D12.8|fbxb-105,127,122
CELE_F08D12.9|sdz-10,117,176
CELE_F08D12.10|sdz-9,278,270
CELE_F08D12.11|fbxb-111,46,75
CELE_F08D12.3|F08D12.3,599,607
CELE_F08D12.2|F08D12.2,618,584
CELE_F08D12.12|F08D12.12,25,0
CELE_F08D12.1|srpa-72,4781,4214
CELE_K12H6.1|nhr-119,991,1295
CELE_K12H6.12|K12H6.12,172,202
CELE_K12H6.2|K12H6.2,268,230
CELE_K12H6.11|set-13,65,73
CELE_K12H6.3|fut-4,33,26
CELE_K12H6.6|K12H6.6,2783,2533
CELE_K12H6.7|K12H6.7,190,153
CELE_Y110A2AL.4|Y110A2AL.4,492,463
CELE_Y110A2AL.9|Y110A2AL.9,512,535
CELE_Y110A2AL.3|Y110A2AL.3,544,513
CELE_Y110A2AL.2|Y110A2AL.2,23,0
CELE_Y110A2AL.12|pigw-1,827,845
CELE_Y110A2AL.13|pinn-1,2668,2369
CELE_Y110A2AL.14|sqv-2,1897,2020
CELE_Y110A2AM.3|ubc-26,1349,1328
CELE_Y110A2AR.3|ncap-1,1438,1469
CELE_Y110A2AR.1|Y110A2AR.1,5509,4793
CELE_ZK355.2|ZK355.2,1588,1614
CELE_ZK355.3|ZK355.3,14,0
CELE_ZK355.8|ZK355.8,21,20
CELE_K08A2.5|nhr-88,1841,1938
CELE_K08A2.4|lido-7,803,713
CELE_K08A2.2|K08A2.2,41,30
CELE_K08A2.1|lido-8,1944,1960
CELE_C41H7.6|lido-9,2760,2655
CELE_C41H7.5|lido-10,418,413
CELE_C41H7.4|lido-11,624,640
CELE_C41H7.3|lido-12,1458,1503
CELE_C41H7.8|sdz-5,162,184
CELE_C41H7.9|C41H7.9,12,8
CELE_C41H7.2|C41H7.2,128,73
CELE_C41H7.7|clec-3,8574,2756
CELE_B0454.7|clec-2,7403,2117
CELE_B0454.6|B0454.6,600,523
CELE_B0454.5|B0454.5,150,133
CELE_B0454.9|lido-13,718,621
CELE_B0454.1|lin-8,556,523
CELE_Y25C1A.6|Y25C1A.6,380,268
CELE_Y25C1A.7|Y25C1A.7,3046,2635
CELE_Y25C1A.8|Y25C1A.8,1976,1660
CELE_Y25C1A.5|copb-1,11961,10429
CELE_Y25C1A.14|Y25C1A.14,164,180
CELE_Y25C1A.13|Y25C1A.13,2053,1760
CELE_Y25C1A.1|clec-123,165,46
CELE_T10D4.6|T10D4.6,1321,1289
CELE_T10D4.5|srh-71,64,28
CELE_T10D4.13|ins-19,820,461
CELE_T10D4.3|chil-24,249,319
CELE_Y27F2A.3|sri-40,1420,1212
CELE_Y27F2A.6|Y27F2A.6,48,56
CELE_Y27F2A.8|Y27F2A.8,141,115
CELE_C17F4.6|gcy-19,65,91
CELE_C17F4.13|C17F4.13,0,0
CELE_C17F4.5|fbxc-50,1601,1383
CELE_C17F4.2|C17F4.2,34,17
CELE_F02E11.2|nssp-14,112,92
CELE_F02E11.T1|F02E11.t1,0,0
CELE_F02E11.7|F02E11.7,51,40
CELE_F02E11.3|F02E11.3,13,25
CELE_F02E11.8|F02E11.8,0,0
CELE_F02E11.1|wht-4,64,0
CELE_F39E9.4|nep-13,48,0
CELE_F39E9.11|btb-17,230,221
CELE_F39E9.12|btb-18,0,0
CELE_F39E9.2|btb-16,597,585
CELE_F39E9.10|F39E9.10,190,235
CELE_F39E9.6|F39E9.6,0,0
CELE_F39E9.24|linc-10,0,0
CELE_F39E9.15|F39E9.15,0,0
CELE_F39E9.25|F39E9.25,0,0
CELE_F39E9.13|mir-260,0,0
CELE_F39E9.21|F39E9.21,0,0
CELE_F39E9.20|F39E9.20,0,0
CELE_F39E9.19|F39E9.19,0,0
CELE_F39E9.16|F39E9.16,0,0
CELE_F39E9.18|F39E9.18,0,0
CELE_F39E9.26|F39E9.26,0,0
CELE_F39E9.28|F39E9.28,144,151
CELE_F39E9.7|F39E9.7,193,140
CELE_F39E9.1|F39E9.1,451,163
CELE_Y46D2A.3|Y46D2A.3,0,0
CELE_F14D2.16|F14D2.16,0,0
CELE_F14D2.20|F14D2.20,23,0
CELE_F14D2.18|F14D2.18,0,0
CELE_F14D2.19|F14D2.19,35,30
CELE_Y46D2A.4|21ur-14766,0,0
CELE_Y46D2A.2|Y46D2A.2,1112,658
CELE_Y46D2A.1|Y46D2A.1,186,97
CELE_Y46D2A.6|Y46D2A.6,9,7
CELE_C17F4.7|C17F4.7,116909,74547
CELE_F14D2.14|F14D2.14,268,270
CELE_F14D2.8|F14D2.8,322,278
CELE_F14D2.5|F14D2.5,42,58
CELE_F14D2.11|F14D2.11,120,162
CELE_F14D2.15|F14D2.15,586,682
CELE_F14D2.13|bath-28,814,638
CELE_F14D2.12|bath-30,1553,1480
CELE_F14D2.4|bath-29,854,701
CELE_F14D2.2|lido-14,18,24
CELE_F14D2.1|bath-27,957,869
CELE_Y49F6C.5|bath-23,47,35
CELE_Y49F6C.8|Y49F6C.8,800,620
CELE_Y49F6C.10|21ur-8285,0,0
CELE_Y49F6C.9|21ur-14793,0,0
CELE_Y49F6C.11|linc-11,116,139
CELE_Y49F6C.4|bath-10,262,353
CELE_Y49F6C.1|bath-8,52,37
CELE_Y49F6C.2|Y49F6C.2,0,0
CELE_Y49F6C.3|bath-9,757,652
CELE_T06D4.6|T06D4.6,16,17
CELE_F18A12.4|nep-8,34,0
CELE_T06D4.1|T06D4.1,2551,2558
CELE_F18A12.7|F18A12.7,185,175
CELE_F18A12.9|F18A12.9,0,0
CELE_F18A12.8|nep-11,437,463
CELE_C16C8.27|C16C8.27,0,0
CELE_C16C8.22|C16C8.22,9,0
CELE_C16C8.23|C16C8.23,0,0
CELE_C16C8.18|C16C8.18,47,31
CELE_C16C8.2|skpo-2,251,132
CELE_C16C8.4|C16C8.4,851,764
CELE_C16C8.5|C16C8.5,550,485
CELE_C16C8.16|C16C8.16,1319,1435
CELE_C16C8.7|C16C8.7,0,0
CELE_C16C8.9|C16C8.9,0,0
CELE_Y49F6B.6|Y49F6B.6,0,0
CELE_Y49F6B.5|sdz-32,0,0
CELE_C16C8.13|gldi-6,177,163
CELE_C16C8.20|C16C8.20,85,51
CELE_C16C8.21|C16C8.21,32,27
CELE_C16C8.25|C16C8.25,76,90
CELE_C16C8.14|C16C8.14,406,361
CELE_C16C8.12|C16C8.12,309,324
CELE_C16C8.11|C16C8.11,521,470
CELE_Y49F6B.7|fbxb-104,175,217
CELE_Y49F6B.8|Y49F6B.8,31,24
CELE_Y49F6B.3|fbxb-112,16,22
CELE_Y49F6B.4|smu-2,4768,4694
CELE_Y49F6B.9|Y49F6B.9,1616,1330
CELE_Y49F6B.15|Y49F6B.15,0,0
CELE_Y49F6B.10|col-71,2382,592
CELE_W09G10.6|clec-125,249,81
CELE_W09G10.T1|W09G10.t1,0,0
CELE_W09G10.5|clec-126,35,23
CELE_W09G10.1|col-72,37,26
CELE_W09G10.9|W09G10.9,190,102
CELE_W09G10.7|W09G10.7,0,0
CELE_W09G10.8|W09G10.8,0,0
CELE_Y49F6B.18|linc-71,0,0
CELE_Y49F6B.19|Y49F6B.19,0,0
CELE_Y49F6B.16|Y49F6B.16,0,0
CELE_Y49F6B.17|Y49F6B.17,0,0
CELE_Y49F6B.2|Y49F6B.2,1024,1011
CELE_Y49F6B.1|cyh-1,1833,1589
CELE_W10G11.19|W10G11.19,473,379
CELE_W09G10.4|apd-3,4389,4414
CELE_W10G11.20|dnc-3,1471,1223
CELE_W10G11.11|clec-134,0,0
CELE_W10G11.22|21ur-14717,0,0
CELE_W10G11.10|srh-59,0,0
CELE_W10G11.9|srh-60,0,0
CELE_W10G11.8|W10G11.8,0,0
CELE_Y49F6A.9|linc-17,39,14
CELE_W10G11.16|lgc-45,383,262
CELE_W10G11.1|W10G11.1,26,51
CELE_W10G11.2|W10G11.2,33,201
CELE_W10G11.3|W10G11.3,74,100
CELE_Y49F6A.10|linc-68,15,14
CELE_Y49F6A.11|Y49F6A.11,37,26
CELE_Y49F6A.1|wago-11,100,109
CELE_Y49F6A.5|Y49F6A.5,124,92
CELE_F40E12.1|F40E12.1,0,0
CELE_F40E12.2|F40E12.2,52,0
CELE_M151.7|M151.7,1129,970
CELE_M151.4|M151.4,182,130
CELE_M151.5|fbxb-31,47,55
CELE_M151.3|M151.3,240,245
CELE_M151.9|M151.9,35,37
CELE_M151.2|M151.2,159,238
CELE_M151.10|M151.10,0,0
CELE_M151.1|M151.1,44,0
CELE_M151.8|fbxb-33,34,45
CELE_M151.6|fbxb-32,40,33
CELE_F19B10.4|F19B10.4,26,18
CELE_F19B10.5|F19B10.5,257,275
CELE_F19B10.13|F19B10.13,17,9
CELE_F19B10.8|srx-98,0,0
CELE_F19B10.9|sea-1,1088,1056
CELE_F19B10.2|F19B10.2,1067,827
CELE_F19B10.10|F19B10.10,1663,1491
CELE_F19B10.1|F19B10.1,449,340
CELE_F19B10.14|F19B10.14,11,13
CELE_F40H7.2|srx-108,0,0
CELE_C46E10.5|fbxc-53,51,24
CELE_C46E10.4|fbxc-52,901,805
CELE_C46E10.1|C46E10.1,70,22
CELE_C46E10.8|C46E10.8,149,147
CELE_C46E10.9|C46E10.9,282,229
CELE_F12E12.5|sdz-12,44,28
CELE_F12E12.4|bath-31,97,115
CELE_F12E12.6|F12E12.6,149,153
CELE_F12E12.3|F12E12.3,54,45
CELE_F12E12.2|F12E12.2,0,0
CELE_F12E12.1|F12E12.1,869,844
CELE_F12E12.11|nta-1,142,122
CELE_F12E12.9|fbxb-92,129,101
CELE_F12E12.10|fbxb-90,137,82
CELE_F12E12.8|fbxb-91,378,275
CELE_F12E12.7|sdz-11,40,85
CELE_T24E12.12|T24E12.12,0,0
CELE_T24E12.5|rcd-1,321,365
CELE_T24E12.14|T24E12.14,0,0
CELE_T24E12.3|T24E12.3,0,0
CELE_T24E12.10|T24E12.10,118,160
CELE_T24E12.11|T24E12.11,269,220
CELE_T24E12.13|T24E12.13,43,40
CELE_T24E12.1|T24E12.1,472,417
CELE_Y8A9A.4|Y8A9A.4,0,0
CELE_Y8A9A.2|Y8A9A.2,120,228
CELE_F54D10.10|F54D10.10,175,151
CELE_F54D10.4|F54D10.4,134,96
CELE_F54D10.5|F54D10.5,1781,1496
CELE_F54D10.3|lido-15,225,321
CELE_F54D10.6|fbxa-146,184,287
CELE_F54D10.2|fbxa-24,693,1092
CELE_F54D10.7|F54D10.7,821,673
CELE_F54D10.1|skr-15,571,473
CELE_C17A2.2|gtnt-9,0,0
CELE_C17A2.1|nhr-257,27,0
CELE_C49D10.9|nhr-261,0,0
CELE_C49D10.11|sdz-7,50,67
CELE_F53C3.8|F53C3.8,12,24
CELE_F53C3.7|F53C3.7,0,0
CELE_F53C3.6|F53C3.6,188,172
CELE_F53C3.5|F53C3.5,17,34
CELE_F53C3.4|F53C3.4,104,110
CELE_F53C3.3|F53C3.3,76,67
CELE_F53C3.11|F53C3.11,84,58
CELE_F53C3.1|F53C3.1,21,0
CELE_F53C3.2|fbxb-103,288,234
CELE_F53C3.12|bcmo-2,1449,699
CELE_F53C3.13|plpp-1.1,5877,6165
CELE_Y14H12B.2|Y14H12B.2,3276,4011
CELE_Y14H12B.1|Y14H12B.1,3610,3444
CELE_K10G6.2|dos-2,33,17
CELE_Y14H12A.2|Y14H12A.2,33,49
CELE_K10G6.6|K10G6.6,0,0
CELE_K10G6.5|K10G6.5,0,11
CELE_K10G6.1|lin-31,50,24
CELE_Y14H12A.4|Y14H12A.4,23,20
CELE_Y14H12A.5|clc-22,20,0
CELE_Y14H12A.1|Y14H12A.1,324,298
CELE_K07D4.6|K07D4.6,33,36
CELE_K07D4.9|nssp-15,207,209
CELE_K07D4.4|K07D4.4,29,27
CELE_K10G6.10|K10G6.10,0,0
CELE_K10G6.3|sea-2,4917,4335
CELE_K10G6.9|K10G6.9,23,12
CELE_K10G6.4|cank-26,86,47
CELE_Y14H12A.3|Y14H12A.3,0,0
CELE_K07D4.7|ephx-1,1780,1822
CELE_K07D4.1|K07D4.1,193,191
CELE_W06A11.4|W06A11.4,159,159
CELE_W06A11.5|anr-41,0,0
CELE_W06A11.2|gadr-4,136,101
CELE_W06A11.3|fbxb-118,52,74
CELE_R11F4.2|R11F4.2,42,23
CELE_W06A11.1|W06A11.1,334,361
CELE_K07D4.8|pqn-48,332,285
CELE_K07D4.3|rpn-11,11479,10946
CELE_R11F4.1|R11F4.1,2736,2474
CELE_T08H4.1|rhgf-2,1229,1147
CELE_T08H4.7|T08H4.7,0,0
CELE_T08H4.8|T08H4.8,0,0
CELE_T08H4.6|T08H4.6,0,0
CELE_T08H4.5|21ur-15129,0,0
CELE_T08H4.4|21ur-13771,0,0
CELE_T08H4.3|ast-1,199,235
CELE_F56D3.1|F56D3.1,871,299
CELE_R03H10.12|R03H10.12,0,29
CELE_R03H10.2|R03H10.2,757,532
CELE_R03H10.7|R03H10.7,40,0
CELE_R03H10.1|R03H10.1,274,339
CELE_R03H10.11|R03H10.11,99,74
CELE_F31D5.6|F31D5.6,30,32
CELE_F31D5.7|F31D5.7,50,66
CELE_F31D5.1|F31D5.1,23,21
CELE_F31D5.2|F31D5.2,334,283
CELE_F31D5.3|cpna-1,2362,2238
CELE_F31D5.4|mth-2,242,190
CELE_F31D5.5|mth-1,752,467
CELE_C16A11.5|C16A11.5,1305,1287
CELE_C16A11.10|C16A11.10,339,440
CELE_C16A11.4|C16A11.4,3113,3120
CELE_C16A11.3|C16A11.3,490,718
CELE_C16A11.9|fbxc-43,152,178
CELE_C16A11.6|fbxc-44,1922,1702
CELE_C16A11.1|gpa-11,0,0
CELE_C16A11.8|clec-135,0,0
CELE_C16A11.7|C16A11.7,40,0
CELE_C01F1.4|npr-42,60,46
CELE_C16A11.2|C16A11.2,2734,2713
CELE_C01F1.5|C01F1.5,118,32
CELE_B0286.1|B0286.1,350,278
CELE_B0286.5|fkh-6,145,202
CELE_ZK430.8|mlt-7,1701,1659
CELE_ZK430.3|sod-5,23,39
CELE_ZK430.5|ZK430.5,446,382
CELE_ZK430.2|bpnt-1,2022,1845
CELE_ZK430.7|dcaf-13,3077,3218
CELE_C01F1.8|C01F1.8,0,0
CELE_C01F1.7|C01F1.7,0,0
CELE_Y52E8A.4|plep-1,0,0
CELE_Y52E8A.7|Y52E8A.7,0,0
CELE_Y52E8A.5|srw-40,0,0
CELE_Y52E8A.1|Y52E8A.1,0,0
CELE_H20J04.7|H20J04.7,0,0
CELE_B0286.2|lat-2,153,150
CELE_B0286.9|B0286.9,0,0
CELE_B0286.8|B0286.8,0,0
CELE_B0286.7|mir-1830,0,0
CELE_C01F1.6|C01F1.6,4817,4541
CELE_C01F1.3|rml-4,1229,1084
CELE_C01F1.2|sco-1,1255,1175
CELE_C01F1.1|gtf-2F1,4656,4194
CELE_Y52E8A.3|nxnr-1,585,152
CELE_Y52E8A.2|Y52E8A.2,1266,1052
CELE_H20J04.6|H20J04.6,1255,1234
CELE_H20J04.8|mog-2,4281,3704
CELE_H20J04.5|pfd-2,1705,1632
CELE_H20J04.4|H20J04.4,760,934
CELE_H20J04.3|madf-3,3279,2996
CELE_H20J04.2|athp-2,4864,4511
CELE_H20J04.9|H20J04.9,530,631
CELE_B0286.3|paic-1,1282,1139
CELE_B0286.4|ntl-2.1,6755,6763
CELE_T12C9.6|nhr-16,92,121
CELE_T12C9.5|nhr-109,331,266
CELE_T12C9.1|nhr-273,30,27
CELE_ZK430.1|toe-1,5079,5374
CELE_T12C9.3|twk-2,163,136
CELE_T12C9.10|T12C9.10,0,0
CELE_T12C9.9|T12C9.9,0,0
CELE_T12C9.7|T12C9.7,1350,1363
CELE_W06B4.3|vps-18,2132,2046
CELE_T05C1.1|T05C1.1,62,77
CELE_T05C1.2|T05C1.2,28,13
CELE_T05C1.3|T05C1.3,40,0
CELE_W06B4.2|W06B4.2,1343,1236
CELE_W06B4.1|W06B4.1,8594,7978
CELE_B0304.10|B0304.10,0,0
CELE_B0304.3|cyp-23A1,99,33
CELE_T05C1.7|T05C1.7,0,0
CELE_T05C1.4|camt-1,2186,2464
CELE_B0304.1|hlh-1,439,457
CELE_B0304.4|B0304.4,750,637
CELE_B0304.6|sra-33,17,22
CELE_B0304.9|sra-36,0,0
CELE_B0304.2|B0304.2,2006,1946
CELE_B0304.8|sra-35,22,0
CELE_K07E1.1|K07E1.1,967,1053
CELE_M03A1.3|M03A1.3,104,83
CELE_M03A1.8|M03A1.8,144,146
CELE_M03A1.7|dbd-2,3168,2202
CELE_F35D11.4|F35D11.4,873,879
CELE_F35D11.3|F35D11.3,1167,1404
CELE_F35D11.2|pqn-35,493,352
CELE_F35D11.10|clec-139,43,27
CELE_F35D11.1|F35D11.1,20,19
CELE_F35D11.11|che-10,1372,541
CELE_M03A1.1|vab-1,10404,10616
CELE_M03A1.6|ipla-1,7066,7594
CELE_F35D11.5|coa-3,888,715
CELE_T05A7.13|T05A7.13,122,88
CELE_T05A7.11|T05A7.11,123,102
CELE_Y74E4A.1|lgc-27,504,272
CELE_T05A7.5|fut-6,586,244
CELE_T05A7.6|T05A7.6,154,52
CELE_T05A7.2|clec-140,302,86
CELE_T05A7.4|hmg-11,2537,2395
CELE_F10G7.12|F10G7.12,9,0
CELE_F10G7.6|F10G7.6,0,0
CELE_T05A7.1|T05A7.1,1162,1134
CELE_T05A7.7|T05A7.7,65,42
CELE_F10G7.5|F10G7.5,1107,1092
CELE_F10G7.8|rpn-5,14962,13824
CELE_F10G7.4|scc-1,3633,3534
CELE_F10G7.3|unc-85,3713,3733
CELE_F10G7.9|F10G7.9,5164,4853
CELE_F10G7.11|ttr-41,2917,2728
CELE_F41C3.7|F41C3.7,8,15
CELE_F41C3.11|F41C3.11,360,246
CELE_F10G7.2|tsn-1,27448,23769
CELE_F10G7.1|tag-151,5789,5908
CELE_F10G7.10|F10G7.10,4708,4231
CELE_F41C3.8|F41C3.8,183,181
CELE_F41C3.5|ctsa-1.1,18993,15970
CELE_F41C3.4|eas-1,1618,1449
CELE_F41C3.1|F41C3.1,25,20
CELE_F41C3.3|acs-11,3093,3374
CELE_F41C3.2|F41C3.2,332,318
CELE_C27D9.1|C27D9.1,4468,4133
CELE_C27D9.2|C27D9.2,14,0
CELE_F26G1.5|dbd-3,209,75
CELE_F26G1.9|dbd-4,27,0
CELE_F26G1.2|F26G1.2,249,272
CELE_F26G1.4|ttm-2,726,697
CELE_F26G1.10|F26G1.10,16,9
CELE_F26G1.13|F26G1.13,0,0
CELE_F26G1.12|F26G1.12,0,0
CELE_F26G1.6|nep-12,163,62
CELE_F26G1.11|F26G1.11,16,0
CELE_F26G1.8|msp-42,18,6
CELE_F26G1.7|msp-3,221,72
CELE_F26G1.15|F26G1.15,6,17
CELE_C33F10.18|C33F10.18,0,0
CELE_C33F10.7|lact-5,416,397
CELE_C33F10.8|C33F10.8,38,0
CELE_C33F10.9|msp-40,581,187
CELE_C33F10.13|fbxb-88,304,322
CELE_C33F10.16|C33F10.16,0,0
CELE_C33F10.17|C33F10.17,0,0
CELE_C33F10.15|C33F10.15,0,0
CELE_C33F10.19|C33F10.19,0,0
CELE_C33F10.22|C33F10.22,0,0
CELE_C33F10.23|C33F10.23,0,0
CELE_C33F10.24|C33F10.24,0,0
CELE_C33F10.21|C33F10.21,0,0
CELE_F26G1.1|F26G1.1,4467,4301
CELE_C33F10.4|C33F10.4,1280,1066
CELE_C33F10.14|htip-2,1629,1489
CELE_C33F10.5|rig-6,1689,1273
CELE_C33F10.2|tbck-1,1274,1265
CELE_C33F10.11|C33F10.11,105,37
CELE_C33F10.1|C33F10.1,248,75
CELE_C33F10.12|C33F10.12,132,53
CELE_T23B7.2|T23B7.2,15,0
CELE_T23B7.1|nspd-4,153,48
CELE_T23B7.3|nssp-16,81,78
CELE_F11G11.8|nspd-5,266,69
CELE_F11G11.4|F11G11.4,25,21
CELE_F11G11.9|mpst-4,64,16
CELE_F11G11.14|F11G11.14,13,0
CELE_F11G11.7|dnj-9,2609,2700
CELE_F11G11.5|F11G11.5,3436,3867
CELE_F11G11.15|F11G11.15,24,19
CELE_F11G11.13|F11G11.13,13,0
CELE_F11G11.3|gst-6,2358,1091
CELE_F11G11.10|col-17,1776,379
CELE_F11G11.11|col-20,46807,42182
CELE_F11G11.12|col-73,5640,1430
CELE_F11G11.2|gst-7,11796,7971
CELE_F11G11.1|gst-8,22,11
CELE_R05F9.6|pgm-1,10475,9053
CELE_R05F9.5|gst-9,17,26
CELE_R05F9.8|msp-33,505,146
CELE_R05F9.9|R05F9.9,2146,2124
CELE_R05F9.10|sgt-1,8393,7702
CELE_R05F9.15|R05F9.15,0,0
CELE_R05F9.1|btbd-10,6006,6649
CELE_R05F9.11|snpc-1.4,441,534
CELE_F59A6.2|F59A6.2,22,0
CELE_ZK546.20|ZK546.20,0,0
CELE_ZK546.19|ZK546.19,0,0
CELE_T27F7.8|T27F7.8,0,0
CELE_T27F7.9|T27F7.9,0,0
CELE_T27F7.11|T27F7.11,0,0
CELE_T27F7.5|T27F7.5,0,0
CELE_T27F7.7|T27F7.7,0,0
CELE_T27F7.2|shc-2,1062,1026
CELE_T27F7.6|T27F7.6,0,0
CELE_T27F7.10|T27F7.10,0,0
CELE_F59A6.11|F59A6.11,0,0
CELE_F59A6.3|F59A6.3,0,0
CELE_R05F9.12|aagr-2,11002,7387
CELE_R05F9.13|msp-31,685,323
CELE_ZK546.7|ZK546.7,31,0
CELE_ZK546.6|msp-152,727,242
CELE_ZK546.11|gst-30,43,31
CELE_ZK546.5|ZK546.5,2566,2280
CELE_ZK546.4|ZK546.4,31,9
CELE_ZK546.17|cblc-1,1840,1993
CELE_ZK546.3|ZK546.3,29,0
CELE_ZK546.13|mdt-4,3392,3398
CELE_ZK546.14|gldi-11,4674,4655
CELE_ZK546.2|ZK546.2,4519,4310
CELE_ZK546.15|try-1,2412,2226
CELE_ZK546.1|zyg-12,8663,7771
CELE_Y38A8.1|ndx-3,534,409
CELE_Y38A8.2|pbs-3,9119,7637
CELE_Y38A8.3|ulp-2,5973,5818
CELE_T27F7.3|eif-1,7453,6969
CELE_T27F7.4|pigb-1,1290,1366
CELE_T27F7.1|vps-24,3616,3250
CELE_F59A6.6|rnh-1.0,1863,1275
CELE_F59A6.5|citk-2,8083,7620
CELE_F59A6.4|F59A6.4,81,0
CELE_F59A6.12|F59A6.12,810,715
CELE_F59A6.8|msp-71,47,7
CELE_F33G12.T1|F33G12.t1,0,0
CELE_F59A6.1|nsy-1,4428,4952
CELE_F33G12.2|wdr-83,1239,1451
CELE_F33G12.3|F33G12.3,2685,2401
CELE_F33G12.4|lrr-1,4045,3604
CELE_F33G12.5|golg-2,6828,6374
CELE_F33G12.7|F33G12.7,450,539
CELE_C27A2.4|pho-12,53,26
CELE_F33G12.8|F33G12.8,0,0
CELE_C27A2.10|C27A2.10,0,0
CELE_C27A2.T1|C27A2.t1,0,0
CELE_F33G12.6|F33G12.6,1242,1232
CELE_C27A2.3|ify-1,8146,8227
CELE_C27A2.2|rpl-22,28754,26154
CELE_C27A2.12|C27A2.12,43,67
CELE_C27A2.11|C27A2.11,0,0
CELE_C27A2.5|idpb-2,12,0
CELE_C27A2.1|smc-5,9651,9176
CELE_C27A2.8|C27A2.8,43,19
CELE_C27A2.6|dsh-2,6397,6250
CELE_C04G6.15|C04G6.15,37,62
CELE_C04G6.6|C04G6.6,65,51
CELE_C04G6.7|idpb-3,15,13
CELE_C04G6.10|idpb-1,14,0
CELE_F09C12.2|F09C12.2,45,18
CELE_F09C12.8|F09C12.8,98,39
CELE_C04G6.12|C04G6.12,0,0
CELE_C04G6.1|mpk-2,803,432
CELE_F09C12.7|msp-74,4,5
CELE_F09C12.6|srsy-1,0,0
CELE_F09C12.1|lgc-56,71,55
CELE_F58A6.4|nas-29,37,0
CELE_F58A6.12|F58A6.12,4,0
CELE_C04G6.14|C04G6.14,0,0
CELE_C04G6.4|C04G6.4,1728,1643
CELE_C04G6.3|pld-1,6355,6633
CELE_C04G6.5|txt-9,45,28
CELE_C04G6.2|C04G6.2,176,34
CELE_F58A6.5|F58A6.5,40,34
CELE_F58A6.1|F58A6.1,853,726
CELE_F58A6.6|srb-16,25,33
CELE_F58A6.11|srb-13,0,0
CELE_F58A6.8|msp-45,439,137
CELE_F58A6.9|F58A6.9,88,33
CELE_C27D6.11|C27D6.11,58,21
CELE_C27D6.13|C27D6.13,0,0
CELE_C27D6.9|srb-2,0,0
CELE_C27D6.1|C27D6.1,0,0
CELE_C27D6.12|pugs-1,215,202
CELE_C27D6.3|C27D6.3,134,41
CELE_C34F11.6|msp-49,356,99
CELE_C34F11.5|C34F11.5,141,45
CELE_C34F11.4|msp-50,440,95
CELE_C34F11.18|C34F11.18,0,0
CELE_C27D6.4|crh-2,5646,4312
CELE_C34F11.2|C34F11.2,38,9
CELE_C34F11.1|C34F11.1,31,0
CELE_C34F11.3|ampd-1,4319,4697
CELE_C34F11.8|C34F11.8,414,361
CELE_C34F11.10|C34F11.10,0,0
CELE_C34F11.11|C34F11.11,2,0
CELE_EGAP2.2|EGAP2.2,19,32
CELE_C34F11.12|C34F11.12,0,0
CELE_C34F11.15|C34F11.15,0,0
CELE_C34F11.14|C34F11.14,0,0
CELE_C34F11.9|dsh-1,2320,2065
CELE_C54A12.2|frpr-4,45,35
CELE_C54A12.1|ptr-6,361,293
CELE_C54A12.4|drn-1,105,157
CELE_T16D1.T1|T16D1.t1,0,0
CELE_EGAP2.1|EGAP2.1,593,498
CELE_EGAP2.3|pho-1,1834,773
CELE_T16D1.3|linc-49,7,0
CELE_T16D1.2|pho-4,408,475
CELE_ZK622.5|ZK622.5,83,68
CELE_ZK622.4|ZK622.4,112,105
CELE_ZK622.1|ZK622.1,40,0
CELE_F08B1.2|gcy-12,2034,1778
CELE_ZK622.3|pmt-1,22663,20311
CELE_F09E5.14|nssp-17,329,274
CELE_F08B1.7|anr-54,0,0
CELE_F08B1.8|F08B1.8,0,0
CELE_F08B1.1|vhp-1,2482,2399
CELE_F09E5.4|srg-69,0,0
CELE_F09E5.11|F09E5.11,1378,1377
CELE_F09E5.9|F09E5.9,81,70
CELE_F09E5.10|F09E5.10,624,671
CELE_F09E5.8|F09E5.8,1243,1163
CELE_F09E5.7|F09E5.7,3522,3320
CELE_F09E5.20|F09E5.20,0,0
CELE_F09E5.17|bmy-1,2078,2089
CELE_F09E5.5|sec-6,4096,3797
CELE_F09E5.16|nssp-18,161,169
CELE_F09E5.12|F09E5.12,49,24
CELE_F09E5.13|agt-2,1219,1186
CELE_F09E5.3|F09E5.3,3499,2924
CELE_F09E5.2|algn-2,2235,2215
CELE_F09E5.15|prdx-2,52499,36080
CELE_EEED8.10|fbxl-3,4529,4093
CELE_EEED8.6|ccpp-6,0,0
CELE_F09E5.1|pkc-3,6226,6136
CELE_EEED8.7|rsp-4,8749,7618
CELE_EEED8.8|ndx-6,1030,918
CELE_EEED8.16|brap-2,3458,3321
CELE_EEED8.9|pink-1,3378,3140
CELE_EEED8.12|EEED8.12,433,393
CELE_EEED8.4|EEED8.4,439,388
CELE_EEED8.11|clec-141,0,0
CELE_EEED8.5|mog-5,7821,8049
CELE_EEED8.13|EEED8.13,241,278
CELE_EEED8.18|EEED8.18,41,20
CELE_EEED8.14|EEED8.14,1145,1104
CELE_EEED8.2|EEED8.2,745,755
CELE_EEED8.3|EEED8.3,5820,4848
CELE_EEED8.19|EEED8.19,0,0
CELE_EEED8.15|EEED8.15,1762,1591
CELE_EEED8.1|tofu-6,4248,4342
CELE_F07F6.7|F07F6.7,116,66
CELE_F07F6.2|F07F6.2,27,21
CELE_F07F6.5|dct-5,80,36
CELE_F07F6.10|F07F6.10,0,0
CELE_F07F6.1|F07F6.1,104,27
CELE_F56D1.6|cex-1,180,259
CELE_F56D1.9|F56D1.9,0,0
CELE_F56D1.5|dhs-5,669,556
CELE_F07F6.8|F07F6.8,3228,3207
CELE_F07F6.4|rfgp-2,5166,4689
CELE_F56D1.7|daz-1,15011,15049
CELE_F56D1.4|clr-1,7080,7254
CELE_F56D1.17|F56D1.17,2,1
CELE_F12A10.4|nep-5,33,0
CELE_F12A10.6|F12A10.6,0,0
CELE_F12A10.1|F12A10.1,592,542
CELE_F56D1.3|mrps-16,1886,1897
CELE_F56D1.2|ilcr-2,3926,3393
CELE_F56D1.1|F56D1.1,3494,3436
CELE_F12A10.5|cal-8,35,23
CELE_ZK177.3|ZK177.3,0,0
CELE_ZK177.10|tbx-35,0,17
CELE_ZK177.2|ZK177.2,187,225
CELE_C17C3.7|hlh-25,23,20
CELE_C17C3.11|C17C3.11,0,0
CELE_C17C3.10|hlh-27,75,41
CELE_ZK177.1|ZK177.1,1518,1292
CELE_C17C3.18|ins-13,0,0
CELE_C17C3.12|acdh-2,0,0
CELE_C17C3.5|C17C3.5,7,0
CELE_C17C3.19|ins-12,0,9
CELE_C17C3.4|ins-11,43,18
CELE_C17C3.3|C17C3.3,21,24
CELE_T25E4.1|T25E4.1,118,47
CELE_C17G10.3|C17G10.3,42,0
CELE_C17C3.1|C17C3.1,1138,913
CELE_C17C3.15|C17C3.15,225,205
CELE_F12A10.9|F12A10.9,11,0
CELE_F12A10.8|F12A10.8,1102,1046
CELE_ZK177.6|fzy-1,11624,10555
CELE_ZK177.5|cyp-44A1,1880,2121
CELE_ZK177.4|npp-24,3045,2791
CELE_ZK177.8|sahd-1,5208,4323
CELE_C17G10.6|C17G10.6,0,0
CELE_C17G10.7|C17G10.7,84,67
CELE_C17G10.5|lys-8,27998,16462
CELE_C17G10.13|C17G10.13,1158,1134
CELE_C17G10.4|cdc-14,8776,9403
CELE_C17G10.2|ttc-4,1756,1983
CELE_C17G10.1|C17G10.1,3928,4087
CELE_C17G10.10|spig-18,12,0
CELE_C17G10.8|dhs-6,4743,4676
CELE_C17G10.9|eif-3.L,9587,9331
CELE_F59E12.5|npl-4.2,5591,6230
CELE_F59E12.15|F59E12.15,579,378
CELE_F59E12.16|F59E12.16,310,590
CELE_F59E12.6_4|F59E12.6,3029,2852
CELE_F59E12.6_2|F59E12.6,266,109
CELE_F59E12.6|F59E12.6,20,8
CELE_F59E12.4|npl-4.1,6373,5928
CELE_F59E12.14|F59E12.14,0,0
CELE_F59E12.9|F59E12.9,8603,9128
CELE_F59E12.10|ddl-1,824,800
CELE_F59E12.11|sam-4,2633,2739
CELE_F59E12.17|F59E12.17,1100,992
CELE_F59E12.2|zyg-1,3862,3708
CELE_F59E12.12|bli-2,757,84
CELE_F59E12.1|F59E12.1,6973,6862
CELE_F21H12.2|F21H12.2,0,0
CELE_F21H12.5|fbf-2,756,798
CELE_F21H12.10|anr-22,0,0
CELE_C29H12.3|rgs-3,103,78
CELE_F21H12.1|rbbp-5,3313,2927
CELE_C29H12.5|heri-1,1011,1048
CELE_C29H12.11|C29H12.11,0,0
CELE_C29H12.6|C29H12.6,400,368
CELE_F21H12.7|nspg-3,26,0
CELE_F21H12.6|tpp-2,16080,15214
CELE_C29H12.7|C29H12.7,0,0
CELE_C29H12.8|C29H12.8,0,0
CELE_C29H12.9|C29H12.9,0,0
CELE_F57F10.2|F57F10.2,0,0
CELE_F57F10.3|F57F10.3,0,0
CELE_F57F10.4|F57F10.4,0,0
CELE_F57F10.6|F57F10.6,0,0
CELE_F57F10.5|F57F10.5,0,0
CELE_F57F10.1|abts-3,548,505
CELE_H35N03.1|exp-1,26,30
CELE_F40H3.5|hst-3.1,71,66
CELE_F40H3.10|F40H3.10,0,0
CELE_F40H3.13|F40H3.13,0,0
CELE_F40H3.3|F40H3.3,21,33
CELE_F40H3.2|spig-17,75,53
CELE_F40H3.12|F40H3.12,0,0
CELE_C29H12.2|C29H12.2,9437,9203
CELE_C29H12.1|rars-2,2790,2903
CELE_F40H3.14|F40H3.14,0,0
CELE_F40H3.8|F40H3.8,0,0
CELE_F40H3.1|F40H3.1,1066,1039
CELE_F40H3.6|F40H3.6,299,347
CELE_F40H3.4|fkh-8,90,69
CELE_C30B5.3|cpb-2,77,31
CELE_C30B5.4|rbmx-2,2271,2177
CELE_C30B5.2|C30B5.2,3619,3361
CELE_C25H3.6|mdt-26,5129,5332
CELE_C25H3.11|vps-13D,6232,5985
CELE_C25H3.19|C25H3.19,0,0
CELE_C25H3.20|C25H3.20,0,4
CELE_C25H3.10|C25H3.10,570,858
CELE_C18A3.14|C18A3.14,0,0
CELE_C18A3.12|C18A3.12,0,0
CELE_C18A3.24|C18A3.24,0,0
CELE_C18A3.5|tiar-1,10142,9762
CELE_C18A3.9|lelo-4,0,0
CELE_C18A3.17|C18A3.17,0,0
CELE_C18A3.13|C18A3.13,0,0
CELE_C18A3.16|C18A3.16,0,0
CELE_C18A3.18|C18A3.18,0,0
CELE_C18A3.20|C18A3.20,0,0
CELE_C18A3.11|C18A3.11,0,0
CELE_C18A3.22|C18A3.22,0,0
CELE_C18A3.23|C18A3.23,0,0
CELE_C18A3.15|C18A3.15,0,0
CELE_C18A3.19|C18A3.19,0,0
CELE_F10C1.10|21ur-13630,0,0
CELE_F10C1.14|F10C1.14,0,0
CELE_F10C1.20|F10C1.20,0,0
CELE_F10C1.19|F10C1.19,0,0
CELE_F10C1.13|F10C1.13,0,0
CELE_F10C1.11|F10C1.11,0,0
CELE_F10C1.12|F10C1.12,0,0
CELE_F10C1.21|linc-122,0,0
CELE_F10C1.15|F10C1.15,0,0
CELE_F10C1.18|F10C1.18,0,0
CELE_F10C1.T2|F10C1.t2,0,4
CELE_F10C1.17|F10C1.17,0,0
CELE_F10C1.1|F10C1.1,0,0
CELE_F10C1.16|F10C1.16,0,0
CELE_K05F1.6|K05F1.6,485,468
CELE_K05F1.13|K05F1.13,0,0
CELE_K05F1.12|K05F1.12,0,0
CELE_ZK1248.7|wago-5,0,0
CELE_ZK1248.4|ZK1248.4,0,0
CELE_ZK1248.21|ZK1248.21,0,0
CELE_ZK1248.18|sls-2.1,0,0
CELE_ZK1248.17|ZK1248.17,0,0
CELE_H41C03.2|H41C03.2,0,0
CELE_F55C12.11|F55C12.11,0,0
CELE_F55C12.9|F55C12.9,0,0
CELE_F55C12.16|F55C12.16,0,0
CELE_F55C12.2|F55C12.2,0,0
CELE_F55C12.17|F55C12.17,0,0
CELE_F55C12.14|F55C12.14,0,0
CELE_F55C12.12|F55C12.12,0,0
CELE_F55C12.13|F55C12.13,0,0
CELE_F55C12.8|F55C12.8,0,0
CELE_F55C12.10|F55C12.10,0,0
CELE_F55C12.1|rfip-1,1697,1491
CELE_F55C12.18|F55C12.18,0,0
CELE_F59G1.13|F59G1.13,0,0
CELE_F59G1.12|F59G1.12,0,0
CELE_F59G1.10|F59G1.10,0,0
CELE_F59G1.11|F59G1.11,0,0
CELE_F59G1.14|F59G1.14,0,0
CELE_F28B12.5|F28B12.5,0,0
CELE_F28B12.4|21ur-12994,0,1
CELE_F28B12.1|F28B12.1,43,69
CELE_B0034.2|B0034.2,0,0
CELE_B0034.17|B0034.17,0,0
CELE_B0034.12|B0034.12,0,0
CELE_B0034.14|B0034.14,0,0
CELE_B0034.10|B0034.10,0,0
CELE_B0034.15|B0034.15,0,0
CELE_B0034.11|B0034.11,0,0
CELE_B0034.9|B0034.9,0,0
CELE_B0034.16|B0034.16,0,0
CELE_B0034.8|B0034.8,0,0
CELE_B0034.6|mir-261,0,0
CELE_B0034.13|B0034.13,0,0
CELE_ZK75.5|21ur-13598,0,0
CELE_ZK84.14|ZK84.14,0,0
CELE_ZK84.7|ins-20,0,13
CELE_ZK84.12|ZK84.12,0,0
CELE_ZK84.8|mir-1822,0,0
CELE_ZK84.13|ZK84.13,0,0
CELE_ZK84.11|ZK84.11,0,0
CELE_ZK84.10|ZK84.10,0,0
CELE_ZK84.9|ZK84.9,0,0
CELE_R12C12.11|R12C12.11,0,0
CELE_R12C12.12|R12C12.12,0,0
CELE_R12C12.13|R12C12.13,0,0
CELE_H12I13.3|H12I13.3,0,0
CELE_H12I13.5|H12I13.5,0,0
CELE_F21H12.3|F21H12.3,0,0
CELE_F21H12.9|F21H12.9,0,0
CELE_F21H12.8|F21H12.8,0,0
CELE_F59E12.13|fut-3,3851,3730
CELE_C25H3.12|ift-43,472,439
CELE_C25H3.15|C25H3.15,9,0
CELE_C25H3.16|C25H3.16,7,0
CELE_C25H3.7|C25H3.7,3143,2845
CELE_C25H3.17|C25H3.17,636,412
CELE_C25H3.5|flp-27,246,218
CELE_C25H3.18|C25H3.18,92,0
CELE_C25H3.9|ndub-5,9131,7669
CELE_C25H3.4|eif-2D,2791,2467
CELE_C25H3.3|C25H3.3,1053,881
CELE_C25H3.14|C25H3.14,685,620
CELE_C18A3.4|osta-2,811,725
CELE_C18A3.10|C18A3.10,74,40
CELE_C18A3.3|C18A3.3,3482,3278
CELE_C18A3.2|zipt-3,1535,1498
CELE_C18A3.1|damt-1,779,820
CELE_C18A3.6|rab-3,347,380
CELE_C18A3.7|C18A3.7,18,15
CELE_C18A3.8|hlh-14,362,317
CELE_F10C1.9|F10C1.9,624,542
CELE_F10C1.7|ifb-2,7408,5976
CELE_F10C1.8|F10C1.8,199,223
CELE_F10C1.3|F10C1.3,48,7
CELE_F10C1.23|F10C1.23,31,7
CELE_F10C1.2|ifb-1,6850,4997
CELE_F10C1.5|dmd-5,180,129
CELE_F10C1.22|linc-44,8,0
CELE_F10C1.T1|F10C1.t1,2,3
CELE_K05F1.5|lect-2,747,625
CELE_K05F1.3|acdh-8,195,45
CELE_K05F1.7|msp-63,15,0
CELE_K05F1.2|msp-142,233,60
CELE_K05F1.9|K05F1.9,96,44
CELE_K05F1.10|K05F1.10,584,575
CELE_ZK1248.6|msp-64,408,110
CELE_ZK1248.5|ZK1248.5,55,0
CELE_ZK1248.3|ehs-1,3292,3623
CELE_ZK1248.10|tbc-2,6782,6607
CELE_ZK1248.11|ZK1248.11,1549,1431
CELE_ZK1248.13|gtap-1,3404,3516
CELE_ZK1248.2|col-74,1383,746
CELE_ZK1248.14|fzo-1,3943,3860
CELE_ZK1248.15|ZK1248.15,2691,2585
CELE_ZK1248.19|ZK1248.19,406,441
CELE_ZK1248.16|lec-5,7930,6405
CELE_H41C03.3|H41C03.3,589,378
CELE_H41C03.1|H41C03.1,479,425
CELE_F55C12.4|F55C12.4,68,52
CELE_F55C12.7|tag-234,998,1333
CELE_F55C12.19|F55C12.19,118,185
CELE_F55C12.5|tex-2,7508,7289
CELE_F55C12.6|F55C12.6,25,26
CELE_F55C12.15|F55C12.15,12,0
CELE_F59G1.4|F59G1.4,93,76
CELE_F59G1.6|lin-4,3,2
CELE_F59G1.8|egc-3,1099,1015
CELE_F59G1.3|vps-35,6584,6874
CELE_F59G1.1|cgt-3,7077,7100
CELE_F59G1.9|21ur-12205,1,1
CELE_F59G1.7|frh-1,692,632
CELE_F59G1.5|ptp-2,5277,5109
CELE_F28B12.3|vrk-1,6414,6364
CELE_F28B12.2|egl-44,2157,1690
CELE_B0034.3|casy-1,2998,3079
CELE_B0034.7|B0034.7,18,20
CELE_B0034.1|B0034.1,47,48
CELE_B0034.5|B0034.5,29,21
CELE_ZK75.2|ins-2,91,119
CELE_ZK75.3|ins-3,65,51
CELE_ZK75.1|ins-4,349,288
CELE_ZK84.3|ins-5,51,46
CELE_ZK84.6|ins-6,48,54
CELE_ZK84.2|ZK84.2,71,54
CELE_ZK84.5|ZK84.5,23,8
CELE_ZK84.1|ZK84.1,549,220
CELE_R12C12.9|R12C12.9,552,423
CELE_R12C12.3|frpr-16,19,49
CELE_R12C12.10|R12C12.10,45,23
CELE_R12C12.5|R12C12.5,1810,1333
CELE_R12C12.6|R12C12.6,1818,1678
CELE_R12C12.2|ran-5,4180,4337
CELE_R12C12.1|gldc-1,4466,2669
CELE_R12C12.7|R12C12.7,2051,1817
CELE_R12C12.8|R12C12.8,1636,1668
CELE_H12I13.6|H12I13.6,6,5
CELE_H12I13.4|fbf-1,1094,1101
CELE_F21H12.4|ptc-2,794,645
CELE_C30B5.8|21ur-14845,0,0
CELE_C30B5.10|C30B5.10,0,0
CELE_C30B5.5|daf-37,87,67
CELE_C30B5.9|mks-2,0,10
CELE_C30B5.6|C30B5.6,91,69
CELE_C30B5.7|srsy-2,39,26
CELE_C30B5.1|szy-4,9920,9460
CELE_T24H7.9|T24H7.9,6114,6309
CELE_T24H7.5|tat-4,2700,3686
CELE_T24H7.8|T24H7.8,19,19
CELE_T24H7.6|T24H7.6,0,0
CELE_T24H7.4|blos-4,713,601
CELE_T24H7.3|lelo-1,1833,1687
CELE_T24H7.2|T24H7.2,11070,10204
CELE_F13H8.11|F13H8.11,339,379
CELE_F13H8.15|linc-4,63,47
CELE_F13H8.12|F13H8.12,19,10
CELE_F13H8.4|nmgp-1,140,179
CELE_F13H8.3|F13H8.3,896,766
CELE_F13H8.8|F13H8.8,102,79
CELE_T24H7.1|phb-2,9141,8924
CELE_F13H8.5|dbd-5,541,189
CELE_F13H8.1|F13H8.1,146,158
CELE_F13H8.14|F13H8.14,0,0
CELE_F13H8.13|F13H8.13,0,0
CELE_F13H8.2|F13H8.2,4345,4572
CELE_F13H8.10|bpl-1,2519,2454
CELE_F13H8.9|scly-1,140,131
CELE_C29F5.3|nyn-3,27,0
CELE_F13H8.7|upb-1,5302,5152
CELE_C29F5.9|21ur-14812,0,0
CELE_C29F5.8|C29F5.8,13,0
CELE_C29F5.7|glb-10,69,91
CELE_C29F5.1|C29F5.1,1129,1083
CELE_C32D5.4|C32D5.4,35,17
CELE_C32D5.2|sma-6,823,779
CELE_C32D5.3|efr-3,5674,5547
CELE_C32D5.6|ttc-39B,599,477
CELE_C32D5.7|C32D5.7,366,275
CELE_C32D5.5|set-4,3320,3079
CELE_C32D5.18|C32D5.18,0,0
CELE_C32D5.8|C32D5.8,2772,2875
CELE_C32D5.1|txt-18,92,90
CELE_C32D5.9|lgg-1,24223,29576
CELE_C32D5.10|C32D5.10,3419,2927
CELE_K10B2.T1|K10B2.t1,0,0
CELE_C32D5.12|C32D5.12,295,201
CELE_C32D5.11|C32D5.11,5391,5568
CELE_K10B2.4|K10B2.4,1443,1166
CELE_K10B2.5|ani-2,11649,11486
CELE_K10B2.3|clec-88,17747,16458
CELE_K10B2.2|ctsa-4.1,2664,1853
CELE_K10B2.1|lin-23,9192,9542
CELE_F58F12.4|glam-3,127,115
CELE_F58F12.2|F58F12.2,6,0
CELE_T25D10.9|T25D10.9,0,4
CELE_T25D10.2|zig-10,263,188
CELE_T25D10.5|btb-2,44,0
CELE_F58F12.1|F58F12.1,7942,7069
CELE_T25D10.1|T25D10.1,722,415
CELE_T25D10.3|spp-11,0,0
CELE_T25D10.6|T25D10.6,0,0
CELE_K03H9.10|K03H9.10,0,0
CELE_K03H9.7|K03H9.7,0,0
CELE_K03H9.8|K03H9.8,0,0
CELE_K03H9.14|K03H9.14,0,0
CELE_T25D10.4|T25D10.4,712,506
CELE_K06A1.3|cutl-16,567,693
CELE_K06A1.2|K06A1.2,21,0
CELE_K06A1.4|nhr-22,1178,1131
CELE_K06A1.5|atg-16.2,1658,1872
CELE_K06A1.6|dgk-5,534,370
CELE_K06A1.7|K06A1.7,0,0
CELE_K06A1.10|K06A1.10,0,0
CELE_K06A1.9|K06A1.9,0,0
CELE_T28D9.9|lido-16,14,0
CELE_T28D9.7|del-10,245,205
CELE_T28D9.4|T28D9.4,2144,2342
CELE_T28D9.3|plpp-1.2,812,640
CELE_T28D9.10|snr-3,7054,6608
CELE_T28D9.2|rsp-5,3505,3006
CELE_R05G9.1|R05G9.1,0,0
CELE_R05G9R.1|R05G9R.1,226,138
CELE_T28D9.11|T28D9.11,0,0
CELE_R05G9.4|R05G9.4,0,0
CELE_T28D9.1|T28D9.1,11378,10630
CELE_R05G9.2|twk-49,201,180
CELE_R05G9.5|R05G9.5,15,14
CELE_R05G9.3|R05G9.3,1266,990
CELE_C56E6.13|C56E6.13,0,0
CELE_C56E6.1|abcx-1,43,38
CELE_C56E6.14|C56E6.14,0,0
CELE_C56E6.11|C56E6.11,0,0
CELE_C56E6.8|21ur-14585,0,0
CELE_C56E6.12|C56E6.12,0,0
CELE_C56E6.3|toe-2,6179,5964
CELE_C56E6.2|C56E6.2,1179,1006
CELE_F18C5.T1|F18C5.t1,0,0
CELE_F18C5.13|F18C5.13,0,0
CELE_F18C5.4|mpz-3,24,0
CELE_F18C5.5|F18C5.5,132,50
CELE_F18C5.1|sra-27,0,0
CELE_F18C5.11|21ur-15425,0,0
CELE_F18C5.6|sra-28,0,0
CELE_F18C5.9|dbd-6,36,12
CELE_C56E6.10|C56E6.10,0,0
CELE_F18C5.15|F18C5.15,0,0
CELE_F18C5.3|utp-20,3053,3272
CELE_C56E6.6|lron-15,190,172
CELE_F18C5.2|wrn-1,3519,3581
CELE_F18C5.10|F18C5.10,3342,5594
CELE_C56C10.14|C56C10.14,0,0
CELE_C56C10.4|dbd-7,63,23
CELE_C56C10.7|C56C10.7,2844,2498
CELE_C56C10.8|icd-1,46907,48022
CELE_C56C10.3|vps-32.1,6306,6530
CELE_C56C10.9|C56C10.9,1450,1323
CELE_C56C10.10|aipr-1,1774,1940
CELE_C56C10.13|dnj-8,5524,5070
CELE_F54H5.5|F54H5.5,50,0
CELE_F54H5.2|F54H5.2,60,22
CELE_F54H5.9|F54H5.9,0,0
CELE_F54H5.11|F54H5.11,0,0
CELE_F54H5.4|klf-3,441,469
CELE_F54H5.3|F54H5.3,35,0
CELE_F54H5.14|F54H5.14,64,71
CELE_C56C10.12|epg-5,3943,3996
CELE_C56C10.1|vps-33.2,3463,3115
CELE_T19D12.7|oig-8,38,74
CELE_T19D12.9|T19D12.9,22,0
CELE_T19D12.11|T19D12.11,0,0
CELE_T19D12.12|T19D12.12,0,0
CELE_T19D12.14|T19D12.14,0,0
CELE_T19D12.13|T19D12.13,0,0
CELE_T19D12.4|T19D12.4,5775,2596
CELE_T19D12.5|T19D12.5,21,39
CELE_T19D12.6|T19D12.6,2687,2284
CELE_C18H9.8|ift-74,74,69
CELE_H43E16.1|H43E16.1,1679,801
CELE_T19D12.3|T19D12.3,105,29
CELE_T19D12.2|T19D12.2,1782,1818
CELE_T19D12.1|T19D12.1,4283,3079
CELE_C18H9.9|C18H9.9,0,0
CELE_C18H9.3|gyf-1,9460,9496
CELE_C18H9.5|C18H9.5,185,351
CELE_C18H9.7|rpy-1,268,187
CELE_C18H9.10|C18H9.10,0,0
CELE_C18H9.11|C18H9.11,0,0
CELE_C18H9.6|C18H9.6,5030,2226
CELE_T14B4.14|T14B4.14,0,0
CELE_T14B4.7|dpy-10,3270,2483
CELE_T14B4.19|T14B4.19,189,200
CELE_T14B4.5|T14B4.5,127,102
CELE_T14B4.6|dpy-2,1697,1313
CELE_T14B4.T1|T14B4.t1,0,0
CELE_T14B4.16|T14B4.16,0,0
CELE_T14B4.11|T14B4.11,0,0
CELE_T14B4.4|tsp-10,647,482
CELE_T14B4.8|T14B4.8,155,169
CELE_F41G3.16|ins-14,8,6
CELE_F41G3.20|F41G3.20,12,14
CELE_F41G3.21|F41G3.21,175,110
CELE_F41G3.4|fis-1,20,0
CELE_F41G3.23|mir-2953,0,0
CELE_F41G3.5|F41G3.5,42,25
CELE_F41G3.10|F41G3.10,1523,1674
CELE_T14B4.9|T14B4.9,32,33
CELE_T14B4.3|T14B4.3,2553,2442
CELE_T14B4.2|mrps-18.C,853,818
CELE_T14B4.1|T14B4.1,2880,2994
CELE_F41G3.14|exos-8,1657,1421
CELE_F41G3.6|F41G3.6,5394,5046
CELE_F41G3.17|ins-15,11,0
CELE_F41G3.22|F41G3.22,0,0
CELE_F41G3.3|F41G3.3,120,50
CELE_F41G3.12|agr-1,745,566
CELE_F41G3.1|nlp-50,210,155
CELE_F41G3.18|F41G3.18,79,51
CELE_T13C2.7|T13C2.7,40,43
CELE_T13C2.4|ssup-72,1356,1250
CELE_T13C2.3|T13C2.3,248,249
CELE_F31E8.3|tab-1,79,72
CELE_T13C2.2|T13C2.2,76,47
CELE_F31E8.4|F31E8.4,848,867
CELE_F31E8.5|F31E8.5,106,41
CELE_F31E8.18|F31E8.18,0,0
CELE_F31E8.2|snt-1,378,261
CELE_T13C2.6|gldi-2,23020,22995
CELE_C04A2.9|C04A2.9,0,0
CELE_C04A2.16|C04A2.16,0,0
CELE_C04A2.3|egl-27,11750,11324
CELE_C04A2.1|tbc-6,871,514
CELE_C44B7.3|aff-1,108,100
CELE_C44B7.4|clhm-1,75,47
CELE_C04A2.11|C04A2.11,0,0
CELE_C04A2.T1|C04A2.t1,0,0
CELE_C04A2.15|C04A2.15,9,12
CELE_C04A2.7|dnj-5,20379,18921
CELE_C44B7.6|slc-36.5,95,120
CELE_C44B7.14|21ur-11619,0,0
CELE_C44B7.7|C44B7.7,240,198
CELE_C44B7.5|C44B7.5,12448,11175
CELE_C44B7.11|C44B7.11,1121,1095
CELE_C44B7.2|hrpl-1,2233,2149
CELE_C44B7.17|C44B7.17,0,0
CELE_C44B7.13|21ur-13828,0,1
CELE_C44B7.8|pmp-1,1698,838
CELE_C44B7.9|pmp-2,2106,1636
CELE_C44B7.20|C44B7.20,5,0
CELE_C44B7.10|acer-1,10333,10271
CELE_C44B7.12|adal-1,6432,6013
CELE_B0252.3|B0252.3,633,675
CELE_C44B7.1|psmd-9,1696,1424
CELE_B0252.8|nssp-19,48,36
CELE_B0252.5|B0252.5,106,28
CELE_B0252.10|21ur-15020,0,0
CELE_B0252.1|B0252.1,204,151
CELE_B0252.2|asm-1,916,1042
CELE_B0252.4|cyn-10,2144,2127
CELE_F22D3.7|F22D3.7,0,0
CELE_F22D3.8|F22D3.8,0,0
CELE_F22D3.4|F22D3.4,43,0
CELE_F22D3.10|linc-35,19,41
CELE_F22D3.2|flcn-1,6808,6720
CELE_F22D3.5|F22D3.5,21,40
CELE_F22D3.9|mir-8192,3,5
CELE_F22D3.6|malt-1,357,304
CELE_C15F1.3|tra-2,3828,4112
CELE_F22D3.1|ceh-38,8300,8158
CELE_C15F1.4|eif-2Bgamma,2289,1970
CELE_C15F1.8|C15F1.8,313,287
CELE_C15F1.2|C15F1.2,116,45
CELE_C52E12.10|linc-73,5,7
CELE_C15F1.1|C15F1.1,232,208
CELE_C15F1.12|C15F1.12,0,0
CELE_C15F1.5|C15F1.5,137,105
CELE_C15F1.14|C15F1.14,0,0
CELE_C15F1.9|sup-39,6,0
CELE_C15F1.6|art-1,8964,6785
CELE_C15F1.7|sod-1,9383,6978
CELE_C52E12.T1|C52E12.t1,0,2
CELE_C52E12.T3|C52E12.t3,0,0
CELE_C52E12.8|C52E12.8,0,0
CELE_C52E12.T2|C52E12.t2,0,0
CELE_C52E12.2|unc-104,1085,1130
CELE_C52E12.11|C52E12.11,172,123
CELE_C52E12.3|sqv-7,3417,3408
CELE_C52E12.4|lst-6,5483,5369
CELE_C52E12.6|lst-5,138,144
CELE_C52E12.1|znf-598,5126,5089
CELE_ZK1127.7|cin-4,2407,2034
CELE_ZK1127.6|ZK1127.6,3281,3101
CELE_ZK1127.9|tcer-1,10218,9863
CELE_ZK1127.2|acs-6,84,47
CELE_ZK1127.5|ZK1127.5,1469,1384
CELE_ZK1127.12|ZK1127.12,584,594
CELE_ZK1127.13|ZK1127.13,1588,1595
CELE_ZK1127.4|ZK1127.4,1977,1494
CELE_ZK1127.3|ZK1127.3,2250,2409
CELE_ZK1127.10|cth-2,10917,7942
CELE_ZK1127.11|him-14,1740,1742
CELE_ZK1127.1|nos-2,5013,4182
CELE_T02G5.9|kars-1,25059,23951
CELE_T02G5.8|kat-1,6373,5702
CELE_T02G5.7|T02G5.7,6870,5217
CELE_T02G5.6|msh-4,106,80
CELE_T02G5.11|T02G5.11,211,392
CELE_T02G5.4|T02G5.4,784,702
CELE_T02G5.14|T02G5.14,285,211
CELE_T02G5.15|T02G5.15,33,44
CELE_T02G5.3|T02G5.3,382,358
CELE_T02G5.12|mct-5,3047,2816
CELE_T02G5.13|mmaa-1,3554,3611
CELE_F10E7.8|farl-11,9203,9304
CELE_F10E7.7|rpl-35A,28297,28514
CELE_F10E7.9|F10E7.9,300,301
CELE_F10E7.5|F10E7.5,4842,4488
CELE_F10E7.6|F10E7.6,1290,1329
CELE_F10E7.3|F10E7.3,0,0
CELE_F10E7.4|spon-1,1294,1024
CELE_F10E7.11|F10E7.11,934,953
CELE_F10E7.2|F10E7.2,1052,937
CELE_F10E7.1|F10E7.1,98,121
CELE_T07F8.4|T07F8.4,2104,1931
CELE_T07F8.2|npr-31,29,28
CELE_T07F8.3|gld-3,18337,17772
CELE_C27H5.12|C27H5.12,12,11
CELE_C27H5.4|mfsd-13.2,799,552
CELE_C27H5.8|glc-4,107,115
CELE_C27H5.7|dyf-13,30,29
CELE_C27H5.5|col-36,852,173
CELE_C27H5.9|C27H5.9,0,0
CELE_C27H5.10|C27H5.10,0,0
CELE_C27H5.6|C27H5.6,0,0
CELE_C27H5.1|pdl-1,86,62
CELE_C27H5.2|C27H5.2,498,384
CELE_C27H5.3|fust-1,10628,8670
CELE_E04F6.2|pcrg-1,0,20
CELE_E04F6.16|mrpr-1,4,0
CELE_E04F6.5|acdh-12,11218,10249
CELE_E04F6.4|E04F6.4,457,438
CELE_E04F6.1|srd-59,0,0
CELE_E04F6.7|dhs-7,157,93
CELE_E04F6.3|maoc-1,3169,3240
CELE_E04F6.6|E04F6.6,518,417
CELE_E04F6.15|E04F6.15,782,487
CELE_E04F6.10|E04F6.10,31,21
CELE_E04F6.8|E04F6.8,2893,2164
CELE_E04F6.9|E04F6.9,1643,1462
CELE_E04F6.11|clh-3,1341,1312
CELE_F32A5.4|F32A5.4,2504,1966
CELE_F32A5.3|ctsa-3.1,4903,2046
CELE_F32A5.5|aqp-1,525,426
CELE_C30G12.4|C30G12.4,82,48
CELE_C30G12.10|C30G12.10,6,0
CELE_C30G12.8|linc-107,9,9
CELE_C30G12.2|C30G12.2,326,83
CELE_F32A5.1|ada-2,4046,3920
CELE_F32A5.2|skpo-3,1027,669
CELE_F32A5.6|prx-13,683,778
CELE_F32A5.7|lsm-4,1885,1620
CELE_F32A5.8|F32A5.8,731,594
CELE_F32A5.9|F32A5.9,274,210
CELE_C30G12.1|C30G12.1,65,60
CELE_C30G12.6|C30G12.6,2910,2646
CELE_C30G12.7|puf-8,5991,6448
CELE_F21D12.3|F21D12.3,615,817
CELE_F21D12.1|nhr-21,483,449
CELE_F45E12.3|cul-4,4615,4741
CELE_F45E12.2|brf-1,3460,3155
CELE_F45E12.5|F45E12.5,1888,1771
CELE_F45E12.1|cnep-1,3548,3441
CELE_F45E12.6|F45E12.6,17,8
CELE_F43E2.8|hsp-4,22867,17554
CELE_F43E2.4|haf-2,4470,4483
CELE_F43E2.6|F43E2.6,34,23
CELE_F43E2.3|insc-1,349,321
CELE_F43E2.5|msra-1,1055,595
CELE_C07D10.7|C07D10.7,0,0
CELE_C07D10.6|C07D10.6,0,0
CELE_C07D10.5|C07D10.5,2145,1963
CELE_F43E2.13|linc-169,19,0
CELE_F43E2.12|F43E2.12,10,0
CELE_F43E2.7|mtch-1,16672,13846
CELE_F43E2.2|rpb-4,3349,3045
CELE_F43E2.1|F43E2.1,1188,1215
CELE_K02A2.2|srd-55,0,0
CELE_K02A2.5|K02A2.5,19,13
CELE_C07D10.1|C07D10.1,162,94
CELE_C07D10.4|nas-7,202,63
CELE_K02A2.1|K02A2.1,0,0
CELE_K02A2.10|K02A2.10,0,0
CELE_K02A2.4|srd-52,15,19
CELE_K02A2.3|kcc-3,199,172
CELE_K02A2.8|K02A2.8,0,0
CELE_K02A2.9|K02A2.9,0,0
CELE_C07D10.2|bath-44,4965,5375
CELE_Y9D1A.1|Y9D1A.1,1800,1865
CELE_Y9D1A.2|Y9D1A.2,791,833
CELE_D1022.2|D1022.2,0,0
CELE_D1022.15|D1022.15,0,0
CELE_D1022.10|21ur-14726,0,0
CELE_D1022.13|D1022.13,0,0
CELE_D1022.6|sro-1,57,34
CELE_D1022.3|D1022.3,48,31
CELE_D1022.4|D1022.4,866,704
CELE_D1022.9|D1022.9,23,16
CELE_R10H1.5|nas-23,40,0
CELE_D1022.7|aka-1,13936,13301
CELE_D1022.14|D1022.14,0,0
CELE_D1022.12|D1022.12,0,0
CELE_D1022.1|ubc-6,3061,2891
CELE_D1022.8|cah-2,76,26
CELE_D1022.11|D1022.11,3,0
CELE_R10H1.1|R10H1.1,390,397
CELE_R10H1.4|spi-1,61,66
CELE_C28F5.2|glb-9,22,0
CELE_C28F5.7|C28F5.7,0,0
CELE_C28F5.6|C28F5.6,0,0
CELE_C28F5.8|C28F5.8,0,0
CELE_ZK1290.6|rnh-1.1,99,0
CELE_ZK1290.5|ZK1290.5,637,526
CELE_ZK1290.12|wrt-1,950,488
CELE_ZK1290.8|wrt-10,1821,1425
CELE_ZK1290.13|ZK1290.13,697,697
CELE_ZK1290.3|rol-8,1240,264
CELE_ZK1290.16|21ur-15508,0,0
CELE_ZK1290.4|nfi-1,4093,3992
CELE_ZK1290.18|ZK1290.18,0,0
CELE_ZK1290.17|21ur-14885,0,0
CELE_ZK1290.19|ZK1290.19,0,0
CELE_ZK1290.10|ZK1290.10,96,68
CELE_ZK1290.14|ZK1290.14,577,322
CELE_F35D2.2|F35D2.2,32,0
CELE_F35D2.1|F35D2.1,18,0
CELE_F35D2.11|F35D2.11,0,5
CELE_F35D2.3|F35D2.3,1071,811
CELE_F35D2.4|mks-3,67,0
CELE_F35D2.5|syd-1,226,202
CELE_F35D2.10|F35D2.10,0,0
CELE_F35D2.12|F35D2.12,0,0
CELE_F35D2.9|F35D2.9,0,0
CELE_F35D2.16|F35D2.16,0,0
CELE_R07G3.5|pgam-5,6066,5783
CELE_R07G3.14|R07G3.14,3,0
CELE_R07G3.3|npp-21,16348,15977
CELE_R07G3.13|R07G3.13,0,0
CELE_R07G3.6|osm-8,89,53
CELE_R07G3.2|lips-17,183,118
CELE_R07G3.7|R07G3.7,4147,4224
CELE_R07G3.9|oig-4,37,60
CELE_R07G3.1|cdc-42,11968,10988
CELE_R07G3.8|R07G3.8,315,330
CELE_R153.9|R153.9,0,0
CELE_R153.5|R153.5,0,0
CELE_R153.1|pde-4,1564,1438
CELE_F18A1.8|pid-1,1108,958
CELE_B0495.4|nhx-2,2593,1420
CELE_B0495.5|B0495.5,1913,2010
CELE_B0495.6|moa-2,496,423
CELE_F18A1.9|F18A1.9,0,0
CELE_F18A1.10|F18A1.10,0,0
CELE_F18A1.3|lir-1,4092,3929
CELE_F18A1.2|lin-26,5168,5622
CELE_F18A1.6|alfa-1,4065,3900
CELE_F18A1.7|F18A1.7,16988,15479
CELE_F18A1.5|rpa-1,17804,15961
CELE_F18A1.4|lir-2,1297,1298
CELE_B0495.13|B0495.13,0,0
CELE_B0495.21|B0495.21,0,0
CELE_B0495.18|B0495.18,0,0
CELE_B0495.14|B0495.14,0,0
CELE_B0495.10|cpna-5,363,312
CELE_B0495.15|B0495.15,5,0
CELE_B0495.2|cdk-11.1,5887,5227
CELE_B0495.7|B0495.7,10022,8808
CELE_B0495.8|luc-7L,3295,3264
CELE_B0495.9|B0495.9,1722,1506
CELE_B0228.7|B0228.7,1203,1285
CELE_C06A8.7|srh-39,0,0
CELE_C06A8.8|cepr-104.2,271,202
CELE_C06A8.12|21ur-13586,0,0
CELE_B0495.20|B0495.20,0,0
CELE_B0495.19|B0495.19,0,0
CELE_B0495.16|B0495.16,0,0
CELE_B0495.17|B0495.17,0,0
CELE_B0228.4|cpna-2,3655,2736
CELE_B0228.10|B0228.10,14,8
CELE_B0228.5|trx-1,10,0
CELE_B0228.6|B0228.6,621,569
CELE_B0228.1|B0228.1,218,230
CELE_C06A8.16|C06A8.16,0,0
CELE_C06A8.6|C06A8.6,123,46
CELE_C06A8.1|mthf-1,5856,5824
CELE_C06A8.2|snpc-1.1,3343,3115
CELE_C06A8.5|spdl-1,2182,2078
CELE_C06A8.4|skr-17,2326,2143
CELE_T05A6.1|cki-1,650,659
CELE_C06A8.9|glr-4,181,152
CELE_C06A8.3|srlf-1,10650,9139
CELE_T09A5.21|T09A5.21,0,0
CELE_T09A5.16|T09A5.16,0,0
CELE_T09A5.18|T09A5.18,0,0
CELE_T09A5.1|cex-2,407,548
CELE_T05A6.2|cki-2,2546,2676
CELE_T09A5.2|klp-3,697,570
CELE_T09A5.4|T09A5.4,292,321
CELE_T09A5.5|T09A5.5,2034,1729
CELE_T09A5.6|mdt-10,1002,1009
CELE_T09A5.7|mdmh-35,1393,1289
CELE_T09A5.8|cec-3,4204,4180
CELE_T09A5.15|T09A5.15,449,438
CELE_T09A5.9|sds-22,3498,3081
CELE_T09A5.10|lin-5,8913,8151
CELE_T09A5.11|ostb-1,10467,8619
CELE_T09A5.12|ztf-17,3368,3528
CELE_T01H3.3|T01H3.3,4910,4600
CELE_T01H3.11|T01H3.11,0,0
CELE_T01H3.2|T01H3.2,3584,3281
CELE_T01H3.1|vha-4,7812,5868
CELE_T01H3.5|T01H3.5,35,18
CELE_T01H3.4|perm-1,7256,6893
CELE_ZK669.2|ZK669.2,150,206
CELE_ZK669.1|spv-1,901,799
CELE_ZK669.8|ZK669.8,0,0
CELE_ZK675.4|ZK675.4,114,67
CELE_ZK669.5|ZK669.5,52,57
CELE_DH11.7|DH11.7,0,0
CELE_DH11.6|21ur-15545,0,0
CELE_DH11.5|DH11.5,527,568
CELE_ZK675.1|ptc-1,38266,36599
CELE_ZK675.2|rev-1,1669,1699
CELE_ZK675.3|best-23,60,0
CELE_DH11.3|pgp-11,425,539
CELE_ZK669.3|ZK669.3,848,1302
CELE_ZK669.4|dbt-1,5343,4612
CELE_DH11.1|glna-2,355,423
CELE_DH11.2|DH11.2,352,325
CELE_C08B11.4|nrf-6,4705,3497
CELE_C08B11.12|C08B11.12,0,0
CELE_C08B11.1|zyg-11,12156,12109
CELE_C08B11.2|hda-2,2286,2074
CELE_C08B11.3|swsn-7,13158,12877
CELE_C08B11.8|algn-6,1805,1768
CELE_C08B11.5|sap-49,4828,5047
CELE_C08B11.6|arp-6,3367,3162
CELE_C08B11.9|C08B11.9,1323,1255
CELE_C08B11.7|ubh-4,4885,4434
CELE_T05H10.1|T05H10.1,12898,12981
CELE_T05H10.2|apn-1,3300,3025
CELE_T05H10.3|mtre-1,716,521
CELE_T05H10.8|T05H10.8,68,66
CELE_T05H10.4|T05H10.4,4804,4526
CELE_T05H10.5|ufd-2,9970,8906
CELE_T05H10.6|pdha-1,15551,14635
CELE_T05H10.7|gpcp-2,5948,6118
CELE_K02C4.9|K02C4.9,0,0
CELE_K02C4.10|K02C4.10,4,0
CELE_K02C4.7|K02C4.7,0,0
CELE_K02C4.4|ltd-1,596,495
CELE_C41C4.13|21ur-13985,0,0
CELE_C41C4.1|chst-1,39,37
CELE_C41C4.15|C41C4.15,0,0
CELE_C41C4.11|C41C4.11,2,0
CELE_C41C4.2|sre-2,0,0
CELE_C41C4.10|sfxn-5,470,558
CELE_K02C4.5|K02C4.5,941,1064
CELE_K02C4.3|usp28,12093,11254
CELE_C41C4.9|C41C4.9,0,0
CELE_C41C4.5|unc-105,125,59
CELE_C41C4.3|lron-4,63,79
CELE_C41C4.4|ire-1,7695,7358
CELE_C41C4.6|ulp-4,8732,9055
CELE_C41C4.7|ctns-1,5233,5304
CELE_C41C4.8|cdc-48.2,23965,22114
CELE_F10B5.8|ints-11,4837,4763
CELE_F10B5.4|tub-1,95,67
CELE_F10B5.1|rpl-10L,83673,78547
CELE_F10B5.2|F10B5.2,2016,1943
CELE_T05C12.4|T05C12.4,75,0
CELE_T05C12.14|T05C12.14,0,0
CELE_T05C12.3|decr-1.3,24,23
CELE_T05C12.1|T05C12.1,83,0
CELE_T05C12.11|T05C12.11,0,0
CELE_F10B5.5|pch-2,3305,2862
CELE_F10B5.6|emb-27,4585,4305
CELE_F10B5.7|rrf-3,4476,4263
CELE_T05C12.15|T05C12.15,16,12
CELE_T05C12.6|mig-5,5931,5284
CELE_M110.11|M110.11,0,0
CELE_T05C12.10|qua-1,826,283
CELE_T05C12.7|cct-1,16398,16175
CELE_T05C12.8|T05C12.8,22,0
CELE_M110.8|M110.8,0,0
CELE_M110.2|twk-3,0,0
CELE_M110.1|col-76,2699,2062
CELE_M110.9|M110.9,28,17
CELE_F35C11.8|21ur-13324,0,0
CELE_F35C11.9|F35C11.9,0,0
CELE_F35C11.1|nlp-5,94,58
CELE_F35C11.3|F35C11.3,33,0
CELE_F35C11.4|F35C11.4,161,166
CELE_F35C11.7|F35C11.7,56,52
CELE_F35C11.6|F35C11.6,110,132
CELE_F35C11.5|F35C11.5,5802,5664
CELE_K01C8.1|srdh-1,1950,3555
CELE_K01C8.2|K01C8.2,57,26
CELE_M110.10|M110.10,77,89
CELE_M110.3|M110.3,1741,1592
CELE_M110.4|ifg-1,26094,27210
CELE_M110.5|dab-1,14080,13241
CELE_K01C8.3|tdc-1,11597,10725
CELE_K01C8.5|gei-14,3624,3565
CELE_K01C8.7|slc-25A32,875,838
CELE_K01C8.6|mrpl-10,2062,2182
CELE_K01C8.8|clec-142,33,0
CELE_K01C8.9|nst-1,9020,8529
CELE_F14F11.2|nlp-55,200,274
CELE_F14F11.1|shw-1,407,435
CELE_F14F11.5|F14F11.5,0,0
CELE_F14F11.3|F14F11.3,1,0
CELE_K01C8.10|cct-4,17444,16393
CELE_C26D10.1|ran-3,11465,11178
CELE_C26D10.5|eff-1,319,189
CELE_C26D10.6|C26D10.6,339,288
CELE_M195.5|M195.5,0,0
CELE_M195.6|M195.6,0,0
CELE_M195.2|M195.2,55,21
CELE_M195.3|amt-3,87,80
CELE_F49E12.12|F49E12.12,65,18
CELE_M195.1|col-77,3840,1058
CELE_C26D10.3|C26D10.3,195,216
CELE_C26D10.2|hel-1,27910,25608
CELE_C26D10.4|C26D10.4,135,121
CELE_F49E12.9|drd-1,972,793
CELE_F49E12.10|F49E12.10,267,413
CELE_F49E12.11|mir-85,0,0
CELE_F49E12.14|F49E12.14,0,0
CELE_F49E12.8|F49E12.8,27,36
CELE_F49E12.2|dod-23,8390,8204
CELE_F49E12.4|ubc-24,27,0
CELE_F49E12.6|efl-3,2008,1805
CELE_F14E5.1|fdgt-2,196,156
CELE_F14E5.8|F14E5.8,19,13
CELE_F49E12.1|skpo-1,16451,15092
CELE_F14E5.3|acp-3,25,0
CELE_F14E5.4|acp-2,298,238
CELE_F14E5.2|F14E5.2,12504,11480
CELE_F22B5.5|F22B5.5,67,47
CELE_F22B5.6|F22B5.6,50,98
CELE_F22B5.12|F22B5.12,0,0
CELE_F22B5.11|F22B5.11,0,0
CELE_F22B5.4|F22B5.4,41,56
CELE_F14E5.5|lips-10,1724,1339
CELE_F22B5.2|eif-3.G,5090,4793
CELE_F22B5.1|evl-20,678,604
CELE_F22B5.3|cut-3,1327,707
CELE_M05D6.10|M05D6.10,0,0
CELE_M05D6.1|M05D6.1,68,18
CELE_M05D6.3|M05D6.3,43,0
CELE_M05D6.4|lact-4,637,751
CELE_M05D6.5|M05D6.5,1072,781
CELE_M05D6.6|taap-1,1877,1669
CELE_M05D6.8|M05D6.8,0,0
CELE_F22B5.7|zyg-9,13606,13637
CELE_F22B5.9|fars-3,6623,6435
CELE_F22B5.10|F22B5.10,4499,3928
CELE_M05D6.2|M05D6.2,5385,5649
CELE_T13H5.1|T13H5.1,760,628
CELE_M05D6.11|21ur-12701,0,0
CELE_M05D6.9|M05D6.9,15,14
CELE_M05D6.7|gbh-2,833,835
CELE_T13H5.2|ctg-2,450,323
CELE_T13H5.7|rnh-2,2624,2398
CELE_T13H5.8|T13H5.8,3117,3085
CELE_T13H5.3|cht-2,137,43
CELE_T13H5.4|prp-9,5446,5273
CELE_W01C9.1|W01C9.1,62,33
CELE_W01C9.2|W01C9.2,259,327
CELE_T13H5.5|mrps-18B,2356,2209
CELE_T13H5.6|gldi-7,601,593
CELE_W01C9.4|decr-1.2,41,0
CELE_W01C9.6|W01C9.6,0,0
CELE_W01C9.5|glb-27,33,30
CELE_W01C9.3|pqn-73,785,577
CELE_F54C9.12|F54C9.12,0,0
CELE_F54C9.1|iff-2,6526,5875
CELE_F54C9.14|F54C9.14,51,20
CELE_F54C9.2|stc-1,3654,3349
CELE_F54C9.3|F54C9.3,2605,1846
CELE_F54C9.4|col-38,2326,755
CELE_F54C9.7|F54C9.7,48,39
CELE_F54C9.5|rpl-5,62444,61100
CELE_F54C9.6|bcs-1,2599,2510
CELE_F28C6.1|aptf-4,512,518
CELE_F54C9.8|puf-5,46537,45181
CELE_F54C9.9|F54C9.9,4086,4015
CELE_F54C9.10|arl-1,2197,2265
CELE_F54C9.11|rabi-1,221,250
CELE_F28C6.4|pigg-1,1710,1740
CELE_F28C6.2|aptf-3,2391,2398
CELE_F28C6.5|F28C6.5,76,35
CELE_F28C6.3|cpf-1,3995,3605
CELE_F28C6.7|rpl-26,26400,23431
CELE_F28C6.11|F28C6.11,3,0
CELE_F28C6.12|21ur-14216,0,0
CELE_F28C6.10|F28C6.10,40,39
CELE_T22C8.2|chhy-1,342,374
CELE_T22C8.3|T22C8.3,239,283
CELE_T22C8.4|T22C8.4,107,113
CELE_F28C6.6|suf-1,5977,5579
CELE_F28C6.8|F28C6.8,1739,1583
CELE_T22C8.5|sptf-2,35,21
CELE_T22C8.6|T22C8.6,85,134
CELE_T22C8.7|cutl-12,43,59
CELE_T22C8.9|T22C8.9,0,0
CELE_T22C8.T1|T22C8.t1,0,0
CELE_T22C8.8|vab-9,420,385
CELE_D2085.7|D2085.7,155,55
CELE_D2085.1|pyr-1,8245,8026
CELE_C34C6.10|C34C6.10,33,0
CELE_C34C6.3|C34C6.3,190,140
CELE_C34C6.8|ceh-7,0,0
CELE_C34C6.6|prx-5,699,605
CELE_C34C6.4|chdh-1,1498,1560
CELE_C34C6.5|sphk-1,1382,1315
CELE_D2085.5|hgap-2,6668,6554
CELE_D2085.2|atg-10,118,112
CELE_D2085.6|piga-1,1595,1436
CELE_D2085.3|eif-2Bepsilon,2780,2408
CELE_D2085.4|etc-1,4612,4620
CELE_C34C6.7|cup-16,1006,1201
CELE_T01B7.3|rab-21,1542,1346
CELE_T01B7.4|cyn-11,1164,992
CELE_T01B7.13|T01B7.13,24,7
CELE_T01B7.5|T01B7.5,4638,4419
CELE_T01B7.9|nssp-20,55,42
CELE_T01B7.8|idpb-4,17,17
CELE_T01B7.7|rol-6,660,143
CELE_T01B7.6|trcs-2,6863,6706
CELE_K08F8.7|K08F8.7,19,21
CELE_K08F8.2|atf-2,996,739
CELE_K08F8.1|mak-1,4627,4150
CELE_K08F8.9|K08F8.9,0,0
CELE_K08F8.3|fut-1,641,612
CELE_K08F8.14|K08F8.14,0,0
CELE_K08F8.4|pah-1,4169,4526
CELE_K08F8.5|nsph-1.1,78,76
CELE_K08F8.6|let-19,5613,5447
CELE_F07H5.2|sgn-1,200,152
CELE_F07H5.3|F07H5.3,4350,3207
CELE_F07H5.4|F07H5.4,900,841
CELE_F07H5.6|idpa-2,12,21
CELE_F07H5.7|F07H5.7,53,57
CELE_F07H5.5|F07H5.5,31481,25773
CELE_F07H5.13|F07H5.13,1022,1114
CELE_F07H5.8|appg-2,97,79
CELE_F07H5.9|pho-13,293,140
CELE_F07H5.10|F07H5.10,2664,2663
CELE_F46C5.9|F46C5.9,5277,4755
CELE_F46C5.10|F46C5.10,188,141
CELE_F46C5.1|F46C5.1,35,56
CELE_F46C5.4|F46C5.4,19,30
CELE_F46C5.3|nas-25,35,0
CELE_F46C5.2|F46C5.2,55,56
CELE_F46C5.8|rer-1,3505,3110
CELE_F46C5.6|F46C5.6,437,319
CELE_T14D7.3|snb-6,27,9
CELE_T07D4.1|npr-20,218,206
CELE_T14D7.1|agxt-1,1474,1110
CELE_T14D7.2|oac-46,951,763
CELE_T07D4.2|T07D4.2,291,200
CELE_T07D4.3|rha-1,8717,8407
CELE_T07D4.5|T07D4.5,1220,1132
CELE_T07D4.4|ddx-19,7624,7563
CELE_B0457.3|B0457.3,0,0
CELE_B0457.4|B0457.4,0,0
CELE_B0457.6|B0457.6,380,272
CELE_VT21B10L.1|VT21B10L.1,0,0
CELE_B0457.2|B0457.2,483,419
CELE_B0457.9|B0457.9,0,0
CELE_B0457.19|B0457.19,0,0
CELE_B0457.16|B0457.16,0,0
CELE_B0457.1|lat-1,13500,13360
CELE_T21B10.7|cct-2,17211,16788
CELE_T21B10.1|mrpl-50,2059,2117
CELE_T21B10.2|enol-1,26346,23911
CELE_T21B10.3|T21B10.3,10341,10185
CELE_T21B10.5|set-17,2514,2060
CELE_T21B10.9|T21B10.9,0,0
CELE_T21B10.4|T21B10.4,3069,3280
CELE_T21B10.6|cutl-15,155,125
CELE_T21B10.8|T21B10.8,0,0
CELE_C18E9.10|sftd-3,1449,1478
CELE_C18E9.1|cal-2,350,331
CELE_C18E9.4|ndub-3,2337,1960
CELE_C18E9.2|sec-62,4822,4181
CELE_C18E9.3|szy-20,5036,5436
CELE_C18E9.7|C18E9.7,146,119
CELE_C18E9.8|C18E9.8,74,31
CELE_C18E9.9|C18E9.9,1165,1249
CELE_C18E9.5|C18E9.5,1867,976
CELE_C18E9.6|tomm-40,7171,6724
CELE_F44G4.6|F44G4.6,20,13
CELE_F37B12.5|F37B12.5,0,0
CELE_F37B12.10|F37B12.10,0,0
CELE_F37B12.9|F37B12.9,0,0
CELE_F37B12.1|F37B12.1,113,96
CELE_F44G4.8|dep-1,1829,1636
CELE_C18E9.11|ooc-5,4770,4565
CELE_F44G4.1|F44G4.1,3892,3857
CELE_F44G4.2|ndub-2,5677,5281
CELE_F44G4.3|F44G4.3,496,497
CELE_F44G4.4|tdp-1,5193,4823
CELE_F44G4.5|F44G4.5,41,13
CELE_F37B12.2|gcs-1,10482,7612
CELE_T24B8.7|T24B8.7,12562,12309
CELE_F37B12.3|F37B12.3,4121,4014
CELE_T24B8.2|chmp-7,3683,3474
CELE_T24B8.1|rpl-32,35977,31646
CELE_T24B8.22|T24B8.22,0,0
CELE_T24B8.3|T24B8.3,7108,6864
CELE_T24B8.20|T24B8.20,0,0
CELE_T24B8.18|T24B8.18,0,0
CELE_T24B8.16|T24B8.16,0,0
CELE_T24B8.23|T24B8.23,0,0
CELE_T24B8.17|T24B8.17,0,0
CELE_T24B8.4|T24B8.4,1634,1550
CELE_T24B8.6|hlh-3,399,369
CELE_T24B8.5|sysm-1,5763,2772
CELE_C07H4.1|C07H4.1,308,280
CELE_C07H4.2|clh-5,5435,5107
CELE_T24H10.5|T24H10.5,38,23
CELE_T24H10.1|T24H10.1,4847,4922
CELE_T24H10.6|dyrb-1,1617,1424
CELE_T24H10.3|dnj-23,4164,3500
CELE_T24H10.4|T24H10.4,2404,2254
CELE_C16D2.2|nlp-78,34,14
CELE_Y9C2UA.1|Y9C2UA.1,377,258
CELE_W07A12.4|W07A12.4,119,97
CELE_W07A12.9|21ur-13196,0,0
CELE_W07A12.6|oac-54,130,87
CELE_T24H10.12|T24H10.12,0,0
CELE_T24H10.7|jun-1,1690,1419
CELE_C16D2.1|C16D2.1,31,0
CELE_W07A12.7|rhy-1,349,292
CELE_W07A12.8|W07A12.8,67,22
CELE_T23G7.3|T23G7.3,4836,4507
CELE_T23G7.2|T23G7.2,1430,1362
CELE_T23G7.1|dpl-1,5889,5993
CELE_ZK1067.10|ZK1067.10,0,0
CELE_ZK1067.T1|ZK1067.t1,0,0
CELE_ZK1067.4|ZK1067.4,65,86
CELE_ZK1067.1|let-23,1374,1292
CELE_T23G7.4|sec-5,4228,3969
CELE_T23G7.5|pir-1,2891,2533
CELE_ZK1067.6|sym-2,1268,1076
CELE_ZK1067.2|znfx-1,5364,5131
CELE_ZK1067.3|ZK1067.3,2958,2585
CELE_ZK1067.7|abu-14,1328,699
CELE_T26C5.2|T26C5.2,357,183
CELE_T26C5.1|gst-13,7827,4003
CELE_H32K21.1|nlp-82,36,37
CELE_T26C5.3|T26C5.3,5600,5605
CELE_T26C5.5|nssp-21,93,44
CELE_T26C5.4|T26C5.4,76,113
CELE_C01G6.2|C01G6.2,39,0
CELE_C01G6.1|aqp-2,10825,9305
CELE_C01G6.11|21ur-8602,0,0
CELE_C01G6.10|C01G6.10,83,67
CELE_C01G6.3|C01G6.3,10157,9422
CELE_C01G6.4|C01G6.4,2558,2542
CELE_C01G6.5|gldi-3,14973,14903
CELE_C01G6.6|mtrr-1,4385,4081
CELE_D2013.11|D2013.11,0,0
CELE_C01G6.7|acs-7,2447,2343
CELE_C01G6.9|C01G6.9,112,82
CELE_C01G6.8|cam-1,7465,6894
CELE_D2013.12|21ur-14760,0,0
CELE_D2013.3|csa-1,194,242
CELE_D2013.2|wdfy-2,4537,4320
CELE_D2013.1|rab-39,1367,1202
CELE_D2013.10|egli-1,678,541
CELE_D2013.5|eat-3,6642,6304
CELE_D2013.6|wbp-2,1691,1749
CELE_D2013.7|eif-3.F,7043,6476
CELE_D2013.8|scp-1,3298,3163
CELE_D2013.9|ttll-12,4106,4000
CELE_F42A8.1|F42A8.1,1146,591
CELE_F42A8.2|sdhb-1,6931,6461
CELE_F42A8.3|cup-15,2505,2326
CELE_C06C3.6|srh-48,38,75
CELE_C06C3.8|lido-17,0,34
CELE_C06C3.7|C06C3.7,50,31
CELE_C06C3.13|C06C3.13,0,0
CELE_C06C3.4|C06C3.4,81,77
CELE_C06C3.12|C06C3.12,121,44
CELE_C06C3.10|C06C3.10,38,28
CELE_C06C3.14|C06C3.14,16,14
CELE_C06C3.9|C06C3.9,30,47
CELE_C06C3.11|C06C3.11,54,74
CELE_C06C3.5|C06C3.5,70,35
CELE_Y51B9A.10|Y51B9A.10,39,36
CELE_Y51B9A.9|Y51B9A.9,109,247
CELE_Y51B9A.11|21ur-13955,0,0
CELE_Y51B9A.T1|Y51B9A.t1,0,0
CELE_Y51B9A.13|Y51B9A.13,0,0
CELE_Y51B9A.5|Y51B9A.5,7,10
CELE_Y51B9A.6|Y51B9A.6,0,0
CELE_Y51B9A.12|Y51B9A.12,0,0
CELE_Y51B9A.3|mpz-6,21,0
CELE_Y51B9A.4|arrd-2,355,300
CELE_M176.1|arrd-3,0,0
CELE_M176.9|M176.9,63,0
CELE_C06C3.1|mel-11,9371,8833
CELE_M176.11|M176.11,361,397
CELE_M176.10|M176.10,0,0
CELE_M176.5|M176.5,262,150
CELE_M176.6|kin-15,124,78
CELE_M176.7|kin-16,178,199
CELE_M176.8|chil-13,274,315
CELE_R09D1.4|R09D1.4,0,0
CELE_R09D1.5|chil-18,0,0
CELE_R09D1.16|R09D1.16,3,0
CELE_R09D1.12|R09D1.12,55,83
CELE_M176.12|21ur-15579,0,0
CELE_M176.14|M176.14,0,0
CELE_M176.2|gss-1,4209,3230
CELE_M176.15|M176.15,5,0
CELE_M176.3|chch-3,2480,2282
CELE_M176.16|M176.16,19,15
CELE_M176.4|M176.4,1534,1667
CELE_R09D1.9|R09D1.9,23,0
CELE_R09D1.7|chil-20,0,0
CELE_R09D1.14|R09D1.14,0,0
CELE_R09D1.6|chil-19,84,31
CELE_R09D1.8|chil-21,40,0
CELE_R09D1.10|chil-22,312,291
CELE_T19H5.5|T19H5.5,0,0
CELE_R09D1.11|chil-23,208,325
CELE_R09D1.15|21ur-12211,0,0
CELE_T19H5.6|T19H5.6,89,202
CELE_T19H5.1|chil-25,21,56
CELE_T19H5.7|T19H5.7,115,78
CELE_R134.2|gcy-2,0,0
CELE_R134.4|R134.4,0,0
CELE_R134.1|gcy-3,0,0
CELE_R134.3|21ur-15401,0,0
CELE_AH6.2|sfxn-1.1,27,0
CELE_T19H5.4|T19H5.4,3309,4049
CELE_AH6.4|sra-1,0,0
CELE_AH6.3|AH6.3,26,0
CELE_AH6.10|sra-6,0,0
CELE_F35H8.12|F35H8.12,0,0
CELE_F35H8.1|F35H8.1,36,0
CELE_F35H8.5|exc-7,846,771
CELE_F35H8.7|wee-1.1,128,68
CELE_F35H8.2|F35H8.2,120,161
CELE_F35H8.3|zfp-2,3532,3356
CELE_F35H8.4|F35H8.4,33,23
CELE_AH6.5|mex-6,23207,20309
CELE_F35H8.6|ugt-58,4854,3787
CELE_T15H9.6|pap-2,211,94
CELE_T15H9.5|T15H9.5,23,0
CELE_T15H9.3|hlh-6,66,59
CELE_T15H9.2|hal-3,997,968
CELE_E02H1.2|eral-1,1729,1739
CELE_E02H1.1|E02H1.1,946,1051
CELE_E02H1.3|tag-124,1107,1024
CELE_E02H1.4|parp-2,4839,4904
CELE_E02H1.5|E02H1.5,1356,1259
CELE_E02H1.6|E02H1.6,814,715
CELE_E02H1.8|mrpl-53,1109,975
CELE_E02H1.7|nhr-19,784,721
CELE_T15H9.8|T15H9.8,0,5
CELE_T15H9.7|dnj-20,13002,11202
CELE_ZK1307.8|ZK1307.8,8547,7398
CELE_ZK1307.7|ZK1307.7,0,0
CELE_ZK1307.6|fzr-1,5880,6795
CELE_ZK1307.3|ZK1307.3,13,0
CELE_ZK1307.2|ZK1307.2,21,16
CELE_ZK1307.5|sqv-8,2741,2719
CELE_ZK1307.9|ZK1307.9,2368,2653
CELE_ZK1307.4|ZK1307.4,80,16
CELE_ZK1307.1|ZK1307.1,1380,1145
CELE_ZK1320.1|gstk-1,1995,1981
CELE_ZK1320.2|ZK1320.2,7909,6103
CELE_ZK1320.4|cyp-13A10,393,258
CELE_ZK1320.11|ZK1320.11,475,310
CELE_ZK1320.3|ZK1320.3,8255,5508
CELE_ZK1320.13|ZK1320.13,297,138
CELE_ZK1320.12|taf-8,3158,3023
CELE_ZK1320.7|ZK1320.7,1015,966
CELE_ZK1320.6|arc-1,793,580
CELE_ZK1320.10|nlp-11,390,393
CELE_ZK1320.9|ZK1320.9,5126,5888
CELE_Y53C12A.2|glt-5,230,277
CELE_Y53C12A.8|Y53C12A.8,16,0
CELE_Y53C12A.7|Y53C12A.7,11,0
CELE_Y53C12A.4|mop-25.2,3767,3451
CELE_Y53C12A.10|Y53C12A.10,1170,1192
CELE_Y53C12A.3|Y53C12A.3,1837,1649
CELE_Y53C12A.1|wee-1.3,10411,10746
CELE_Y53C12A.6|Y53C12A.6,159,152
CELE_Y53C12A.11|Y53C12A.11,594,523
CELE_Y53C12B.6|cutl-2,354,472
CELE_Y53C12B.5|mab-3,26,0
CELE_Y53C12B.2|pno-1,5981,5555
CELE_Y53C12B.1|Y53C12B.1,1820,1982
CELE_ZK1321.1|ZK1321.1,7,20
CELE_Y53C12B.3|nos-3,10105,10178
CELE_Y53C12B.7|Y53C12B.7,488,391
CELE_ZK1321.5|ZK1321.5,0,0
CELE_ZK1321.2|shk-1,251,250
CELE_ZK1321.3|aqp-10,2353,1775
CELE_T10B9.9|nssp-22,26,36
CELE_T10B9.8|cyp-13A1,25,51
CELE_T10B9.T1|T10B9.t1,0,0
CELE_ZK1321.4|ZK1321.4,2092,1974
CELE_T10B9.7|cyp-13A2,267,168
CELE_T10B9.5|cyp-13A3,52,43
CELE_T10B9.1|cyp-13A4,0,0
CELE_T10B9.13|T10B9.13,0,0
CELE_T10B9.3|cyp-13A6,58,100
CELE_T10B9.2|cyp-13A5,763,1513
CELE_Y53C12C.1|eyg-1,76,66
CELE_T10B9.10|cyp-13A7,710,3165
CELE_ZK938.1|ZK938.1,294,84
CELE_ZK938.11|ZK938.11,60,53
CELE_ZK938.2|arrd-4,472,445
CELE_ZK938.7|rnh-1.2,1536,1328
CELE_C08H9.4|chil-1,0,0
CELE_C08H9.9|C08H9.9,0,0
CELE_C08H9.13|chil-7,21,0
CELE_C08H9.14|chil-8,33,62
CELE_C08H9.1|ctsa-3.2,40,25
CELE_C08H9.15|C08H9.15,420,384
CELE_F26C11.1|F26C11.1,49,30
CELE_F26C11.2|unc-4,25,0
CELE_F26C11.4|F26C11.4,7,0
CELE_C05C10.1|pho-10,18,21
CELE_C08H9.16|C08H9.16,2042,1697
CELE_C08H9.3|algn-8,1829,1854
CELE_C08H9.2|vgln-1,45459,39493
CELE_C05C10.2|C05C10.2,7439,6574
CELE_C05C10.4|pho-11,5214,11143
CELE_C05C10.3|C05C10.3,4795,5099
CELE_C05C10.7|C05C10.7,561,455
CELE_C05C10.5|C05C10.5,9989,8890
CELE_C05C10.6|ufd-3,15327,14985
CELE_R53.1|flad-1,2892,2893
CELE_R53.10|R53.10,0,0
CELE_R53.3|egl-43,409,260
CELE_R53.2|dtmk-1,1959,1683
CELE_R53.4|R53.4,27052,24982
CELE_R53.6|psf-1,1977,1658
CELE_R53.5|R53.5,2298,2007
CELE_ZK892.6|ZK892.6,73,71
CELE_ZK892.7|sdz-38,45,32
CELE_R53.7|aakg-5,3061,3052
CELE_R53.8|R53.8,13,0
CELE_ZK892.1|lec-3,1118,942
CELE_ZK892.10|ZK892.10,0,0
CELE_ZK892.9|ZK892.9,0,0
CELE_ZK892.2|nlt-1,2966,3551
CELE_F52H3.6|F52H3.6,188,54
CELE_F52H3.10|F52H3.10,0,0
CELE_F52H3.9|F52H3.9,0,0
CELE_ZK892.5|ZK892.5,62,19
CELE_F52H3.7|lec-2,22152,29695
CELE_F52H3.5|ttc-36,635,875
CELE_F52H3.2|mtcu-2,2937,2677
CELE_F52H3.1|let-268,1236,1144
CELE_C18D1.4|stg-1,0,0
CELE_C18D1.3|flp-4,139,156
CELE_F52H3.4|ogr-2,1353,1195
CELE_F52H3.3|bath-38,1257,1211
CELE_C18D1.21|C18D1.21,0,0
CELE_C18D1.10|21ur-14969,0,0
CELE_C18D1.14|C18D1.14,0,0
CELE_C18D1.19|C18D1.19,0,0
CELE_C18D1.12|C18D1.12,0,0
CELE_C18D1.20|C18D1.20,0,0
CELE_C18D1.15|C18D1.15,0,0
CELE_C18D1.1|die-1,4951,5003
CELE_C18D1.17|C18D1.17,1,0
CELE_ZK945.15|ZK945.15,0,0
CELE_ZK945.1|lact-2,3963,4346
CELE_ZK945.2|pas-7,11401,10302
CELE_ZK945.6|ZK945.6,37,0
CELE_ZK945.7|ZK945.7,150,40
CELE_ZK945.9|lov-1,0,0
CELE_ZK945.14|ZK945.14,0,0
CELE_ZK945.11|ZK945.11,0,0
CELE_ZK945.10|ZK945.10,0,0
CELE_ZK945.8|ZK945.8,10,11
CELE_F27E5.7|F27E5.7,39,38
CELE_F27E5.8|F27E5.8,0,0
CELE_F27E5.9|F27E5.9,196,126
CELE_F27E5.4|phg-1,189,74
CELE_ZK945.3|puf-12,8180,8103
CELE_ZK945.4|ZK945.4,375,455
CELE_F33H1.6|nlp-63,30,15
CELE_F27E5.2|pax-3,226,290
CELE_F27E5.1|asah-2,5605,4527
CELE_F27E5.3|F27E5.3,45,0
CELE_F33H1.1|daf-19,1455,1400
CELE_F33H1.8|21ur-13428,0,0
CELE_C14A4.7|C14A4.7,207,189
CELE_C14A4.9|C14A4.9,214,137
CELE_C14A4.12|C14A4.12,400,333
CELE_C14A4.13|C14A4.13,33,0
CELE_C14A4.10|taf-13,2374,2011
CELE_C14A4.11|ccm-3,2565,2476
CELE_M28.1|cutl-9,391,449
CELE_M28.9|M28.9,138,38
CELE_M28.8|M28.8,2322,721
CELE_M28.10|M28.10,4991,3722
CELE_M28.7|nphp-1,109,93
CELE_M28.6|lact-3,3206,2740
CELE_M28.5|snu-13,8687,7774
CELE_D2089.3|nssp-25,43,50
CELE_D2089.6|D2089.6,0,0
CELE_D2089.7|D2089.7,0,0
CELE_D2089.4|ptb-1,584,555
CELE_M28.13|M28.13,0,0
CELE_D2089.1|rsp-7,7307,6868
CELE_D2089.2|marc-2,27,0
CELE_D2089.8|D2089.8,320,325
CELE_D2089.5|gbh-1,1286,1152
CELE_C09G5.7|C09G5.7,66,31
CELE_C09G5.11|C09G5.11,0,0
CELE_C09G5.8|mks-5,143,104
CELE_C09G5.14|C09G5.14,14,15
CELE_C52A11.2|glb-12,15,18
CELE_F33H1.5|srd-1,0,0
CELE_F33H1.9|F33H1.9,0,0
CELE_R05H5.1|srd-2,0,0
CELE_R05H5.6|srb-6,0,0
CELE_R05H5.9|21ur-15355,0,0
CELE_T01E8.10|T01E8.10,0,0
CELE_T01E8.7|srh-135,0,0
CELE_F54B3.4|F54B3.4,0,15
CELE_ZK970.12|anr-52,0,0
CELE_ZK970.11|ZK970.11,0,0
CELE_ZK970.T4|ZK970.t4,0,0
CELE_ZK970.T1|ZK970.t1,0,0
CELE_ZK970.5|gcy-4,0,0
CELE_ZK970.10|ZK970.10,0,0
CELE_ZK970.T3|ZK970.t3,0,0
CELE_ZK970.T2|ZK970.t2,0,0
CELE_ZK970.9|21ur-14772,0,0
CELE_M02G9.4|M02G9.4,7,0
CELE_M02G9.6|M02G9.6,0,0
CELE_M02G9.1|appg-1,178,95
CELE_M02G9.5|M02G9.5,0,0
CELE_C07E3.17|C07E3.17,0,0
CELE_C07E3.14|C07E3.14,0,0
CELE_C07E3.11|21ur-12159,0,0
CELE_C07E3.12|21ur-14788,0,0
CELE_C07E3.13|C07E3.13,0,0
CELE_C07E3.16|C07E3.16,0,0
CELE_T09F3.6|T09F3.6,0,4
CELE_E04D5.8|E04D5.8,0,0
CELE_E04D5.6|21ur-13326,0,0
CELE_E04D5.7|E04D5.7,0,0
CELE_ZK673.11|ZK673.11,19,28
CELE_ZK666.10|sri-8,0,0
CELE_ZK666.5|clec-59,0,0
CELE_ZK666.13|ZK666.13,0,0
CELE_ZK666.11|ZK666.11,11,0
CELE_ZK666.12|ZK666.12,0,0
CELE_F59B10.9|F59B10.9,0,0
CELE_F59B10.10|F59B10.10,0,0
CELE_F59B10.8|F59B10.8,0,0
CELE_R166.9|R166.9,0,0
CELE_R166.8|R166.8,0,0
CELE_R166.1|mab-10,742,557
CELE_R166.7|R166.7,0,0
CELE_R166.10|R166.10,0,0
CELE_R166.11|R166.11,0,0
CELE_C06A1.9|C06A1.9,0,0
CELE_C06A1.6|C06A1.6,0,0
CELE_C06A1.11|C06A1.11,0,0
CELE_C06A1.10|C06A1.10,0,0
CELE_F33H1.2|gpd-4,11424,10859
CELE_F33H1.3|wbp-11,4059,4211
CELE_F33H1.4|gsox-1,10110,9219
CELE_R05H5.2|cdc-25.4,26,19
CELE_R05H5.7|R05H5.7,21,19
CELE_R05H5.3|R05H5.3,11941,10332
CELE_R05H5.4|R05H5.4,715,686
CELE_R05H5.5|arv-1,1452,1357
CELE_R05H5.8|tts-2,1055,610
CELE_T01E8.1|T01E8.1,712,1020
CELE_T01E8.2|ref-1,421,357
CELE_T01E8.3|plc-3,1486,1298
CELE_T01E8.8|pugs-6,314,311
CELE_T01E8.9|ubxn-5,82,32
CELE_T01E8.4|mec-15,3671,3277
CELE_T01E8.6|mrps-14,1422,1189
CELE_T01E8.5|nrde-2,6053,5556
CELE_F54B3.3|atad-3,5928,6009
CELE_F54B3.1|F54B3.1,7572,6885
CELE_F54B3.2|F54B3.2,28,0
CELE_ZK971.1|nssp-23,26,43
CELE_ZK970.1|nep-26,339,535
CELE_ZK970.2|clpp-1,1323,1240
CELE_ZK970.3|mdt-22,1502,1289
CELE_ZK970.4|vha-9,5755,4955
CELE_ZK970.8|ZK970.8,29,9
CELE_ZK970.7|srlf-34,118,436
CELE_M02G9.2|idpp-4,71,74
CELE_C07E3.2|pro-2,3791,3485
CELE_C07E3.10|C07E3.10,39,20
CELE_C07E3.1|stip-1,4627,4325
CELE_C07E3.9|C07E3.9,583,696
CELE_C07E3.8|C07E3.8,17,20
CELE_C07E3.3|C07E3.3,862,896
CELE_C07E3.4|C07E3.4,32,0
CELE_C07E3.6|ceh-58,785,853
CELE_C07E3.15|C07E3.15,1,0
CELE_T09F3.1|ztf-27,648,559
CELE_T09F3.2|T09F3.2,8042,7693
CELE_T09F3.7|T09F3.7,68,58
CELE_T09F3.3|gpd-1,20380,18928
CELE_T09F3.4|T09F3.4,620,601
CELE_T09F3.5|T09F3.5,1833,1893
CELE_E04D5.5|nssp-24,114,95
CELE_E04D5.1|eif-2A,20731,19444
CELE_E04D5.2|frpr-21,56,51
CELE_E04D5.3|cut-4,123,82
CELE_E04D5.4|E04D5.4,204,108
CELE_ZK673.1|ZK673.1,428,346
CELE_ZK673.2|ZK673.2,5482,6537
CELE_ZK673.3|lin-56,1069,960
CELE_ZK673.4|ZK673.4,198,238
CELE_ZK673.5|ZK673.5,66,48
CELE_ZK673.6|ZK673.6,36,23
CELE_ZK673.10|sdz-37,73,80
CELE_ZK673.7|tnc-2,827,627
CELE_ZK673.9|clec-143,532,140
CELE_ZK666.1|ZK666.1,17,9
CELE_ZK666.3|clec-58,17,20
CELE_ZK666.4|ZK666.4,11,37
CELE_ZK666.6|clec-60,46,59
CELE_ZK666.15|ZK666.15,13,12
CELE_ZK666.7|clec-61,19,0
CELE_ZK666.8|ZK666.8,23,0
CELE_F59B10.1|myrf-1,1669,1468
CELE_F59B10.3|F59B10.3,91,60
CELE_F59B10.4|F59B10.4,142,141
CELE_F59B10.5|F59B10.5,168,167
CELE_F59B10.6|F59B10.6,9,8
CELE_R166.2|R166.2,4783,4403
CELE_R166.3|R166.3,852,821
CELE_R166.4|pro-1,1545,1501
CELE_R166.5|mnk-1,23910,25701
CELE_C06A1.1|cdc-48.1,41057,39419
CELE_C06A1.8|C06A1.8,5,0
CELE_C06A1.2|txt-13,118,137
CELE_C06A1.3|C06A1.3,64,35
CELE_C06A1.12|C06A1.12,519,500
CELE_C06A1.4|C06A1.4,6569,6168
CELE_C06A1.5|rpb-6,3500,3300
CELE_C14A4.1|dohh-1,2152,2355
CELE_C14A4.2|dap-3,2593,2449
CELE_C14A4.14|mrps-22,2357,2246
CELE_C14A4.3|algn-9,4349,3897
CELE_C14A4.4|crn-3,6192,6354
CELE_C14A4.5|crn-5,1141,1038
CELE_C14A4.6|C14A4.6,401,380
CELE_C52A11.3|C52A11.3,0,0
CELE_C52A11.4|mpz-1,865,555
CELE_C52A11.5|C52A11.5,0,0
CELE_C09G5.1|lgc-57,29,39
CELE_C09G5.2|dph-2,1696,1837
CELE_C09G5.3|col-79,126,59
CELE_C09G5.4|col-39,2403,807
CELE_C09G5.5|col-80,19700,17600
CELE_C09G5.6|bli-1,755,151
CELE_T19E10.1|ect-2,8675,9085
CELE_R06F6.1|cdl-1,13618,13461
CELE_R06F6.11|tag-209,727,481
CELE_R06F6.2|vps-11,3195,3274
CELE_R06F6.4|set-14,1831,1854
CELE_R06F6.6|ceh-62,74,55
CELE_R06F6.14|R06F6.14,245,226
CELE_R06F6.5|npp-19,5257,4942
CELE_R06F6.7|msrp-7,132,194
CELE_R06F6.8|R06F6.8,5025,4732
CELE_M106.7|M106.7,1013,991
CELE_M106.6|M106.6,0,0
CELE_R06F6.9|ech-4,4773,4142
CELE_R06F6.12|R06F6.12,2612,2626
CELE_M106.1|mix-1,9406,8651
CELE_VM106R.1|VM106R.1,135,145
CELE_M106.8|M106.8,1413,1281
CELE_M106.2|M106.2,3718,3831
CELE_M106.3|M106.3,6362,5170
CELE_M106.9|mir-2216,0,0
CELE_M106.4|gmps-1,6413,5843
CELE_M106.5|cap-2,7753,7305
CELE_F59E10.2|cyn-4,3210,3107
CELE_F59E10.3|copz-1,4793,4337
CELE_F59E10.1|orc-2,3203,3028
CELE_F44F4.3|F44F4.3,22,32
CELE_F44F4.13|sra-11,0,0
CELE_F44F4.15|F44F4.15,0,0
CELE_F44F4.10|F44F4.10,19,0
CELE_F44F4.5|sra-10,0,0
CELE_F44F4.4|ptr-8,913,897
CELE_F44F4.1|lurp-1,70,73
CELE_F44F4.2|egg-3,10559,9129
CELE_F44F4.11|tba-4,2645,1523
CELE_R03D7.2|R03D7.2,781,533
CELE_Y19D2B.2|Y19D2B.2,43,17
CELE_R03D7.1|metr-1,8298,7839
CELE_R03D7.5|gskl-1,44,21
CELE_R03D7.15|R03D7.15,22,0
CELE_R03D7.4|tceb-3,5447,5188
CELE_R03D7.8|spe-57,33,0
CELE_R03D7.6|gst-5,15553,7668
CELE_R03D7.7|nos-1,1166,1219
CELE_C09D8.12|C09D8.12,0,0
CELE_C09D8.6|C09D8.6,0,0
CELE_C09D8.9|C09D8.9,0,0
CELE_C09D8.1|ptp-3,5463,5420
CELE_C09D8.10|C09D8.10,0,0
CELE_C09D8.2|C09D8.2,0,0
CELE_C09D8.3|C09D8.3,0,0
CELE_C09D8.5|C09D8.5,0,0
CELE_C09D8.13|C09D8.13,0,0
CELE_C09D8.15|C09D8.15,0,0
CELE_C09D8.14|C09D8.14,0,0
CELE_C09D8.11|C09D8.11,0,0
CELE_C09D8.7|C09D8.7,0,0
CELE_C09D8.8|C09D8.8,0,0
CELE_C09D8.4|C09D8.4,0,0
CELE_F38A3.5|F38A3.5,0,0
CELE_F38A3.1|col-81,7489,2575
CELE_F38A3.2|ram-2,3145,1155
CELE_F33A8.1|let-858,6543,6036
CELE_F33A8.7|F33A8.7,130,63
CELE_F33A8.2|nlp-18,372,413
CELE_F33A8.9|col-83,19,19
CELE_F33A8.4|F33A8.4,2719,2741
CELE_F33A8.5|sdhd-1,4057,3713
CELE_F33A8.10|srlf-15,29,0
CELE_F33A8.3|cey-1,27440,25768
CELE_C09H10.1|rpl-42,15,0
CELE_F45E10.1|unc-53,1429,1392
CELE_F45E10.3|F45E10.3,0,0
CELE_C09H10.16|C09H10.16,0,0
CELE_C09H10.17|C09H10.17,0,0
CELE_C09H10.12|C09H10.12,0,0
CELE_C09H10.15|C09H10.15,0,0
CELE_F33A8.6|ilkp-1,182,171
CELE_F45E10.2|F45E10.2,644,775
CELE_C09H10.11|C09H10.11,0,0
CELE_C09H10.4|C09H10.4,0,0
CELE_C09H10.5|C09H10.5,2524,2184
CELE_C09H10.10|nbs-1,1207,1378
CELE_C09H10.19|C09H10.19,4,5
CELE_C09H10.2|rpl-36A,39853,35059
CELE_C09H10.3|nuo-1,14455,13532
CELE_W10C6.2|W10C6.2,0,0
CELE_C09H10.18|C09H10.18,0,0
CELE_C09H10.9|C09H10.9,31,0
CELE_C09H10.6|nasp-1,9378,9255
CELE_W10C6.1|apc-1,10314,10082
CELE_C09H10.8|glb-4,27,16
CELE_F40F8.9|lsm-1,2163,2038
CELE_F40F8.1|F40F8.1,2895,2754
CELE_F40F8.10|rps-9,68221,61648
CELE_F40F8.4|F40F8.4,638,523
CELE_F40F8.5|F40F8.5,4565,6171
CELE_F40F8.3|F40F8.3,340,298
CELE_F40F8.11|F40F8.11,5690,5568
CELE_F40F8.8|arrd-6,65,78
CELE_F40F8.14|F40F8.14,0,0
CELE_F40F8.13|F40F8.13,0,0
CELE_F40F8.7|pqm-1,2772,2760
CELE_K07C10.6|K07C10.6,0,0
CELE_K07C10.2|K07C10.2,3,4
CELE_K07C10.5|K07C10.5,0,0
CELE_K07C10.4|K07C10.4,0,0
CELE_K07C10.7|K07C10.7,0,0
CELE_K07C10.1|ptr-13,1378,1372
CELE_F37H8.13|anr-35,97,110
CELE_F37H8.2|F37H8.2,134,138
CELE_F37H8.6|F37H8.6,9,8
CELE_F37H8.3|bigr-1,157,84
CELE_F37H8.1|lir-3,142,150
CELE_F37H8.4|sfxn-1.2,45,0
CELE_F37H8.5|F37H8.5,4578,4372
CELE_T06D8.16|T06D8.16,0,0
CELE_T06D8.17|T06D8.17,0,0
CELE_T06D8.13|T06D8.13,0,0
CELE_T06D8.11|T06D8.11,0,0
CELE_T06D8.3|plpr-1,316,230
CELE_F37H8.9|F37H8.9,0,0
CELE_F37H8.10|F37H8.10,0,0
CELE_T06D8.1|srap-1,4421,4292
CELE_T06D8.12|T06D8.12,0,0
CELE_T06D8.5|cox-15,2758,3005
CELE_T06D8.6|cchl-1,6079,5828
CELE_T06D8.7|fndc-1,1696,1767
CELE_T06D8.8|rpn-9,12824,11840
CELE_T05B9.3|T05B9.3,0,0
CELE_T05B9.2|T05B9.2,0,0
CELE_T06D8.9|T06D8.9,6197,5562
CELE_T06D8.10|T06D8.10,438,230
CELE_C47G2.21|C47G2.21,0,0
CELE_C47G2.20|C47G2.20,0,0
CELE_C47G2.15|C47G2.15,0,0
CELE_C47G2.1|cut-1,312,103
CELE_C47G2.2|unc-130,395,431
CELE_T05B9.1|T05B9.1,9654,9370
CELE_C47G2.6|C47G2.6,0,0
CELE_C47G2.9|C47G2.9,0,0
CELE_C47G2.3|C47G2.3,1263,1226
CELE_C47G2.4|C47G2.4,5126,4848
CELE_C47G2.8|C47G2.8,20,27
CELE_T24F1.9|T24F1.9,0,0
CELE_T24F1.7|T24F1.7,40,16
CELE_T24F1.4|T24F1.4,17,24
CELE_T24F1.5|nlp-51,297,325
CELE_T24F1.8|T24F1.8,0,0
CELE_T24F1.3|rsf-1,1385,1448
CELE_B0491.9|B0491.9,0,0
CELE_T24F1.6|tag-180,193,169
CELE_B0491.2|sqt-1,1457,247
CELE_B0491.3|rmd-3,190,60
CELE_C47G2.5|saps-1,8807,8316
CELE_T24F1.1|raga-1,5154,4477
CELE_T24F1.2|samp-1,5817,5926
CELE_B0491.4|lgc-20,75,40
CELE_B0491.5|nduf-11,7878,8348
CELE_B0491.10|B0491.10,0,0
CELE_B0491.8|clh-2,134,133
CELE_C33B4.9|C33B4.9,0,0
CELE_C33B4.4|C33B4.4,296,356
CELE_B0491.6|B0491.6,2133,1789
CELE_B0491.1|pigm-1,1881,1977
CELE_B0491.7|dph-5,726,660
CELE_C05D12.7|C05D12.7,99,71
CELE_C05D12.1|C05D12.1,130,106
CELE_C33B4.5|C33B4.5,0,0
CELE_C33B4.6|21ur-13330,0,0
CELE_C33B4.3|shn-1,1816,1427
CELE_C05D12.2|C05D12.2,487,560
CELE_C05D12.5|C05D12.5,147,90
CELE_C05D12.3|C05D12.3,4042,2426
CELE_VW02B12L.2|VW02B12L.2,25,0
CELE_VW02B12L.1|vha-6,20749,13448
CELE_W02B12.13|W02B12.13,65,90
CELE_W02B12.17|W02B12.17,0,0
CELE_W02B12.14|mir-252,0,0
CELE_W02B12.18|W02B12.18,0,0
CELE_VW02B12L.3|ebp-2,4446,4021
CELE_VW02B12L.4|adbp-1,1872,1998
CELE_W02B12.1|W02B12.1,1686,948
CELE_W02B12.2|rsp-2,8297,8145
CELE_W02B12.6|aars-1,1539,1573
CELE_W02B12.3|rsp-1,10713,9449
CELE_W02B12.4|cest-15,625,421
CELE_W02B12.8|rga-1,2428,2362
CELE_W02B12.7|klp-17,42,0
CELE_W02B12.15|cisd-1,3571,2833
CELE_W02B12.12|W02B12.12,213,0
CELE_B0334.9|B0334.9,70,85
CELE_B0334.12|B0334.12,0,0
CELE_B0334.2|twk-5,304,359
CELE_B0334.1|ttr-18,875,777
CELE_W02B12.16|W02B12.16,0,0
CELE_W02B12.9|slc-25A37,2589,2920
CELE_W02B12.10|metl-1,3188,3082
CELE_W02B12.11|ngat-1,3540,3986
CELE_B0334.7|srh-44,0,0
CELE_B0334.6|npr-41,49,59
CELE_B0334.19|B0334.19,0,0
CELE_B0334.17|B0334.17,0,0
CELE_B0334.13|B0334.13,23,15
CELE_B0334.3|hacl-1,12011,10857
CELE_B0334.11|ooc-3,3277,3282
CELE_B0334.4|prel-1,4186,3758
CELE_B0334.15|emc-5,2755,2671
CELE_B0334.5|nuaf-6,1646,1775
CELE_B0334.10|B0334.10,0,0
CELE_B0334.18|B0334.18,0,0
CELE_B0334.8|age-1,5319,5156
CELE_Y62F5A.10|Y62F5A.10,201,163
CELE_Y62F5A.1|mdt-8,3900,3932
CELE_Y62F5A.12|Y62F5A.12,1452,1348
CELE_Y62F5A.16|Y62F5A.16,0,0
CELE_Y62F5A.2|mir-35,0,0
CELE_Y62F5A.3|mir-36,0,0
CELE_Y62F5A.14|Y62F5A.14,0,0
CELE_Y62F5A.4|mir-37,0,0
CELE_Y62F5A.5|mir-38,0,0
CELE_Y62F5A.15|Y62F5A.15,0,0
CELE_Y62F5A.6|mir-39,0,0
CELE_Y62F5A.7|mir-40,0,0
CELE_Y62F5A.8|mir-41,0,0
CELE_Y62F5A.9|Y62F5A.9,143,67
CELE_F54D5.12|dhgd-1,3147,3369
CELE_F54D5.11|gtf-2E2,2524,2350
CELE_F54D5.9|F54D5.9,2813,2639
CELE_F54D5.18|F54D5.18,0,0
CELE_F54D5.19|F54D5.19,0,0
CELE_F54D5.5|F54D5.5,4263,4315
CELE_F54D5.8|dnj-13,15855,12676
CELE_F54D5.7|F54D5.7,5928,5571
CELE_F54D5.24|F54D5.24,41,24
CELE_F54D5.17|F54D5.17,14,16
CELE_F54D5.16|F54D5.16,19,5
CELE_F54D5.15|F54D5.15,187,0
CELE_F54D5.4|F54D5.4,11702,7365
CELE_F54D5.3|F54D5.3,12115,9638
CELE_F54D5.2|F54D5.2,1732,1927
CELE_F54D5.1|pcs-1,702,652
CELE_F07A11.11|F07A11.11,0,0
CELE_F54D5.14|smc-6,9875,9372
CELE_D1043.1|ints-7,4536,4675
CELE_F07A11.1|F07A11.1,27,29
CELE_F07A11.14|F07A11.14,0,0
CELE_F07A11.13|F07A11.13,0,0
CELE_F07A11.4|F07A11.4,1152,962
CELE_F07A11.9|F07A11.9,0,0
CELE_F07A11.2|gfat-1,22457,21768
CELE_F07A11.3|npp-5,5960,5596
CELE_ZK20.9|ZK20.9,5,0
CELE_F07A11.12|F07A11.12,0,0
CELE_F07A11.10|F07A11.10,0,0
CELE_F07A11.15|F07A11.15,0,0
CELE_F07A11.5|F07A11.5,730,507
CELE_F07A11.6|din-1,6776,6244
CELE_ZK20.1|ghi-1,233,179
CELE_ZK20.4|coa-7,1286,1176
CELE_ZK20.3|rad-23,10990,11340
CELE_ZK20.5|rpn-12,5287,5091
CELE_ZK20.6|nep-1,2650,2198
CELE_C47D12.1|trr-1,7464,8123
CELE_C47D12.4|C47D12.4,168,160
CELE_C47D12.5|C47D12.5,511,560
CELE_C47D12.2|C47D12.2,7101,7289
CELE_C47D12.3|sfxn-1.4,83,115
CELE_F13D12.10|F13D12.10,37,37
CELE_F13D12.3|F13D12.3,692,657
CELE_VF13D12L.3|VF13D12L.3,4317,3797
CELE_F13D12.9|fcmt-1,379,229
CELE_VF13D12L.4|21ur-14685,0,0
CELE_C47D12.7|kel-1,225,188
CELE_C47D12.6|tars-1,16915,16300
CELE_C47D12.8|xpf-1,4487,4193
CELE_VF13D12L.1|inos-1,7478,6871
CELE_F13D12.2|ldh-1,2353,1980
CELE_F13D12.5|F13D12.5,2022,1939
CELE_F13D12.4|alh-8,27911,27744
CELE_F13D12.8|F13D12.8,172,131
CELE_F13D12.11|F13D12.11,0,0
CELE_F44E5.14|F44E5.14,0,0
CELE_F44E5.13|F44E5.13,0,0
CELE_F44E5.10|F44E5.10,0,0
CELE_F44E5.9|F44E5.9,0,0
CELE_F44E5.8|F44E5.8,0,0
CELE_F44E5.7|F44E5.7,0,0
CELE_F44E5.6|F44E5.6,0,0
CELE_F13D12.6|ctsa-1.2,37958,29721
CELE_F13D12.7|gpb-1,14039,12348
CELE_F44E5.4|F44E5.4,8076,4929
CELE_F44E5.5|F44E5.5,8167,4889
CELE_F44E5.3|F44E5.3,67,87
CELE_F44E5.2|F44E5.2,56,55
CELE_F44E5.12|F44E5.12,0,0
CELE_F44E5.11|F44E5.11,0,0
CELE_F44E5.15|F44E5.15,17,19
CELE_F44E5.1|F44E5.1,6591,5490
CELE_F43G6.9|patr-1,16384,16230
CELE_F43G6.3|F43G6.3,1107,1031
CELE_F43G6.1|dna-2,4571,4453
CELE_F43G6.14|F43G6.14,0,0
CELE_F43G6.4|F43G6.4,527,456
CELE_F43G6.13|F43G6.13,0,0
CELE_F43G6.17|F43G6.17,49,67
CELE_F43G6.12|F43G6.12,0,0
CELE_F43G6.11|hda-5,799,852
CELE_F43G6.10|F43G6.10,668,514
CELE_F43G6.7|F43G6.7,661,555
CELE_F43G6.8|F43G6.8,688,806
CELE_F43G6.5|pap-3,273,245
CELE_Y6D1A.2|Y6D1A.2,116,140
CELE_Y6D1A.1|Y6D1A.1,2100,2439
CELE_T27D12.7|T27D12.7,0,0
CELE_T27D12.10|T27D12.10,0,0
CELE_T27D12.9|T27D12.9,4,0
CELE_T27D12.6|T27D12.6,9,17
CELE_T27D12.8|T27D12.8,1,0
CELE_T27D12.4|pes-5,966,811
CELE_T27D12.1|mfsc-1,2510,1728
CELE_T27D12.2|clh-1,3606,2711
CELE_K12D12.10|mir-5594,0,0
CELE_K12D12.5|K12D12.5,2200,1940
CELE_K12D12.2|npp-3,12190,12125
CELE_K12D12.3|col-84,261,100
CELE_ZK930.5|ZK930.5,29,23
CELE_ZK930.14|linc-47,14,14
CELE_ZK930.6|ZK930.6,116,78
CELE_ZK930.2|ZK930.2,762,835
CELE_ZK930.3|vab-23,312,278
CELE_K12D12.6|K12D12.6,0,0
CELE_K12D12.7|K12D12.7,0,0
CELE_K12D12.8|K12D12.8,0,0
CELE_K12D12.1|top-2,28608,25335
CELE_ZK930.4|ZK930.4,36,12
CELE_ZK930.1|vps-15,6274,6028
CELE_ZK930.7|ZK930.7,13,0
CELE_W03C9.8|W03C9.8,27,0
CELE_W03C9.1|W03C9.1,33,22
CELE_W03C9.T1|W03C9.t1,0,0
CELE_W03C9.11|W03C9.11,0,0
CELE_W03C9.6|W03C9.6,288,220
CELE_W03C9.4|lin-29,297,216
CELE_Y17G7A.2|Y17G7A.2,0,0
CELE_Y17G7A.3|Y17G7A.3,0,0
CELE_Y17G7A.4|Y17G7A.4,0,0
CELE_Y17G7A.1|hmg-12,9091,9494
CELE_W03C9.2|W03C9.2,3524,3473
CELE_W03C9.3|rab-7,4825,5072
CELE_W03C9.5|W03C9.5,1317,1306
CELE_Y17G7B.2|ash-2,3635,3259
CELE_W03C9.7|mex-1,15723,14559
CELE_Y17G7B.1|acbp-6,41,26
CELE_Y17G7B.21|Y17G7B.21,4985,4355
CELE_Y17G7B.20|nosr-1,12230,12329
CELE_Y17G7B.3|Y17G7B.3,1037,1035
CELE_Y17G7B.4|dhps-1,1488,1579
CELE_Y17G7B.23|Y17G7B.23,0,0
CELE_Y17G7B.5|mcm-2,20740,18520
CELE_Y17G7B.6|glb-29,37,25
CELE_Y17G7B.24|Y17G7B.24,0,0
CELE_Y17G7B.12|Y17G7B.12,1142,1108
CELE_Y17G7B.8|Y17G7B.8,1819,1086
CELE_Y17G7B.25|Y17G7B.25,0,0
CELE_Y17G7B.9|cyn-16,2508,2332
CELE_Y17G7B.7|tpi-1,9434,8799
CELE_Y17G7B.13|ippk-1,2709,2602
CELE_Y17G7B.11|arrd-7,402,450
CELE_Y17G7B.22|Y17G7B.22,17,0
CELE_Y17G7B.10|nadk-2,3742,3471
CELE_Y17G7B.15|cnt-1,3160,3142
CELE_Y17G7B.17|Y17G7B.17,2725,2992
CELE_Y17G7B.19|Y17G7B.19,0,0
CELE_Y17G7B.18|Y17G7B.18,1596,1738
CELE_Y43F11A.1|Y43F11A.1,234,208
CELE_Y43F11A.6|Y43F11A.6,592,549
CELE_Y43F11A.5|set-24,1592,1463
CELE_Y43F11A.4|Y43F11A.4,237,215
CELE_Y57A10A.1|Y57A10A.1,1272,1328
CELE_Y57A10A.2|Y57A10A.2,890,900
CELE_Y57A10A.3|Y57A10A.3,468,443
CELE_Y57A10A.4|Y57A10A.4,298,359
CELE_Y57A10A.5|Y57A10A.5,568,677
CELE_Y57A10A.6|Y57A10A.6,328,420
CELE_Y57A10A.7|Y57A10A.7,410,493
CELE_Y57A10A.8|Y57A10A.8,850,943
CELE_Y57A10A.11|rol-1,2081,540
CELE_Y57A10A.14|Y57A10A.14,399,215
CELE_Y57A10A.13|Y57A10A.13,6083,5538
CELE_Y57A10A.15|polg-1,1495,1457
CELE_Y57A10A.16|trpp-5,867,857
CELE_Y57A10A.41|Y57A10A.41,8,2
CELE_Y57A10A.23|txdc-12.1,2098,1313
CELE_Y57A10A.9|tag-276,281,225
CELE_Y57A10A.25|parn-2,1470,1628
CELE_Y57A10A.40|Y57A10A.40,0,0
CELE_Y57A10A.10|tric-1B.1,1319,1183
CELE_Y57A10A.26|faxc-1,2455,1942
CELE_Y57A10A.27|Y57A10A.27,1082,1102
CELE_Y57A10A.39|Y57A10A.39,0,0
CELE_Y57A10A.35|aqp-12,24,0
CELE_Y57A10A.18|pqn-87,29357,27224
CELE_Y57A10A.38|Y57A10A.38,3,0
CELE_Y57A10A.19|rsr-2,4937,4721
CELE_Y57A10A.20|sinh-1,1158,1150
CELE_Y57A10A.28|tric-1B.2,2082,1844
CELE_Y57A10A.29|Y57A10A.29,1003,934
CELE_Y57A10A.30|ife-5,353,318
CELE_C50E10.1|C50E10.1,96,45
CELE_C50E10.2|C50E10.2,26,0
CELE_C50E10.7|sre-55,0,0
CELE_C50E10.6|sre-54,0,0
CELE_Y57A10A.31|Y57A10A.31,9036,8986
CELE_C50E10.4|sop-2,2119,1992
CELE_C44C11.6|C44C11.6,0,0
CELE_C44C11.7|mir-4806,0,0
CELE_C44C11.T2|C44C11.t2,0,0
CELE_C44C11.1|ras-1,840,883
CELE_C44C11.T1|C44C11.t1,1,0
CELE_Y57A10B.8|Y57A10B.8,0,0
CELE_Y57A10B.T1|Y57A10B.t1,0,0
CELE_Y57A10B.9|Y57A10B.9,0,0
CELE_Y57A10B.1|marc-5,270,325
CELE_Y57A10B.4|sre-42,0,0
CELE_Y57A10B.3|btb-14,555,434
CELE_Y57A10B.6|Y57A10B.6,130,131
CELE_Y57A10B.7|Y57A10B.7,46,0
CELE_F57G9.7|F57G9.7,0,0
CELE_F57G9.6|F57G9.6,11,22
CELE_F57G9.3|F57G9.3,95,110
CELE_Y57A10C.1|Y57A10C.1,185,98
CELE_Y57A10C.11|Y57A10C.11,48,81
CELE_Y57A10C.3|sre-27,0,0
CELE_Y57A10C.9|Y57A10C.9,0,0
CELE_Y57A10C.T1|Y57A10C.t1,0,0
CELE_Y57A10C.10|Y57A10C.10,0,0
CELE_W05H5.9|W05H5.9,0,0
CELE_W05H5.3|pitr-6,21,26
CELE_Y57A10C.6|daf-22,5353,5107
CELE_F15A4.1|sre-38,0,0
CELE_F15A4.11|tag-281,273,198
CELE_F15A4.12|tag-280,601,474
CELE_F15A4.2|F15A4.2,266,256
CELE_F15A4.5|F15A4.5,68,77
CELE_F15A4.8|chil-28,0,0
CELE_F15A4.9|arrd-9,56,29
CELE_F15A4.13|fbxb-102,47,59
CELE_F15A4.6|phat-8,1366,1431
CELE_T21B4.15|T21B4.15,18,34
CELE_F15A4.10|F15A4.10,442,376
CELE_T21B4.19|T21B4.19,0,0
CELE_T21B4.T1|T21B4.t1,0,0
CELE_T21B4.18|T21B4.18,0,0
CELE_T21B4.2|col-85,92,125
CELE_T21B4.4|ador-1,35,25
CELE_T21B4.5|srh-68,0,0
CELE_T21B4.7|srh-69,0,0
CELE_T21B4.9|srh-70,33,0
CELE_F49C5.5|F49C5.5,0,0
CELE_F49C5.13|F49C5.13,0,0
CELE_F49C5.T1|F49C5.t1,0,0
CELE_F49C5.14|F49C5.14,0,0
CELE_F49C5.T4|F49C5.t4,0,0
CELE_F49C5.15|F49C5.15,0,0
CELE_F49C5.T3|F49C5.t3,0,0
CELE_T21B4.13|mir-77,0,0
CELE_T21B4.17|ceh-99,434,426
CELE_T21B4.21|T21B4.21,86,49
CELE_F49C5.11|F49C5.11,57,14
CELE_Y38E10A.3|Y38E10A.3,73,78
CELE_Y38E10A.4|clec-8,211,254
CELE_Y38E10A.5|clec-4,1076,513
CELE_Y38E10A.7|lips-15,507,859
CELE_Y38E10A.10|lips-16,211,177
CELE_Y38E10A.25|nspe-6,17,21
CELE_Y38E10A.11|nspe-4,134,111
CELE_Y38E10A.26|nspe-2,67,19
CELE_Y38E10A.6|ceh-100,3591,3530
CELE_Y38E10A.29|nspe-8,4,0
CELE_Y38E10A.13|nspe-1,176,90
CELE_Y38E10A.14|Y38E10A.14,241,200
CELE_Y38E10A.15|nspe-7,26,0
CELE_Y38E10A.16|nspe-5,34,50
CELE_Y38E10A.28|Y38E10A.28,60,89
CELE_Y38E10A.18|nhr-234,0,0
CELE_Y38E10A.27|mir-267,0,0
CELE_Y38E10A.19|nhr-235,0,0
CELE_Y38E10A.17|Y38E10A.17,299,137
CELE_Y38E10A.33|Y38E10A.33,0,0
CELE_Y38E10A.24|Y38E10A.24,1117,1033
CELE_Y38E10A.T3|Y38E10A.t3,0,0
CELE_Y38E10A.T2|Y38E10A.t2,0,0
CELE_Y38E10A.21|rgs-4,335,330
CELE_Y38E10A.22|Y38E10A.22,4548,4575
CELE_Y46G5A.2|cox-10,309,398
CELE_Y46G5A.1|tbc-17,4737,4313
CELE_Y46G5A.43|Y46G5A.43,85,117
CELE_Y46G5A.6|Y46G5A.6,74,118
CELE_Y46G5A.7|Y46G5A.7,465,388
CELE_Y46G5A.8|Y46G5A.8,242,205
CELE_Y46G5A.45|Y46G5A.45,0,0
CELE_Y46G5A.T1|Y46G5A.t1,0,0
CELE_Y46G5A.4|snrp-200,18299,16582
CELE_Y46G5A.5|pisy-1,2773,2749
CELE_Y46G5A.40|Y46G5A.40,3,0
CELE_Y46G5A.34|Y46G5A.34,163,165
CELE_Y46G5A.15|Y46G5A.15,272,278
CELE_Y46G5A.10|cnp-2,409,202
CELE_Y46G5A.12|vps-2,4799,4153
CELE_Y46G5A.13|tiar-2,2593,2528
CELE_Y46G5A.35|alkb-7,656,677
CELE_Y46G5A.17|cpt-1,18135,20684
CELE_Y46G5A.22|Y46G5A.22,24,21
CELE_Y46G5A.36|Y46G5A.36,44,20
CELE_Y46G5A.38|Y46G5A.38,26,0
CELE_Y46G5A.23|Y46G5A.23,0,0
CELE_Y46G5A.24|bcmo-1,195,172
CELE_Y46G5A.26|lgc-35,26,38
CELE_Y46G5A.27|pes-10,512,358
CELE_Y46G5A.18|Y46G5A.18,3003,2923
CELE_Y46G5A.47|Y46G5A.47,7,3
CELE_Y46G5A.19|spds-1,671,510
CELE_Y46G5A.20|Y46G5A.20,166,168
CELE_Y46G5A.21|acl-7,1828,1830
CELE_Y46G5A.28|Y46G5A.28,385,356
CELE_Y46G5A.44|21ur-14976,0,0
CELE_Y46G5A.29|Y46G5A.29,168,0
CELE_Y46G5A.30|snf-5,240,105
CELE_F35C5.1|F35C5.1,20,17
CELE_F35C5.2|sra-14,114,89
CELE_Y46G5A.31|gsy-1,12340,12402
CELE_F35C5.7|clec-64,84,51
CELE_F35C5.5|clec-62,7281,4867
CELE_F35C5.6|clec-63,118686,76355
CELE_F35C5.10|nspb-11,33,6
CELE_F35C5.11|ddn-2,10,13
CELE_F35C5.12|spig-16,81,64
CELE_F58G1.2|F58G1.2,2317,2419
CELE_F35C5.8|clec-65,15203,10933
CELE_F35C5.9|clec-66,8947,4719
CELE_F58G1.3|F58G1.3,121,56
CELE_F58G1.1|wago-4,6787,7335
CELE_F58G1.5|lips-9,156,48
CELE_F58G1.11|F58G1.11,0,0
CELE_F58G1.6|arrd-10,162,81
CELE_F58G1.7|F58G1.7,104,123
CELE_F58G1.10|sup-6,4,0
CELE_F58G1.12|F58G1.12,5,0
CELE_F58G1.4|dct-18,7783,3790
CELE_Y38F1A.11|Y38F1A.11,0,0
CELE_Y38F1A.1|Y38F1A.1,128,41
CELE_Y38F1A.2|Y38F1A.2,340,333
CELE_Y38F1A.3|ptr-18,597,270
CELE_Y38F1A.12|Y38F1A.12,0,0
CELE_Y38F1A.5|cyd-1,1047,1221
CELE_Y38F1A.6|hphd-1,1586,1947
CELE_Y38F1A.7|Y38F1A.7,10,0
CELE_Y38F1A.8|Y38F1A.8,524,381
CELE_Y38F1A.9|oig-2,474,352
CELE_F18A11.2|F18A11.2,180,160
CELE_F18A11.3|F18A11.3,581,531
CELE_Y38F1A.13|Y38F1A.13,0,0
CELE_F18A11.9|F18A11.9,0,0
CELE_F18A11.5|F18A11.5,217,170
CELE_Y38F1A.10|max-2,9861,9989
CELE_F42G4.2|F42G4.2,79,0
CELE_F18A11.6|F18A11.6,238,210
CELE_F42G4.7|F42G4.7,118,122
CELE_F18A11.7|F18A11.7,0,6
CELE_F18A11.1|puf-6,7383,7047
CELE_F42G4.5|F42G4.5,881,864
CELE_F42G4.6|F42G4.6,160,147
CELE_F42G4.8|21ur-12112,0,0
CELE_F42G4.10|F42G4.10,0,0
CELE_F42G4.9|F42G4.9,0,0
CELE_F42G4.11|azyx-1,367,316
CELE_F42G4.3|zyx-1,4188,3398
CELE_Y81G3A.1|Y81G3A.1,151,97
CELE_Y81G3A.4|Y81G3A.4,20,25
CELE_Y81G3A.3|gcn-2,3288,3374
CELE_Y81G3A.5|col-86,15,0
CELE_F29C12.3|rict-1,6240,5548
CELE_F29C12.1|dbd-8,854,262
CELE_F32A11.5|F32A11.5,99,90
CELE_F32A11.9|F32A11.9,0,0
CELE_F32A11.7|mltn-1,232,198
CELE_F29C12.4|gfm-1,4227,3953
CELE_F29C12.5|bath-45,62,41
CELE_F29C12.7|F29C12.7,3,0
CELE_F32A11.3|spe-18,310,122
CELE_F32A11.2|hpr-17,2441,2166
CELE_W09H1.1|W09H1.1,0,0
CELE_F32A11.1|F32A11.1,4422,4459
CELE_F32A11.6|moe-3,789,973
CELE_W09H1.3|W09H1.3,0,7
CELE_W09H1.4|W09H1.4,58,63
CELE_W09H1.5|mecr-1,2995,2733
CELE_F15D4.2|caap-1,1300,1232
CELE_F15D4.4|F15D4.4,82,108
CELE_F15D4.8|flp-16,311,375
CELE_F15D4.3|romo-1,1304,1221
CELE_F15D4.9|21ur-10687,0,0
CELE_F15D4.10|21ur-10492,0,0
CELE_F15D4.5|F15D4.5,60,59
CELE_F15D4.6|F15D4.6,35,39
CELE_Y48C3A.1|Y48C3A.1,3,2
CELE_W09H1.6|lec-1,18455,15380
CELE_F15D4.1|btf-1,4307,4372
CELE_Y48C3A.5|Y48C3A.5,496,378
CELE_Y48C3A.24|Y48C3A.24,0,0
CELE_Y48C3A.23|Y48C3A.23,0,0
CELE_Y48C3A.22|Y48C3A.22,0,0
CELE_Y48C3A.4|ztf-22,1935,1544
CELE_Y48C3A.11|dmsr-3,96,85
CELE_Y48C3A.10|mrpl-20,1503,1306
CELE_Y48C3A.3|faxc-2,449,425
CELE_Y48C3A.7|mac-1,3478,3390
CELE_Y48C3A.8|sam-10,3935,3478
CELE_Y48C3A.16|pinn-4,1768,1338
CELE_Y48C3A.20|Y48C3A.20,1952,2082
CELE_Y48C3A.12|tsct-2,4035,4364
CELE_Y48C3A.14|top-3B,3963,3791
CELE_Y48C3A.17|efl-2,1492,1540
CELE_Y48C3A.18|Y48C3A.18,568,541
CELE_Y48E1C.1|Y48E1C.1,1607,1800
CELE_Y48E1C.2|Y48E1C.2,1708,1533
CELE_E01G4.8|E01G4.8,0,0
CELE_Y48E1C.4|Y48E1C.4,969,1037
CELE_E01G4.1|tbc-14,5089,5631
CELE_E01G4.5|E01G4.5,326,384
CELE_E01G4.7|E01G4.7,202,212
CELE_E01G4.4|pqn-27,4397,4075
CELE_E01G4.3|E01G4.3,1413,1211
CELE_E01G4.9|mir-4929,5,0
CELE_E01G4.6|E01G4.6,2079,457
CELE_F45H10.5|F45H10.5,50,24
CELE_F54F11.1|F54F11.1,44,0
CELE_F45H10.1|alh-7,2015,1822
CELE_F45H10.2|F45H10.2,2838,2252
CELE_F45H10.3|ndua-7,4337,4148
CELE_F45H10.4|drr-1,878,634
CELE_F54F11.3|sre-45,0,0
CELE_F54F11.6|F54F11.6,4,0
CELE_Y48E1B.14|snx-14,3043,2470
CELE_Y48E1B.2|noa-1,2086,1976
CELE_Y48E1B.17|Y48E1B.17,443,399
CELE_F54F11.5|F54F11.5,0,0
CELE_F54F11.2|nep-17,35046,26406
CELE_F54F11.4|F54F11.4,2,0
CELE_F37B1.1|gst-24,267,167
CELE_F37B1.4|gst-15,158,296
CELE_F37B1.3|gst-14,18,26
CELE_F37B1.2|gst-12,155,103
CELE_Y48E1B.1|ddl-2,1016,989
CELE_Y48E1B.3|Y48E1B.3,2100,2008
CELE_Y48E1B.5|mrpl-37,1283,1313
CELE_Y48E1B.7|lin-38,1480,1480
CELE_Y48E1B.8|Y48E1B.8,116,31
CELE_Y48E1B.16|clec-145,130,242
CELE_Y48E1B.9|clec-146,551,1083
CELE_Y48E1B.11|fbxc-23,17,45
CELE_Y48E1B.12|csc-1,4310,4046
CELE_Y48E1B.13|csp-1,60,63
CELE_Y48E1B.10|gst-20,2765,2103
CELE_F37B1.5|gst-16,205,163
CELE_F37B1.8|gst-19,11,0
CELE_C31C9.3|fbxa-167,145,132
CELE_C31C9.9|C31C9.9,14,0
CELE_C31C9.4|fbxa-168,150,138
CELE_C31C9.8|fbxa-169,51,61
CELE_C31C9.1|tag-10,997,1288
CELE_C31C9.2|phdh-1,3655,2971
CELE_C31C9.6|C31C9.6,430,432
CELE_C31C9.7|C31C9.7,169,102
CELE_Y48E1A.1|rpoa-1,2495,2918
CELE_Y54G9A.3|kqt-3,574,390
CELE_Y54G9A.11|Y54G9A.11,0,0
CELE_Y54G9A.4|zipt-2.3,91,36
CELE_Y54G9A.5|Y54G9A.5,2897,2544
CELE_Y54G9A.7|Y54G9A.7,1667,1866
CELE_Y54G9A.6|bub-3,6501,6603
CELE_Y54G9A.9|Y54G9A.9,245,229
CELE_R06B9.5|R06B9.5,1069,875
CELE_R06B9.4|arrd-14,513,412
CELE_R06B9.6|mig-14,3238,3424
CELE_R06B9.1|arrd-11,0,0
CELE_R06B9.3|arrd-13,1991,2032
CELE_C01B9.8|anr-12,0,0
CELE_C01B9.4|C01B9.4,0,0
CELE_C01B9.7|C01B9.7,0,0
CELE_C01B9.1|C01B9.1,155,152
CELE_C01B9.3|C01B9.3,0,0
CELE_F08G2.15|F08G2.15,0,0
CELE_ZK131.2|his-25,20,24
CELE_ZK131.1|his-26,20,15
CELE_F08G2.1|his-44,18,18
CELE_F08G2.2|his-43,13,8
CELE_F08G2.4|F08G2.4,390,456
CELE_F08G2.5|F08G2.5,283,179
CELE_ZK131.11|ZK131.11,1249,1345
CELE_ZK131.14|ZK131.14,0,0
CELE_ZK131.12|ZK131.12,0,0
CELE_ZK131.13|ZK131.13,0,0
CELE_ZK131.10|his-16,24,13
CELE_ZK131.9|his-15,27,30
CELE_ZK131.8|his-14,34,24
CELE_ZK131.7|his-13,51,50
CELE_ZK131.6|his-12,28,14
CELE_ZK131.5|his-11,27,28
CELE_ZK131.4|his-10,31,24
CELE_ZK131.3|his-9,47,48
CELE_F08G2.8|F08G2.8,36,35
CELE_F08G2.11|F08G2.11,9,0
CELE_F08G2.17|F08G2.17,0,0
CELE_F08G2.6|ins-37,31,15
CELE_F08G2.7|F08G2.7,565,550
CELE_Y51H1A.2|cup-14,4057,3915
CELE_Y51H1A.3|ndub-8,6087,5613
CELE_Y51H1A.4|ing-3,3170,3062
CELE_Y51H1A.5|hda-10,2498,2319
CELE_Y51H1A.6|mcd-1,4279,4174
CELE_W02B8.1|W02B8.1,175,215
CELE_W02B8.4|mltn-4,0,0
CELE_W02B8.3|mltn-3,52,34
CELE_W07G1.1|W07G1.1,0,0
CELE_W02B8.6|mltn-5,0,0
CELE_W02B8.5|hot-3,24,27
CELE_W07G1.17|W07G1.17,0,0
CELE_W07G1.9|W07G1.9,8,0
CELE_W02B8.2|citk-1,3161,2999
CELE_W07G1.8|W07G1.8,0,0
CELE_W07G1.3|zip-3,857,603
CELE_Y39G8B.12|Y39G8B.12,0,0
CELE_Y39G8B.1|Y39G8B.1,2244,1585
CELE_Y39G8B.2|Y39G8B.2,569,445
CELE_Y39G8B.9|Y39G8B.9,845,415
CELE_Y39G8B.7|Y39G8B.7,54,34
CELE_F01D5.1|F01D5.1,3595,1093
CELE_F01D5.2|F01D5.2,865,343
CELE_F01D5.3|F01D5.3,5084,2348
CELE_F01D5.5|F01D5.5,2551,991
CELE_F01D5.13|F01D5.13,0,0
CELE_F01D5.6|F01D5.6,367,110
CELE_F01D5.14|F01D5.14,0,0
CELE_F01D5.10|F01D5.10,75,30
CELE_F01D5.12|F01D5.12,2,0
CELE_F01D5.7|F01D5.7,0,0
CELE_F01D5.8|F01D5.8,629,360
CELE_F01D5.9|cyp-37A1,1468,3780
CELE_W01G7.1|daf-5,1867,1769
CELE_W01G7.3|rpb-11,1622,1429
CELE_W01G7.4|W01G7.4,2282,2045
CELE_W01G7.5|lem-2,3468,3230
CELE_Y39G8C.2|Y39G8C.2,19,0
CELE_Y39G8C.3|bkip-1,19,29
CELE_Y39G8C.9|Y39G8C.9,0,0
CELE_Y39G8C.13|Y39G8C.13,0,0
CELE_Y39G8C.12|Y39G8C.12,0,0
CELE_Y39G8C.10|Y39G8C.10,0,0
CELE_Y39G8C.8|Y39G8C.8,0,0
CELE_Y39G8C.11|Y39G8C.11,0,0
CELE_Y39G8C.6|Y39G8C.6,0,0
CELE_Y39G8C.7|Y39G8C.7,0,0
CELE_Y39G8C.1|xrn-1,7211,7248
CELE_K09E4.4|K09E4.4,168,148
CELE_K09E4.5|gur-4,46,21
CELE_K09E4.6|cpg-7,1347,1236
CELE_K09E4.3|nuaf-5,1328,1137
CELE_K09E4.2|algn-3,3250,2995
CELE_W03H9.1|W03H9.1,0,0
CELE_W03H9.2|W03H9.2,76,82
CELE_W03H9.4|cacn-1,6202,6181
CELE_K09E4.1|K09E4.1,119,37
CELE_Y48B6A.1|bop-1,5541,5635
CELE_Y48B6A.4|eat-2,38,0
CELE_Y48B6A.5|Y48B6A.5,86,21
CELE_Y48B6A.6|efhd-1,1307,1443
CELE_Y48B6A.22|Y48B6A.22,0,0
CELE_Y48B6A.20|Y48B6A.20,0,0
CELE_Y48B6A.7|ace-4,32,0
CELE_Y48B6A.8|ace-3,306,224
CELE_Y48B6A.9|hot-7,16,0
CELE_Y48B6A.10|Y48B6A.10,432,382
CELE_Y48B6A.17|Y48B6A.17,31,97
CELE_Y48B6A.16|Y48B6A.16,62,70
CELE_Y48B6A.2|rpl-37A,15920,12150
CELE_Y48B6A.3|xrn-2,7117,6817
CELE_Y48B6A.11|jmjd-2,2971,2877
CELE_Y48B6A.13|Y48B6A.13,1089,1002
CELE_Y48B6A.12|men-1,11014,9303
CELE_Y54G11A.19|Y54G11A.19,77,82
CELE_Y54G11A.2|Y54G11A.2,2741,2362
CELE_Y54G11A.1|Y54G11A.1,2639,2568
CELE_Y48B6A.14|hmg-1.1,23744,23412
CELE_Y54G11A.4|Y54G11A.4,155,146
CELE_Y54G11A.18|Y54G11A.18,0,0
CELE_Y54G11A.3|Y54G11A.3,3849,3514
CELE_Y54G11A.20|Y54G11A.20,20,8
CELE_Y54G11A.14|Y54G11A.14,203,182
CELE_Y54G11A.7|Y54G11A.7,903,1008
CELE_Y54G11A.5|ctl-2,7608,11878
CELE_Y54G11A.6|ctl-1,4383,7145
CELE_Y54G11A.13|ctl-3,3844,4693
CELE_Y54G11A.10|lin-7,1996,1843
CELE_Y54G11A.8|ddl-3,2237,2112
CELE_Y54G11A.9|Y54G11A.9,1133,879
CELE_Y54G11A.17|Y54G11A.17,1233,1179
CELE_Y54G11A.11|elof-1,2685,2724
CELE_R06A4.8|agl-1,4790,4797
CELE_R06A4.9|pfs-2,4825,4930
CELE_R06A4.2|tebp-1,2291,2252
CELE_R06A4.6|sdz-26,244,306
CELE_R06A4.10|acr-20,29,29
CELE_R06A4.4|imb-2,11861,10999
CELE_R06A4.7|mes-2,3565,3582
CELE_F26H11.1|kbp-3,2584,2161
CELE_F26H11.10|F26H11.10,0,0
CELE_F26H11.9|F26H11.9,0,0
CELE_F26H11.4|F26H11.4,310,244
CELE_F26H11.6|dsb-2,1463,1499
CELE_F26H11.5|exl-1,1644,1283
CELE_K04B12.1|plx-2,1074,972
CELE_F26H11.2|nurf-1,17630,17327
CELE_F26H11.7|mir-5595,0,0
CELE_K04B12.2|K04B12.2,1306,1204
CELE_Y54G11B.1|dmsr-6,80,76
CELE_K04B12.3|smg-8,3088,3290
CELE_C13B4.1|C13B4.1,6352,4683
CELE_C13B4.5|C13B4.5,0,0
CELE_C13B4.T1|C13B4.t1,0,0
CELE_C13B4.2|usp-14,11848,10860
CELE_K10H10.1|vnut-1,1980,2102
CELE_K10H10.2|cysl-2,2057,1219
CELE_K10H10.15|K10H10.15,0,0
CELE_K10H10.4|K10H10.4,135,31
CELE_K10H10.6|K10H10.6,0,0
CELE_K10H10.12|K10H10.12,25,11
CELE_K10H10.3|dhs-8,1040,827
CELE_K10H10.7|K10H10.7,14,0
CELE_K10H10.10|K10H10.10,0,0
CELE_K10H10.13|K10H10.13,0,0
CELE_K10H10.9|K10H10.9,11,0
CELE_F57C2.2|btb-19,1609,1507
CELE_F57C2.1|btb-20,419,505
CELE_F57C2.3|pot-2,1434,1429
CELE_F57C2.4|F57C2.4,1916,1799
CELE_F57C2.5|F57C2.5,4902,4182
CELE_F57C2.6|spat-1,4489,4172
CELE_C04H5.1|C04H5.1,1246,1056
CELE_C04H5.2|clec-147,269,277
CELE_C04H5.7|C04H5.7,812,654
CELE_C01G12.12|C01G12.12,160,190
CELE_C01G12.14|C01G12.14,2,0
CELE_C01G12.13|C01G12.13,20,0
CELE_C01G12.2|nspb-7,19,0
CELE_C01G12.15|C01G12.15,0,0
CELE_C01G12.1|madf-5,525,458
CELE_C04H5.10|C04H5.10,0,0
CELE_C04H5.8|nlp-41,83,96
CELE_C04H5.6|mog-4,4541,4451
CELE_C01G12.9|C01G12.9,29,18
CELE_C01G12.10|nspb-8,39,10
CELE_C01G12.11|nspb-9,21,10
CELE_C01G12.3|C01G12.3,165,130
CELE_C01G12.4|wee-1.2,178,173
CELE_C01G12.6|nspb-10,31,13
CELE_C01G12.8|catp-4,343,189
CELE_F19H8.5|mltn-10,76,84
CELE_F19H8.1|tps-2,2617,2905
CELE_F19H8.2|pugs-2,162,70
CELE_F19H8.7|F19H8.7,4,5
CELE_F19H8.3|arl-3,93,83
CELE_F19H8.T1|F19H8.t1,0,0
CELE_F19H8.6|F19H8.6,0,0
CELE_F19H8.4|mltn-9,658,483
CELE_C38C6.6|tag-297,889,329
CELE_C38C6.9|C38C6.9,0,0
CELE_C38C6.T1|C38C6.t1,0,0
CELE_C38C6.3|C38C6.3,68,54
CELE_C38C6.8|lfor-1,5,0
CELE_C38C6.2|atgp-2,970,891
CELE_C38C6.7|lfor-2,5,0
CELE_K02B7.3|K02B7.3,1381,824
CELE_ZC101.2|unc-52,9365,5190
CELE_ZC101.3|hhat-1,401,231
CELE_Y54E2A.1|npr-34,43,71
CELE_C09F9.7|C09F9.7,284,240
CELE_C09F9.3|glna-1,448,443
CELE_C09F9.1|C09F9.1,37,0
CELE_C09F9.2|C09F9.2,4802,4451
CELE_C09F9.4|C09F9.4,469,422
CELE_Y54E2A.2|smg-9,530,477
CELE_Y54E2A.3|tac-1,3769,2767
CELE_Y54E2A.9|Y54E2A.9,48,0
CELE_Y54E2A.10|Y54E2A.10,62,51
CELE_Y54E2A.4|Y54E2A.4,7780,7250
CELE_Y54E2A.7|Y54E2A.7,42,0
CELE_Y54E2A.8|Y54E2A.8,1532,1632
CELE_W01D2.6|W01D2.6,12,0
CELE_W01D2.5|osta-3,2462,2252
CELE_W01D2.8|W01D2.8,0,0
CELE_Y54E2A.11|eif-3.B,14303,13739
CELE_Y54E2A.12|tbc-20,3666,3670
CELE_W01D2.3|W01D2.3,24,17
CELE_R05H10.6|cdh-7,190,0
CELE_R05H10.1|R05H10.1,246,358
CELE_R05H10.7|R05H10.7,0,11
CELE_W01D2.1|rpl-37.1,29538,25260
CELE_W01D2.2|nhr-61,878,689
CELE_R03C1.6|R03C1.6,0,0
CELE_R03C1.3|cog-1,92,110
CELE_R03C1.1|R03C1.1,96,45
CELE_Y53F4B.53|Y53F4B.53,0,0
CELE_Y53F4B.57|Y53F4B.57,0,0
CELE_Y53F4B.1|Y53F4B.1,145,135
CELE_E01F3.1|pde-3,550,516
CELE_E01F3.3|E01F3.3,0,0
CELE_E01F3.2|mir-273,0,0
CELE_Y53F4B.2|elo-9,450,188
CELE_Y53F4B.3|pole-4,1467,1240
CELE_R05H10.2|rbm-28,3009,2785
CELE_R05H10.5|gpx-2,7376,4633
CELE_R05H10.3|R05H10.3,2207,2229
CELE_Y53F4A.2|Y53F4A.2,14,0
CELE_Y53F4B.40|Y53F4B.40,0,0
CELE_Y53F4B.49|21ur-12600,0,0
CELE_Y53F4B.5|Y53F4B.5,0,0
CELE_Y53F4B.4|nsun-5,562,546
CELE_Y53F4B.42|metl-2,336,392
CELE_Y53F4B.43|Y53F4B.43,0,0
CELE_Y53F4B.8|Y53F4B.8,60,35
CELE_Y53F4B.11|Y53F4B.11,60,16
CELE_Y53F4B.51|Y53F4B.51,12,10
CELE_Y53F4B.12|Y53F4B.12,105,50
CELE_Y53F4B.9|Y53F4B.9,4616,4769
CELE_Y53F4B.13|cmtr-1,4926,5070
CELE_Y53F4B.59|Y53F4B.59,0,0
CELE_Y53F4B.14|Y53F4B.14,798,656
CELE_Y53F4B.15|trip-4,3055,2710
CELE_Y53F4B.45|Y53F4B.45,2038,3749
CELE_Y53F4B.19|Y53F4B.19,71,22
CELE_Y53F4B.60|Y53F4B.60,0,0
CELE_Y53F4B.61|Y53F4B.61,0,0
CELE_Y53F4B.20|Y53F4B.20,118,111
CELE_Y53F4B.17|Y53F4B.17,0,0
CELE_Y53F4B.18|Y53F4B.18,3729,3751
CELE_Y53F4B.21|wshc-4,507,484
CELE_Y53F4B.46|Y53F4B.46,0,0
CELE_Y53F4B.39|Y53F4B.39,2511,2306
CELE_Y53F4B.38|Y53F4B.38,40,32
CELE_Y53F4B.23|Y53F4B.23,108,46
CELE_Y53F4B.62|Y53F4B.62,41,35
CELE_Y53F4B.24|Y53F4B.24,19,0
CELE_Y53F4B.55|Y53F4B.55,0,0
CELE_Y53F4B.25|dbd-9,99,33
CELE_Y53F4B.27|Y53F4B.27,146,64
CELE_Y53F4B.54|Y53F4B.54,3,0
CELE_Y53F4B.22|arp-1,6207,5428
CELE_Y53F4B.28|ptr-20,597,606
CELE_Y53F4B.29|gst-26,771,436
CELE_Y53F4B.30|gst-27,1640,1105
CELE_Y53F4B.32|gst-29,30,47
CELE_Y53F4B.31|gst-28,714,464
CELE_Y53F4B.33|gst-39,803,412
CELE_Y53F4B.35|gst-31,101,84
CELE_Y53F4B.36|Y53F4B.36,19,0
CELE_Y53F4B.37|gst-32,13,12
CELE_Y1H11.2|gst-35,1571,646
CELE_Y46E12BR.2|Y46E12BR.2,0,0
CELE_Y46E12BL.4|spsb-1,5025,5063
CELE_Y46E12BL.3|spsb-2,5445,4875
CELE_Y46E12BL.1|tig-3,35,26
CELE_Y46E12BL.2|Y46E12BL.2,2505,2338
CELE_2RSSE.3|2RSSE.3,106,89
CELE_CTEL54X.1|fbxa-6,103,180
CELE_CTEL54X.2|cTel54X.2,16,0
CELE_H10E21.2|npr-30,62,45
CELE_2RSSE.1|rga-9,2422,2051
CELE_H10E21.3|nhr-80,589,342
CELE_H10E21.1|H10E21.1,238,167
CELE_H10E21.4|H10E21.4,267,123
CELE_H10E21.5|H10E21.5,280,237
CELE_W05G11.8|W05G11.8,18,29
CELE_W05G11.3|col-88,1416,367
CELE_W05G11.2|W05G11.2,53,57
CELE_W05G11.6|pck-1,8130,8248
CELE_F54C4.6|F54C4.6,0,0
CELE_F54C4.5|F54C4.5,0,0
CELE_F54C4.7|F54C4.7,0,1
CELE_F54C4.2|spt-4,2583,2281
CELE_F54C4.3|attf-3,3565,3471
CELE_F54C4.4|F54C4.4,307,286
CELE_F54C4.1|mrpl-40,1947,1758
CELE_C29F9.10|fbxa-57,66,48
CELE_C29F9.15|C29F9.15,0,0
CELE_C29F9.6|C29F9.6,19,0
CELE_C29F9.7|pat-4,1391,1191
CELE_C29F9.2|C29F9.2,120,128
CELE_T17A3.3|fbxb-81,78,74
CELE_C29F9.1|pals-22,170,110
CELE_T17A3.2|pals-25,183,164
CELE_T17A3.4|fbxb-82,54,89
CELE_T17A3.6|fbxb-83,103,111
CELE_T17A3.12|T17A3.12,3,0
CELE_C29F9.4|pals-24,1185,742
CELE_C29F9.3|pals-23,1321,833
CELE_T17A3.7|fbxb-84,221,260
CELE_T17A3.13|sqst-5,173,121
CELE_T17A3.9|adbp-2,0,0
CELE_T17A3.1|ver-1,50,59
CELE_F40G9.22|F40G9.22,0,0
CELE_F40G9.21|F40G9.21,0,0
CELE_F40G9.18|F40G9.18,51,49
CELE_F40G9.9|F40G9.9,78,44
CELE_F40G9.12|F40G9.12,34,21
CELE_F40G9.19|F40G9.19,0,0
CELE_F40G9.10|clec-148,8,0
CELE_F40G9.14|F40G9.14,17,19
CELE_F40G9.20|F40G9.20,0,0
CELE_F40G9.6|F40G9.6,78,97
CELE_F40G9.5|F40G9.5,463,531
CELE_F40G9.4|btb-1,89,53
CELE_F40G9.11|mxl-2,1812,2080
CELE_F40G9.16|21ur-15576,0,0
CELE_W10C4.2|W10C4.2,0,0
CELE_Y50D7A.15|Y50D7A.15,0,0
CELE_Y50D7A.16|Y50D7A.16,0,0
CELE_Y50D7A.17|Y50D7A.17,0,0
CELE_Y50D7A.18|Y50D7A.18,0,0
CELE_F40G9.3|ubc-20,6583,6740
CELE_F40G9.2|cox-17,270,148
CELE_F40G9.1|sec-20,1080,1030
CELE_F40G9.17|F40G9.17,1306,1285
CELE_W10C4.1|W10C4.1,51,40
CELE_Y50D7A.6|klp-20,887,857
CELE_Y50D7A.5|hpo-38,122,136
CELE_Y50D7A.4|hpo-29,5136,5120
CELE_Y50D7A.3|phkg-1,3973,3870
CELE_Y50D7A.2|xpd-1,2666,2767
CELE_Y50D7A.13|Y50D7A.13,0,0
CELE_Y50D7A.14|Y50D7A.14,0,0
CELE_Y50D7A.9|taco-1,1457,1390
CELE_Y50D7A.1|Y50D7A.1,1565,1744
CELE_Y50D7A.7|ads-1,7708,7266
CELE_Y50D7A.10|Y50D7A.10,782,676
CELE_Y50D7A.8|Y50D7A.8,3586,3680
CELE_Y55B1BR.3|cec-8,1254,1363
CELE_Y55B1BR.2|affl-2,860,1018
CELE_Y55B1BR.6|Y55B1BR.6,76,55
CELE_Y55B1BR.4|magu-1,1042,1044
CELE_W07B3.3|linc-90,0,0
CELE_K10F12.3|pll-1,268,242
CELE_K10F12.4|gsto-3,645,787
CELE_K10F12.1|K10F12.1,0,0
CELE_W07B3.2|gei-4,11160,11361
CELE_K10F12.8|K10F12.8,9,8
CELE_K10F12.9|K10F12.9,2,0
CELE_K10F12.6|K10F12.6,11,25
CELE_Y55B1BL.1|Y55B1BL.1,1002,947
CELE_Y55B1BM.1|stim-1,3451,3114
CELE_F10C5.3|F10C5.3,97,70
CELE_F10C5.2|nemp-1,10349,9777
CELE_F10C5.1|mat-3,3860,3763
CELE_F30H5.6|F30H5.6,0,0
CELE_F30H5.7|F30H5.7,0,0
CELE_F30H5.8|F30H5.8,0,0
CELE_T22F7.T1|T22F7.t1,0,0
CELE_B0353.2|B0353.2,0,0
CELE_B0353.1|B0353.1,1562,1454
CELE_F30H5.1|unc-45,5660,5172
CELE_F30H5.4|F30H5.4,6,6
CELE_F30H5.3|F30H5.3,1726,1051
CELE_T22F7.3|T22F7.3,224,110
CELE_T22F7.4|T22F7.4,212,86
CELE_T22F7.1|T22F7.1,1061,898
CELE_Y55B1AR.2|Y55B1AR.2,2977,3187
CELE_Y55B1AL.2|gtf-2H5,948,847
CELE_Y55B1AL.3|helq-1,1475,1507
CELE_Y55B1AR.4|Y55B1AR.4,20,0
CELE_T19C3.3|T19C3.3,120,70
CELE_T19C3.9|ttr-7,135,102
CELE_T19C3.1|best-17,148,104
CELE_T19C3.2|T19C3.2,387,86
CELE_Y55B1AR.1|lec-6,29360,14225
CELE_T19C3.4|T19C3.4,1756,2085
CELE_T19C3.5|T19C3.5,638,505
CELE_T19C3.6|T19C3.6,24,0
CELE_T19C3.8|fem-2,6379,6039
CELE_W06E11.2|tag-267,825,762
CELE_W06E11.4|sbds-1,2599,2370
CELE_W06E11.5|tag-266,1626,1358
CELE_C09F5.1|C09F5.1,939,828
CELE_W06E11.1|W06E11.1,3368,3029
CELE_C09F5.2|orai-1,1287,1177
CELE_W02B3.8|W02B3.8,0,0
CELE_W02B3.2|grk-2,619,467
CELE_W02B3.4|W02B3.4,115,109
CELE_W02B3.7|W02B3.7,0,0
CELE_C24A1.8|C24A1.8,0,0
CELE_C24A1.7|C24A1.7,0,0
CELE_C24A1.5|C24A1.5,0,0
CELE_C24A1.6|C24A1.6,0,0
CELE_C24A1.2|elf-1,484,356
CELE_C24A1.3|sel-15,586,508
CELE_C24A1.1|flp-24,540,644
CELE_T17H7.7|T17H7.7,312,201
CELE_F42G9.4|nlp-52,25,30
CELE_F42G9.10|F42G9.10,0,0
CELE_F42G9.9|ptl-1,364,321
CELE_T17H7.4|pat-12,4743,3494
CELE_T17H7.8|21ur-13981,0,0
CELE_T17H7.1|idpp-1,301,178
CELE_F42G9.2|cyn-6,2725,2098
CELE_F42G9.5|alh-11,2614,2178
CELE_F42G9.6|dagl-2,5360,5325
CELE_F42G9.1|ppm-1.G,10448,10455
CELE_F42G9.7|snt-2,1080,1063
CELE_B0412.1|dac-1,37,53
CELE_B0412.8|21ur-9579,0,0
CELE_B0412.4|rps-29,12711,9047
CELE_B0412.3|trpp-11,5404,5112
CELE_B0412.2|daf-7,204,230
CELE_K02F3.5|clec-149,300,297
CELE_K02F3.9|K02F3.9,987,908
CELE_K02F3.13|K02F3.13,0,0
CELE_K02F3.6|ceeh-1,1206,973
CELE_K02F3.14|linc-37,51,39
CELE_K02F3.4|zip-2,12138,9200
CELE_K02F3.8|dos-3,46,0
CELE_K02F3.3|far-8,4414,4153
CELE_K02F3.2|K02F3.2,3173,3294
CELE_K02F3.10|moma-1,3568,3269
CELE_T24C4.2|T24C4.2,1115,1241
CELE_T24C4.8|clc-20,124,64
CELE_T24C4.4|clc-19,402,292
CELE_K02F3.11|rnp-5,4835,4534
CELE_K02F3.1|tag-51,719,536
CELE_K02F3.12|K02F3.12,4025,3564
CELE_Y6D11A.1|exos-4.2,2634,2338
CELE_Y6D11A.2|arx-4,4079,3752
CELE_T24C4.5|T24C4.5,1960,1839
CELE_T24C4.1|ucr-2.3,6272,6088
CELE_T24C4.6|zer-1,10206,11140
CELE_T24C4.10|T24C4.10,262,168
CELE_T24C4.7|ztf-18,3232,3094
CELE_F23H11.2|F23H11.2,1732,1815
CELE_F23H11.3|sucl-2,7409,5981
CELE_F23H11.4|F23H11.4,4159,4095
CELE_F23H11.9|crls-1,3245,2990
CELE_F23H11.5|F23H11.5,9066,7058
CELE_F23H11.10|21ur-15209,0,0
CELE_F23H11.7|F23H11.7,100,69
CELE_F23H11.8|pef-1,150,159
CELE_F23H11.1|bra-2,3917,3556
CELE_T12B5.6|fbxa-55,317,314
CELE_T12B5.13|fbxa-23,0,0
CELE_T12B5.16|T12B5.16,0,3
CELE_T12B5.17|T12B5.17,0,0
CELE_T12B5.11|fbxa-67,293,222
CELE_T12B5.4|fbxa-11,64,46
CELE_T12B5.8|fbxa-59,1072,543
CELE_T12B5.9|T12B5.9,31,32
CELE_T12B5.10|fbxa-60,2522,2344
CELE_T12B5.14|T12B5.14,52,39
CELE_T12B5.3|fbxa-10,64,48
CELE_T12B5.15|T12B5.15,796,509
CELE_T12B5.2|fbxa-54,247,240
CELE_T12B5.12|fbxa-70,91,37
CELE_T12B5.1|fbxa-51,428,291
CELE_R06B10.1|R06B10.1,73,0
CELE_R06B10.2|R06B10.2,118,89
CELE_R06B10.7|R06B10.7,0,0
CELE_R06B10.5|tbc-10,709,577
CELE_R06B10.4|trp-2,148,151
CELE_Y34F4.6|clc-27,13,20
CELE_Y34F4.2|clc-24,0,0
CELE_Y34F4.3|Y34F4.3,34,30
CELE_Y34F4.1|clc-23,419,459
CELE_Y34F4.4|clc-25,182,160
CELE_Y34F4.7|Y34F4.7,12,6
CELE_R06B10.8|R06B10.8,0,0
CELE_R06B10.3|clec-150,8758,8663
CELE_Y34F4.5|clc-26,1103,874
CELE_E_BE45912.2|E_BE45912.2,471,421
CELE_BE0003N10.2|chin-1,3295,3176
CELE_BE0003N10.6|BE0003N10.6,13,20
CELE_BE0003N10.T1|BE0003N10.t1,0,0
CELE_BE0003N10.T2|BE0003N10.t2,0,0
CELE_BE0003N10.T3|BE0003N10.t3,0,0
CELE_BE0003N10.T4|BE0003N10.t4,0,0
CELE_BE0003N10.T5|BE0003N10.t5,0,0
CELE_BE0003N10.T6|BE0003N10.t6,0,0
CELE_BE0003N10.4|BE0003N10.4,0,0
CELE_BE0003N10.5|BE0003N10.5,0,0
CELE_BE0003N10.1|pnpt-1,1460,1474
CELE_BE0003N10.3|fbxo-11.2,256,299
CELE_Y92C3B.2|uaf-1,8136,8092
CELE_Y92C3B.4|Y92C3B.4,22,15
CELE_F58B6.2|exc-6,421,330
CELE_F58B6.3|par-2,2549,2312
CELE_Y92C3B.3|rab-18,2727,2661
CELE_Y92C3B.1|kbp-4,2082,1696
CELE_F58B6.11|F58B6.11,283,195
CELE_Y92C3A.8|Y92C3A.8,0,0
CELE_Y92C3A.9|Y92C3A.9,0,2
CELE_Y92C3A.T2|Y92C3A.t2,0,0
CELE_Y92C3A.5|Y92C3A.5,0,0
CELE_Y92C3A.T3|Y92C3A.t3,0,0
CELE_Y92C3A.4|Y92C3A.4,0,0
CELE_Y92C3A.7|Y92C3A.7,0,0
CELE_Y92C3A.3|eak-3,0,0
CELE_Y92C3A.6|Y92C3A.6,0,0
CELE_Y71D11A.1|cdh-12,736,375
CELE_Y71D11A.3|acsd-1,364,305
CELE_Y71D11A.7|Y71D11A.7,0,0
CELE_Y71D11A.8|Y71D11A.8,0,0
CELE_F58B6.1|F58B6.1,109,78
CELE_Y71D11A.2|smr-1,3438,3359
CELE_Y119D3B.13|nspg-8,866,719
CELE_Y119D3B.14|Y119D3B.14,1915,2185
CELE_Y119D3B.15|dss-1,4731,4318
CELE_Y119D3B.16|mrpl-45,2244,2121
CELE_Y119D3B.12|Y119D3B.12,2551,2645
CELE_Y119D3B.11|orc-3,3070,2882
CELE_Y119D3B.21|Y119D3B.21,4977,3479
CELE_Y119D3B.9|fbxa-21,70,113
CELE_Y119D3B.8|fbxa-61,181,166
CELE_Y119D3B.7|fbxa-63,81,99
CELE_Y119D3B.24|Y119D3B.24,0,0
CELE_Y119D3B.T1|Y119D3B.t1,0,0
CELE_Y119D3B.23|Y119D3B.23,0,0
CELE_Y119D3B.10|Y119D3B.10,0,0
CELE_Y119D3B.26|Y119D3B.26,0,0
CELE_Y119D3B.17|pes-4,1615,1420
CELE_Y119D3B.22|fbxa-76,102,118
CELE_Y119D3B.6|fbxa-77,124,122
CELE_Y119D3B.18|fbxa-91,92,159
CELE_Y119D3B.4|fbxa-208,134,151
CELE_Y119D3B.19|fbxa-78,76,76
CELE_Y119D3B.20|fbxa-92,98,178
CELE_ZC47.7|fbxa-151,101,111
CELE_ZC47.6|fbxa-32,107,91
CELE_ZC47.5|fbxa-31,268,202
CELE_ZC47.3|fbxa-29,106,159
CELE_Y82E9BL.9|Y82E9BL.9,10,13
CELE_Y82E9BL.20|linc-40,0,0
CELE_Y82E9BL.18|Y82E9BL.18,117,42
CELE_Y82E9BL.8|fbxa-5,39,52
CELE_Y82E9BL.7|fbxa-26,207,252
CELE_Y82E9BL.17|fbxa-27,82,105
CELE_Y82E9BL.6|Y82E9BL.6,38,33
CELE_Y82E9BL.5|Y82E9BL.5,30,19
CELE_Y82E9BL.4|fbxa-25,14,19
CELE_Y82E9BL.3|Y82E9BL.3,30,12
CELE_Y82E9BL.2|Y82E9BL.2,37,21
CELE_Y82E9BR.24|21ur-9823,0,0
CELE_Y82E9BR.31|linc-24,36,24
CELE_Y82E9BR.10|Y82E9BR.10,0,0
CELE_Y82E9BR.20|Y82E9BR.20,5,2
CELE_Y82E9BR.6|Y82E9BR.6,0,0
CELE_ZC47.11|ZC47.11,0,0
CELE_Y119D3A.6|anr-53,0,0
CELE_Y119D3A.2|fbxa-28,0,0
CELE_Y119D3A.1|fbxa-75,0,0
CELE_Y82E9BL.12|Y82E9BL.12,0,0
CELE_ZC47.4|fbxa-30,44,70
CELE_ZC47.8|ZC47.8,35,30
CELE_ZC47.9|fbxa-33,100,151
CELE_ZC47.10|fbxa-34,61,42
CELE_ZC47.14|fbxa-37,139,96
CELE_ZC47.13|fbxa-50,18,0
CELE_Y82E9BL.13|fbxa-79,230,216
CELE_Y82E9BL.16|fbxa-20,15,0
CELE_Y82E9BL.14|fbxa-80,201,131
CELE_Y82E9BL.15|fbxa-19,201,138
CELE_Y82E9BL.11|fbxa-15,49,40
CELE_Y82E9BL.10|fbxa-14,333,220
CELE_Y82E9BR.12|fbxa-138,61,119
CELE_Y82E9BR.5|Y82E9BR.5,172,161
CELE_Y82E9BR.25|pals-20,45,23
CELE_Y82E9BR.13|pals-17,210,208
CELE_Y82E9BR.4|pals-16,84,117
CELE_Y82E9BR.23|pals-19,88,164
CELE_Y82E9BR.21|pals-18,106,162
CELE_Y82E9BR.22|Y82E9BR.22,657,574
CELE_Y82E9BR.14|Y82E9BR.14,2918,2659
CELE_Y82E9BR.15|elc-1,3531,3210
CELE_Y82E9BR.2|Y82E9BR.2,1371,1362
CELE_Y82E9BR.17|Y82E9BR.17,1827,1702
CELE_Y82E9BR.1|Y82E9BR.1,509,475
CELE_Y82E9BR.T1|Y82E9BR.t1,0,0
CELE_Y82E9BR.26|Y82E9BR.26,0,0
CELE_Y82E9BR.3|Y82E9BR.3,47733,38078
CELE_Y82E9BR.16|lelo-2,3791,3666
CELE_Y82E9BR.28|Y82E9BR.28,0,0
CELE_Y82E9BR.29|Y82E9BR.29,0,0
CELE_Y82E9BR.18|Y82E9BR.18,3971,3532
CELE_Y82E9BR.19|Y82E9BR.19,2157,2073
CELE_M01G5.6|ave-1,748,582
CELE_M01G5.8|M01G5.8,0,0
CELE_M01G5.7|M01G5.7,0,0
CELE_M01G5.5|snf-6,2581,2339
CELE_Y67D2.10|Y67D2.10,0,0
CELE_Y67D2.4|mtg-1,586,584
CELE_M01G5.10|M01G5.10,0,0
CELE_M01G5.9|M01G5.9,0,0
CELE_M01G5.1|M01G5.1,3897,3807
CELE_M01G5.3|tmem-120,2167,2320
CELE_Y67D2.5|Y67D2.5,695,572
CELE_Y67D2.3|cisd-3.2,3720,3531
CELE_Y67D2.11|Y67D2.11,0,0
CELE_Y67D2.6|ddx-35,1787,1942
CELE_Y67D2.9|Y67D2.9,0,0
CELE_Y67D2.7|eelo-1,2672,2269
CELE_Y22D7AL.8|sms-3,590,591
CELE_Y22D7AL.17|Y22D7AL.17,0,0
CELE_Y22D7AL.T4|Y22D7AL.t4,0,0
CELE_Y22D7AL.6|Y22D7AL.6,47,19
CELE_Y22D7AL.9|Y22D7AL.9,466,372
CELE_Y67D2.8|Y67D2.8,0,0
CELE_Y67D2.T2|Y67D2.t2,0,0
CELE_Y67D2.T3|Y67D2.t3,0,2
CELE_Y67D2.T4|Y67D2.t4,0,0
CELE_Y22D7AL.T6|Y22D7AL.t6,0,0
CELE_Y22D7AL.T1|Y22D7AL.t1,0,0
CELE_Y22D7AL.T5|Y22D7AL.t5,0,0
CELE_Y22D7AL.T2|Y22D7AL.t2,0,0
CELE_Y22D7AL.18|Y22D7AL.18,0,0
CELE_Y67D2.2|Y67D2.2,2242,2301
CELE_Y67D2.1|rep-1,1485,1450
CELE_Y22D7AL.7|Y22D7AL.7,726,891
CELE_Y22D7AL.10|Y22D7AL.10,5471,4696
CELE_Y22D7AL.19|Y22D7AL.19,0,0
CELE_Y22D7AL.11|Y22D7AL.11,96,38
CELE_Y22D7AL.14|cht-4,94,61
CELE_Y22D7AL.16|Y22D7AL.16,15,28
CELE_Y22D7AR.3|Y22D7AR.3,0,0
CELE_Y22D7AR.5|glb-30,0,19
CELE_Y22D7AL.15|Y22D7AL.15,1551,1258
CELE_Y22D7AR.14|Y22D7AR.14,0,0
CELE_Y22D7AR.8|srd-64,18,24
CELE_Y22D7AR.16|Y22D7AR.16,0,0
CELE_Y22D7AR.6|Y22D7AR.6,470,438
CELE_Y22D7AR.7|Y22D7AR.7,33,0
CELE_Y22D7AR.9|fbxa-74,495,245
CELE_Y22D7AL.5|hsp-60,19163,18826
CELE_Y22D7AR.10|spex-3,4419,2858
CELE_Y22D7AR.11|fbxa-13,130,83
CELE_Y22D7AR.2|Y22D7AR.2,120,128
CELE_Y22D7AR.17|Y22D7AR.17,0,0
CELE_Y22D7AR.18|Y22D7AR.18,0,0
CELE_Y22D7AR.12|Y22D7AR.12,61,0
CELE_Y22D7AR.13|ser-4,156,248
CELE_Y46E12A.5|Y46E12A.5,9,5
CELE_Y46E12A.1|cnc-6,8,37
CELE_Y46E12A.8|Y46E12A.8,0,0
CELE_Y46E12A.6|Y46E12A.6,0,0
CELE_Y46E12A.10|Y46E12A.10,0,0
CELE_Y46E12A.7|Y46E12A.7,0,0
CELE_Y46E12A.12|Y46E12A.12,0,0
CELE_Y46E12A.4|tbx-43,111,73
CELE_Y39A3CL.9|Y39A3CL.9,0,0
CELE_Y39A3CL.8|Y39A3CL.8,0,0
CELE_Y39A3CL.2|rimb-1,302,326
CELE_Y46E12A.9|Y46E12A.9,0,0
CELE_Y39A3CL.4|Y39A3CL.4,2593,2543
CELE_Y39A3CL.3|Y39A3CL.3,1075,783
CELE_Y39A3CL.11|Y39A3CL.11,0,0
CELE_Y39A3CL.10|Y39A3CL.10,0,0
CELE_Y39A3CL.13|Y39A3CL.13,0,0
CELE_Y39A3CL.15|Y39A3CL.15,0,0
CELE_Y39A3CL.5|clp-4,1371,1435
CELE_Y39A3CL.12|Y39A3CL.12,2,0
CELE_Y39A3CR.7|pqn-82,1073,1038
CELE_Y39A3CR.6|hlh-33,211,174
CELE_Y39A3CL.14|Y39A3CL.14,0,0
CELE_Y39A3CL.6|pvf-1,743,679
CELE_Y39A3CL.7|Y39A3CL.7,3772,3568
CELE_Y39A3CL.1|rexd-1,3560,3382
CELE_B0524.4|B0524.4,0,0
CELE_Y39A3CR.11|Y39A3CR.11,0,0
CELE_Y39A3CR.4|ddp-1,1826,1670
CELE_Y39A3CR.3|ttc-7,2517,2493
CELE_B0524.5|B0524.5,0,0
CELE_B0524.2|B0524.2,16,0
CELE_Y39A3CR.10|Y39A3CR.10,0,0
CELE_Y39A3CR.1|smi-1,1119,1000
CELE_B0524.8|B0524.8,0,0
CELE_B0524.7|B0524.7,0,0
CELE_B0524.6|B0524.6,1922,1840
CELE_Y71H2B.1|acbp-8,183,177
CELE_H19M22.6|H19M22.6,0,0
CELE_H19M22.3|zmp-2,243,150
CELE_H19M22.2|let-805,5869,3670
CELE_Y71H2AL.3|Y71H2AL.3,0,0
CELE_Y71H2AL.1|pbo-1,1511,940
CELE_Y71H2AL.2|Y71H2AL.2,44,24
CELE_Y71H2AM.9|slc-30A9,2523,2312
CELE_Y71H2AM.T1|Y71H2AM.t1,0,0
CELE_Y71H2AM.8|set-27,902,815
CELE_Y71H2AM.10|tmem-132,184,103
CELE_Y71H2AM.11|Y71H2AM.11,2804,2622
CELE_Y71H2AM.14|Y71H2AM.14,47,48
CELE_Y71H2AM.27|Y71H2AM.27,0,0
CELE_Y71H2AM.15|gldi-9,578,471
CELE_Y71H2AM.26|21ur-15373,0,0
CELE_Y71H2AM.16|pho-9,766,1160
CELE_Y71H2AM.7|cosa-1,1594,1638
CELE_Y71H2AM.12|Y71H2AM.12,290,188
CELE_Y71H2AM.13|cest-25,2489,3338
CELE_Y71H2AM.17|swsn-3,3663,3135
CELE_Y71H2AM.19|laf-1,13937,12749
CELE_B0524.10|B0524.10,0,0
CELE_F53A3.8|F53A3.8,0,0
CELE_R155.6|R155.6,0,0
CELE_R155.8|R155.8,0,0
CELE_R155.7|R155.7,0,0
CELE_R155.5|R155.5,0,0
CELE_Y39A3B.4|srd-66,0,0
CELE_Y39A3B.7|Y39A3B.7,0,0
CELE_Y39A3B.2|lgc-42,0,0
CELE_Y39A3B.T1|Y39A3B.t1,0,0
CELE_Y39A3B.1|Y39A3B.1,0,0
CELE_Y39A3B.6|Y39A3B.6,0,0
CELE_Y39A3B.5|ckr-2,70,0
CELE_M01E10.5|M01E10.5,0,0
CELE_M01E10.T1|M01E10.t1,0,0
CELE_M01E10.T2|M01E10.t2,0,0
CELE_M01E10.4|M01E10.4,0,0
CELE_M01E10.3|M01E10.3,0,0
CELE_Y39A3A.2|Y39A3A.2,0,0
CELE_Y39A3A.9|Y39A3A.9,0,0
CELE_Y39A3A.8|Y39A3A.8,0,0
CELE_Y39A3A.5|ins-16,0,4
CELE_Y39A3A.7|srz-86,0,0
CELE_Y39A3A.6|srz-87,0,0
CELE_Y48G9A.7|Y48G9A.7,37,25
CELE_Y48G9A.6|Y48G9A.6,0,0
CELE_Y48G9A.18|Y48G9A.18,0,0
CELE_Y48G9A.17|Y48G9A.17,0,0
CELE_Y48G9A.16|mir-229,0,0
CELE_Y48G9A.13|mir-64,0,0
CELE_Y48G9A.14|mir-65,0,0
CELE_Y48G9A.15|mir-66,0,0
CELE_C39B5.15|C39B5.15,0,0
CELE_C39B5.9|fbxa-47,0,0
CELE_C39B5.10|C39B5.10,0,0
CELE_C39B5.1|srz-56,0,0
CELE_C39B5.11|srd-67,0,0
CELE_T20H9.1|fbxa-7,0,0
CELE_T20H9.5|fbxa-68,0,0
CELE_T20H9.2|fbxa-43,0,0
CELE_Y54F10BM.19|Y54F10BM.19,0,0
CELE_Y54F10BM.23|Y54F10BM.23,0,0
CELE_Y54F10BM.17|21ur-15567,0,0
CELE_H04J21.4|H04J21.4,0,0
CELE_H14E04.6|H14E04.6,0,0
CELE_H14E04.8|H14E04.8,0,0
CELE_H14E04.7|H14E04.7,0,0
CELE_W04B5.7|21ur-12499,0,0
CELE_W04B5.6|W04B5.6,0,0
CELE_E02H9.6|E02H9.6,0,0
CELE_E02H9.10|anr-28,0,27
CELE_E02H9.4|E02H9.4,0,0
CELE_Y54F10AM.12|Y54F10AM.12,0,0
CELE_Y54F10AM.13|Y54F10AM.13,0,0
CELE_Y54F10AM.14|Y54F10AM.14,0,0
CELE_Y71H2B.12|Y71H2B.12,0,0
CELE_F53A3.4|pqn-41,5463,5450
CELE_F53A3.1|F53A3.1,40,64
CELE_F53A3.2|polh-1,3786,3427
CELE_F53A3.3|rps-15A,28174,28917
CELE_F53A3.7|F53A3.7,373,294
CELE_R155.1|mboa-6,8911,7172
CELE_R155.2|moa-1,116,0
CELE_R155.3|R155.3,62,0
CELE_Y39A3B.3|Y39A3B.3,22,23
CELE_Y39A3B.8|Y39A3B.8,9,0
CELE_M01E10.2|dpy-1,427,238
CELE_Y39A3A.3|Y39A3A.3,22,29
CELE_Y39A3A.4|Y39A3A.4,146,114
CELE_Y48G9A.9|Y48G9A.9,995,939
CELE_Y48G9A.8|ppk-2,2854,2819
CELE_Y48G9A.11|Y48G9A.11,572,533
CELE_Y48G9A.4|frl-1,2150,2259
CELE_Y48G9A.3|gcn-1,7559,7524
CELE_C39B5.6|C39B5.6,1397,1303
CELE_C39B5.5|C39B5.5,302,89
CELE_C39B5.14|C39B5.14,233,256
CELE_C39B5.4|fbxa-38,67,39
CELE_C39B5.3|fbxa-62,23,18
CELE_C39B5.16|C39B5.16,85,80
CELE_C39B5.2|C39B5.2,1009,939
CELE_T20H9.3|fbxa-71,111,79
CELE_Y54F10BL.1|fbxa-42,26,36
CELE_Y54F10BM.6|Y54F10BM.6,45,53
CELE_Y54F10BM.5|fbxa-9,37,0
CELE_Y54F10BM.7|fbxa-48,82,78
CELE_Y54F10BM.21|Y54F10BM.21,38,44
CELE_Y54F10BM.22|Y54F10BM.22,73,88
CELE_Y54F10BM.3|Y54F10BM.3,98,32
CELE_Y54F10BM.15|fbxa-219,95,145
CELE_Y54F10BM.9|Y54F10BM.9,1014,1054
CELE_Y54F10BM.10|fbxa-1,20,0
CELE_Y54F10BM.11|fbxa-66,22,29
CELE_Y54F10BM.2|iffb-1,9899,9813
CELE_Y54F10BM.12|Y54F10BM.12,88,47
CELE_Y54F10BM.13|Y54F10BM.13,152,221
CELE_Y54F10BM.1|ppm-1.D,4208,4049
CELE_Y54F10BM.14|phf-5,2443,2078
CELE_H04J21.3|gip-1,3992,4243
CELE_H04J21.1|H04J21.1,42,0
CELE_H14E04.2|H14E04.2,4181,4035
CELE_H14E04.3|H14E04.3,31,27
CELE_H14E04.5|cic-1,1285,1318
CELE_H14E04.1|strm-1,247,196
CELE_W04B5.4|mrpl-30,808,880
CELE_W04B5.5|W04B5.5,1468,1376
CELE_W04B5.3|W04B5.3,2660,2080
CELE_W04B5.8|W04B5.8,248,211
CELE_W04B5.1|W04B5.1,20,27
CELE_E02H9.13|E02H9.13,20,15
CELE_E02H9.11|anr-26,47,0
CELE_E02H9.7|E02H9.7,723,617
CELE_E02H9.5|klo-2,1135,705
CELE_E02H9.8|nhr-121,520,559
CELE_E02H9.12|E02H9.12,169,196
CELE_E02H9.3|E02H9.3,2675,2013
CELE_E02H9.2|E02H9.2,55,148
CELE_E02H9.9|E02H9.9,26,19
CELE_Y54F10AL.2|smg-6,5665,5576
CELE_Y54F10AL.1|Y54F10AL.1,2789,2645
CELE_Y54F10AM.8|Y54F10AM.8,2668,1816
CELE_Y54F10AM.6|Y54F10AM.6,211,109
CELE_Y54F10AM.10|rbc-2,3787,3427
CELE_Y54F10AM.5|ndua-8,3396,3227
CELE_Y54F10AM.4|ceh-44,3920,2373
CELE_Y54F10AM.16|cone-1,2149,3068
CELE_Y54F10AM.2|feh-1,370,151
CELE_Y54F10AM.11|Y54F10AM.11,1271,1035
CELE_Y54F10AR.2|Y54F10AR.2,1282,1474
CELE_Y54F10AR.1|Y54F10AR.1,3479,3099
CELE_Y71H2B.8|Y71H2B.8,285,364
CELE_Y71H2B.10|apb-1,6166,5390
CELE_Y71H2B.7|gpa-17,537,400
CELE_Y71H2B.6|mdt-19,2657,2170
CELE_Y71H2B.11|Y71H2B.11,553,507
CELE_Y71H2B.5|Y71H2B.5,2007,1856
CELE_Y71H2B.4|Y71H2B.4,979,863
CELE_Y71H2B.3|ppfr-4,3696,3563
CELE_Y71H2B.2|Y71H2B.2,3917,3823
CELE_Y71H2AM.24|tbcc-1,829,787
CELE_Y71H2AM.22|twk-45,32,27
CELE_Y71H2AM.25|Y71H2AM.25,16,13
CELE_Y71H2AM.6|Y71H2AM.6,345,316
CELE_Y71H2AM.20|Y71H2AM.20,2769,2518
CELE_Y71H2AM.5|cox-6B,14733,12005
CELE_Y71H2AM.4|nduc-2,3822,3112
CELE_Y71H2AM.3|Y71H2AM.3,2806,2741
CELE_Y71H2AM.23|tufm-1,10055,9541
CELE_Y71H2AM.2|pipp-4P,4150,4493
CELE_Y71H2AM.1|Y71H2AM.1,1434,1880
CELE_Y71H2AM.29|Y71H2AM.29,289,281
CELE_Y71H2AR.3|josd-1,230,251
CELE_Y71H2AR.1|txdc-17,1657,1359
CELE_H34I24.1|H34I24.1,15,0
CELE_F56F11.6|21ur-14267,0,0
CELE_F56F11.5|trpl-1,71,52
CELE_H34I24.2|H34I24.2,8691,5120
CELE_F56F11.4|F56F11.4,4209,3792
CELE_F56F11.1|F56F11.1,0,0
CELE_F56F11.2|F56F11.2,172,157
CELE_F56F11.T1|F56F11.t1,0,0
CELE_F56F11.7|F56F11.7,0,0
CELE_F56F11.3|klf-1,1166,920
CELE_T20B6.3|idpa-1,156,51
CELE_R10F2.7|R10F2.7,0,0
CELE_R10F2.1|cdh-1,1411,1050
CELE_R10F2.4|R10F2.4,27,0
CELE_R10F2.5|R10F2.5,13,11
CELE_R10F2.8|linc-42,0,0
CELE_R10F2.6|R10F2.6,327,351
CELE_H05C05.4|H05C05.4,47,72
CELE_Y55D5A.8|Y55D5A.8,0,0
CELE_Y55D5A.3|Y55D5A.3,121,121
CELE_H05C05.2|H05C05.2,1882,1876
CELE_H05C05.1|H05C05.1,7837,7010
CELE_Y55D5A.1|Y55D5A.1,468,360
CELE_Y55D5A.4|Y55D5A.4,115,58
CELE_Y55D5A.6|cutl-25,270,309
CELE_H06I04.7|fipr-29,47,25
CELE_H06I04.6|H06I04.6,1390,1419
CELE_H06I04.14|H06I04.14,12,8
CELE_Y55D5A.5|daf-2,11380,12260
CELE_Y55D5A.11|linc-143,0,0
CELE_H06I04.4|rps-27A,31461,32958
CELE_H06I04.9|H06I04.9,21,15
CELE_H06I04.8|H06I04.8,2,0
CELE_H06I04.3|H06I04.3,5446,5383
CELE_H06I04.T1|H06I04.t1,0,2
CELE_H06I04.2|sft-1,543,581
CELE_H06I04.1|ccep-135,1481,1235
CELE_Y53G8B.T6|Y53G8B.t6,0,0
CELE_Y53G8B.T7|Y53G8B.t7,0,0
CELE_Y53G8B.T8|Y53G8B.t8,0,0
CELE_Y53G8B.T3|Y53G8B.t3,0,0
CELE_Y53G8B.2|Y53G8B.2,951,798
CELE_Y53G8B.4|nipa-1,2353,2365
CELE_C44B11.8|linc-19,0,0
CELE_C44B11.4|nssp-28,122,99
CELE_Y53G8B.1|Y53G8B.1,196,154
CELE_C44B11.3|mec-12,747,533
CELE_C44B11.9|linc-45,12,0
CELE_C44B11.6|C44B11.6,71,44
CELE_C44B11.1|C44B11.1,9,0
CELE_R148.5|R148.5,2919,2762
CELE_R148.4|R148.4,1557,1588
CELE_R148.T2|R148.t2,0,0
CELE_R148.T3|R148.t3,0,0
CELE_R148.T4|R148.t4,0,0
CELE_R148.1|mks-1,53,34
CELE_R148.8|R148.8,4,0
CELE_R148.3|R148.3,6399,6250
CELE_R148.2|lmtr-5,1691,1572
CELE_H09G03.1|H09G03.1,14,0
CELE_H09G03.2|frm-8,427,428
CELE_R148.7|R148.7,82,18
CELE_R148.6|heh-1,3722,3064
CELE_H09G03.3|H09G03.3,0,0
CELE_Y53G8AL.4|Y53G8AL.4,22,13
CELE_Y53G8AL.2|nduf-9,7641,7397
CELE_Y53G8AM.5|nspg-7.2,1921,484
CELE_Y53G8AM.8|Y53G8AM.8,1139,1171
CELE_Y53G8AR.7|mfsd-8.3,537,277
CELE_Y53G8AR.8|Y53G8AR.8,1206,1110
CELE_Y53G8AR.6|Y53G8AR.6,2879,2648
CELE_Y53G8AR.5|Y53G8AR.5,861,879
CELE_Y53G8AR.3|ral-1,2678,2330
CELE_Y53G8AR.9|Y53G8AR.9,5056,3987
CELE_Y53G8AR.2|phf-15,1900,1886
CELE_F45H7.4|prk-2,327,404
CELE_F45H7.2|gei-1,1588,1631
CELE_F45H7.15|F45H7.15,0,0
CELE_F45H7.10|F45H7.10,0,0
CELE_F45H7.7|21ur-12980,0,0
CELE_F45H7.11|F45H7.11,0,0
CELE_F45H7.13|F45H7.13,0,0
CELE_C56G7.4|C56G7.4,0,0
CELE_C56G7.T1|C56G7.t1,0,0
CELE_F45H7.6|hecw-1,73,85
CELE_C56G7.3|elmd-1,383,381
CELE_C56G7.1|mlc-4,9379,8039
CELE_K01A11.T1|K01A11.t1,0,0
CELE_K01A11.2|metl-18,661,632
CELE_K01A11.1|K01A11.1,165,190
CELE_F59A2.7|F59A2.7,0,0
CELE_F59A2.5|F59A2.5,745,662
CELE_F59A2.6|golg-4,4406,3712
CELE_F59A2.3|cri-3,6582,6578
CELE_F59A2.4|clpf-1,2004,2100
CELE_F59A2.1|npp-9,30693,29860
CELE_C34C12.5|rsu-1,2016,1753
CELE_C34C12.9|C34C12.9,140,119
CELE_C34C12.6|C34C12.6,274,209
CELE_C34C12.7|C34C12.7,306,262
CELE_C34C12.1|C34C12.1,0,0
CELE_K01A11.4|spe-41,198,163
CELE_K01A11.3|K01A11.3,20,35
CELE_C34C12.12|C34C12.12,11,11
CELE_C34C12.2|C34C12.2,3177,3122
CELE_C34C12.8|C34C12.8,2290,2201
CELE_C34C12.3|pph-6,3371,3277
CELE_C34C12.4|smim-14,1748,1582
CELE_M01F1.1|gly-14,120,84
CELE_M01F1.9|M01F1.9,3143,3140
CELE_M01F1.8|M01F1.8,1436,1656
CELE_M01F1.2|rpl-13A,41715,42818
CELE_M01F1.3|lias-1,3499,3293
CELE_M01F1.11|mir-4927,0,0
CELE_M01F1.4|M01F1.4,3932,3751
CELE_M01F1.6|mrpl-35,696,749
CELE_M01F1.5|hmit-1.3,2518,3417
CELE_M01F1.7|pitp-1,1426,1219
CELE_C54C6.1|rpl-37.2,661,624
CELE_C54C6.11|C54C6.11,0,0
CELE_C54C6.7|C54C6.7,175,200
CELE_C54C6.5|nssp-29,30,21
CELE_C54C6.9|C54C6.9,0,0
CELE_C54C6.6|cfap-20,995,857
CELE_C54C6.2|ben-1,2193,2246
CELE_C48D5.9|C48D5.9,0,0
CELE_C48D5.8|C48D5.8,0,0
CELE_C48D5.1|nhr-6,208,93
CELE_C48D5.2|ptp-1,986,976
CELE_C32A3.4|C32A3.4,0,0
CELE_C32A3.7|C32A3.7,0,0
CELE_C32A3.1|sel-8,2140,2199
CELE_C32A3.2|mrps-31,1109,1028
CELE_C32A3.6|C32A3.6,4,6
CELE_C32A3.8|linc-95,0,0
CELE_C32A3.3|rilp-1,2944,2914
CELE_C32A3.5|C32A3.5,9,4
CELE_T27D1.3|npr-15,42,54
CELE_C46F11.6|C46F11.6,536,513
CELE_C46F11.1|unc-93,82,40
CELE_C46F11.9|anr-9,0,0
CELE_C46F11.3|madf-8,1134,1051
CELE_C46F11.2|gsr-1,14617,10497
CELE_C46F11.5|C46F11.5,2156,2130
CELE_C46F11.4|C46F11.4,3426,3475
CELE_T27D1.1|cyn-9,2016,1875
CELE_C14B1.1|pdi-1,19409,17487
CELE_C14B1.3|C14B1.3,649,755
CELE_C14B1.2|C14B1.2,4191,3628
CELE_C14B1.4|wdr-5.1,5464,5401
CELE_C14B1.5|dph-1,1544,1473
CELE_C14B1.10|alkb-8,2479,2403
CELE_C14B1.6|nrde-1,3219,3293
CELE_C14B1.8|sike-1,1651,1584
CELE_C14B1.7|C14B1.7,5472,5004
CELE_F34D10.6|arcp-1,144,147
CELE_F34D10.5|lin-48,43,25
CELE_C44F1.2|gmeb-3,0,0
CELE_F34D10.4|F34D10.4,2898,2835
CELE_C44F1.1|C44F1.1,375,222
CELE_C14B1.12|egc-1,1044,772
CELE_C14B1.9|gldi-5,7213,7185
CELE_F34D10.9|F34D10.9,92,45
CELE_F34D10.2|evl-18,4670,4784
CELE_F34D10.8|F34D10.8,64,20
CELE_F34D10.3|F34D10.3,83,81
CELE_C44F1.3|lec-4,2849,2343
CELE_T24A11.9|T24A11.9,0,0
CELE_T24A11.10|T24A11.10,0,0
CELE_T24A11.11|T24A11.11,0,2
CELE_T24A11.6|T24A11.6,0,0
CELE_C44F1.5|acy-3,834,698
CELE_T24A11.2|xbx-5,134,135
CELE_T24A11.3|toh-1,492,390
CELE_T24A11.5|T24A11.5,0,0
CELE_T24A11.1|mtm-3,22125,21037
CELE_R13G10.1|dpy-27,4948,4529
CELE_R13G10.2|amx-1,1302,1286
CELE_C36A4.14|C36A4.14,0,52
CELE_C36A4.10|C36A4.10,229,216
CELE_C36A4.1|cyp-25A1,578,487
CELE_C36A4.2|cyp-25A2,866,804
CELE_C36A4.3|cyp-25A3,381,394
CELE_C36A4.13|21ur-14909,0,0
CELE_C36A4.6|cyp-25A4,219,216
CELE_C36A4.5|maph-1.3,4376,4065
CELE_C36A4.11|C36A4.11,46,47
CELE_C36A4.4|C36A4.4,11354,9975
CELE_C36A4.8|brc-1,2157,2315
CELE_C36A4.12|C36A4.12,93,85
CELE_C36A4.9|acs-19,19001,16367
CELE_F13B10.3|21ur-15583,0,0
CELE_F13B10.2|rpl-3,174016,166000
CELE_F13B10.1|tir-1,2043,1865
CELE_T02C12.2|snpc-3.4,2375,2242
CELE_T02C12.5|nssp-30,34,83
CELE_T02C12.3|tftc-5,2705,2816
CELE_T02C12.8|T02C12.8,0,0
CELE_T02C12.1|hum-5,4527,3418
CELE_E03A3.4|his-70,42,6
CELE_E03A3.6|unc-79,309,274
CELE_T02C12.4|T02C12.4,37,13
CELE_E03A3.10|E03A3.10,51,28
CELE_E03A3.2|rcq-5,2719,2567
CELE_F37A8.6|21ur-14757,0,0
CELE_R10E9.3|R10E9.3,50,103
CELE_C36E8.6|C36E8.6,0,0
CELE_C36E8.11|C36E8.11,0,0
CELE_C36E8.8|21ur-14745,0,0
CELE_ZK1058.1|mmcm-1,8301,8917
CELE_ZK1058.2|pat-3,9945,9413
CELE_ZK1058.4|ccdc-47,11320,10270
CELE_ZK1058.3|ZK1058.3,744,649
CELE_ZK1058.5|metl-6,931,812
CELE_ZK1058.6|nit-1,622,283
CELE_ZK1058.9|ZK1058.9,1684,1351
CELE_F37A8.1|F37A8.1,17,0
CELE_F37A8.2|F37A8.2,34,0
CELE_F37A8.4|nlp-10,318,304
CELE_F37A8.5|F37A8.5,447,834
CELE_R10E9.2|R10E9.2,415,122
CELE_R10E9.1|msi-1,3119,4019
CELE_Y1A5A.1|Y1A5A.1,58,41
CELE_C36E8.2|glb-11,111,133
CELE_C36E8.1|tif-1A,8811,8966
CELE_C36E8.3|pxd-1,1415,1466
CELE_C36E8.4|C36E8.4,343,403
CELE_C36E8.5|tbb-2,86642,84401
CELE_C03C10.1|kin-19,18181,17480
CELE_C03C10.7|C03C10.7,0,0
CELE_C03C10.4|rei-1,3974,3454
CELE_C16C10.12|wht-3,33,0
CELE_C03C10.5|C03C10.5,255,178
CELE_C03C10.2|C03C10.2,21,0
CELE_C03C10.3|rnr-2,31096,26639
CELE_C30D11.3|C30D11.3,0,0
CELE_C30D11.1|unc-103,305,334
CELE_C30D11.2|C30D11.2,0,0
CELE_C30D11.6|C30D11.6,0,0
CELE_C30D11.4|C30D11.4,0,0
CELE_C30D11.5|C30D11.5,0,0
CELE_C16C10.11|har-1,5354,4734
CELE_C16C10.9|C16C10.9,0,0
CELE_C16C10.10|glod-4,2059,1697
CELE_C01G12.16|C01G12.16,11,0
CELE_C16C10.8|C16C10.8,1108,964
CELE_C16C10.7|rnf-5,2576,2276
CELE_C16C10.6|ccdc-55,3558,3121
CELE_C16C10.5|rnf-121,2291,1972
CELE_C16C10.4|C16C10.4,3830,3634
CELE_C16C10.3|hrde-1,29574,27546
CELE_C16C10.2|utp-11,2230,2260
CELE_C16C10.1|C16C10.1,2194,2039
CELE_R74.1|lars-1,13284,13889
CELE_R74.2|R74.2,150,78
CELE_R74.10|ssp-28,74,62
CELE_R74.11|R74.11,4,0
CELE_R74.4|dnj-16,3146,2848
CELE_R74.3|xbp-1,14658,12600
CELE_R74.9|R74.9,0,0
CELE_R74.5|asd-1,3633,3754
CELE_R74.6|pelo-1,943,750
CELE_R74.7|R74.7,3102,2874
CELE_R74.8|R74.8,8733,8919
CELE_F43C1.1|phlp-2,86,64
CELE_F43C1.2|mpk-1,9573,8718
CELE_F43C1.5|F43C1.5,110,33
CELE_F43C1.4|nhr-20,1327,1211
CELE_F43C1.7|F43C1.7,42,15
CELE_F43C1.6|mrpl-21,1371,1200
CELE_F43C1.3|zhit-2,998,795
CELE_Y44F5A.1|Y44F5A.1,1034,1169
CELE_T08A11.1|depd-5,4321,3849
CELE_T08A11.2|sftb-1,8638,8084
CELE_R10E4.1|R10E4.1,1990,1891
CELE_R10E4.3|R10E4.3,49,15
CELE_R10E4.2|sup-26,10532,11626
CELE_R10E4.4|mcm-5,17140,15694
CELE_R10E4.5|nth-1,813,788
CELE_R10E4.6|R10E4.6,69,177
CELE_R10E4.7|R10E4.7,122,70
CELE_R10E4.11|R10E4.11,2340,2125
CELE_R10E4.9|R10E4.9,670,612
CELE_H38K22.1|evl-14,7080,7037
CELE_H38K22.2|dcn-1,6459,6611
CELE_H38K22.3|tag-131,2033,2016
CELE_H38K22.5|gly-6,1611,1477
CELE_H38K22.9|H38K22.9,9,4
CELE_B0285.8|ckb-1,158,119
CELE_B0285.17|B0285.17,0,0
CELE_B0285.14|B0285.14,0,0
CELE_B0285.15|B0285.15,0,0
CELE_B0285.16|B0285.16,0,0
CELE_B0285.T1|B0285.t1,0,0
CELE_B0285.7|mnp-1,2165,2377
CELE_B0285.10|ckb-3,0,0
CELE_B0285.12|srpr-1.2,0,0
CELE_B0285.9|ckb-2,669,513
CELE_B0284.5|B0284.5,26,20
CELE_B0284.1|pals-26,64,0
CELE_B0284.3|B0284.3,147,136
CELE_B0284.7|B0284.7,0,0
CELE_R07E5.4|R07E5.4,293,139
CELE_R07E5.6|R07E5.6,47,0
CELE_R07E5.15|R07E5.15,77,31
CELE_B0285.13|21ur-14269,0,0
CELE_B0285.1|cdk-12,4645,5052
CELE_B0285.3|B0285.3,1765,1535
CELE_B0285.4|lcmt-1,3033,2607
CELE_B0285.5|hse-5,4328,4313
CELE_B0285.6|B0285.6,52,87
CELE_R07E5.17|R07E5.17,54,33
CELE_R07E5.16|R07E5.16,0,0
CELE_R07E5.13|mpc-1,1471,1429
CELE_R07E5.11|R07E5.11,661,481
CELE_R07E5.3|snfc-5,4482,4189
CELE_R07E5.14|rnp-4,6361,5985
CELE_R07E5.2|prdx-3,7088,6024
CELE_R07E5.1|gpch-1,3890,3500
CELE_R07E5.10|pdcd-2,2327,2128
CELE_R07E5.19|R07E5.19,888,934
CELE_R07E5.7|R07E5.7,3380,2614
CELE_R07E5.8|cku-80,3491,3023
CELE_C28A5.9|C28A5.9,0,0
CELE_C28A5.7|C28A5.7,0,0
CELE_C28A5.10|C28A5.10,0,0
CELE_C28A5.T3|C28A5.t3,0,0
CELE_C28A5.6|C28A5.6,187,114
CELE_C28A5.1|C28A5.1,2393,2311
CELE_C28A5.2|C28A5.2,2141,1972
CELE_C28A5.3|nex-3,579,357
CELE_C28A5.11|C28A5.11,0,0
CELE_F56F3.14|F56F3.14,5,6
CELE_F56F3.7|F56F3.7,4,12
CELE_C28A5.12|C28A5.12,0,0
CELE_C28A5.T2|C28A5.t2,0,0
CELE_C28A5.4|ceh-43,1026,1034
CELE_F56F3.4|mstr-2,68,0
CELE_F56F3.2|ndg-4,2046,1708
CELE_F56F3.10|F56F3.10,0,0
CELE_F56F3.1|ifet-1,54138,51740
CELE_F56F3.5|rps-3A,86728,85384
CELE_F56F3.6|ins-17,368,493
CELE_F25F2.1|F25F2.1,72,56
CELE_F25F2.3|F25F2.3,0,0
CELE_F25F2.5|F25F2.5,0,0
CELE_F25F2.2|cdh-4,6126,5937
CELE_M88.1|ugt-62,2105,1998
CELE_M88.2|mrps-34,1718,1711
CELE_M88.8|21ur-10785,0,1
CELE_M88.4|M88.4,80,61
CELE_M88.7|cisd-3.1,1626,1575
CELE_M88.3|M88.3,55,30
CELE_C07G2.1|cpg-1,85115,87052
CELE_C07G2.4|C07G2.4,0,0
CELE_C07G2.2|atf-7,13934,12392
CELE_C07G2.3|cct-5,30265,28176
CELE_M88.5|imph-1,9691,10293
CELE_M88.6|pan-1,2164,1969
CELE_F35G12.1|mlcd-1,2478,2743
CELE_F35G12.2|idhg-1,9528,8952
CELE_F35G12.3|sel-5,6384,6697
CELE_F35G12.14|F35G12.14,0,0
CELE_F10F2.1|sel-2,9407,9680
CELE_F35G12.6|mab-21,260,260
CELE_F35G12.4|wdr-48,4580,4270
CELE_F35G12.12|F35G12.12,4885,4038
CELE_F35G12.5|F35G12.5,1677,1715
CELE_F35G12.7|F35G12.7,317,296
CELE_F35G12.8|smc-4,12870,13234
CELE_F35G12.11|erh-2,2367,1706
CELE_F35G12.9|apc-11,1392,1322
CELE_F35G12.10|asb-1,11240,11510
CELE_F10F2.9|pqn-29,70,0
CELE_T23F11.6|dbd-10,107,97
CELE_F10F2.11|F10F2.11,0,0
CELE_F10F2.15|F10F2.15,0,0
CELE_F10F2.3|lips-3,218,85
CELE_F10F2.2|pfas-1,1593,1736
CELE_F10F2.4|lron-5,50,61
CELE_F10F2.7|clec-151,96,0
CELE_F10F2.6|clec-152,27,0
CELE_F10F2.8|clec-153,30,0
CELE_T23F11.2|T23F11.2,104,32
CELE_T23F11.12|T23F11.12,0,0
CELE_T23F11.3|cdka-1,265,209
CELE_T23F11.9|T23F11.9,0,0
CELE_T23F11.5|srg-13,0,0
CELE_T04A8.3|clec-155,0,0
CELE_T23F11.4|T23F11.4,936,762
CELE_T04A8.4|tag-243,184,150
CELE_T23F11.1|ppm-2,7689,8661
CELE_T04A8.17|T04A8.17,0,0
CELE_T04A8.5|ppat-1,359,341
CELE_T04A8.6|nifk-1,2752,2735
CELE_T04A8.8|T04A8.8,7862,6850
CELE_T04A8.7|T04A8.7,8400,8164
CELE_T04A8.9|dnj-18,1269,1218
CELE_T04A8.10|sel-13,1760,1373
CELE_T04A8.16|clp-2,2189,2194
CELE_T04A8.11|mrpl-16,1990,1866
CELE_T04A8.12|pgap-2,1700,1601
CELE_T04A8.13|T04A8.13,23,0
CELE_F17C8.3|F17C8.3,148,125
CELE_F17C8.1|acy-1,521,497
CELE_F17C8.13|F17C8.13,0,0
CELE_F17C8.12|F17C8.12,0,4
CELE_F17C8.8|F17C8.8,121,152
CELE_F17C8.9|F17C8.9,419,291
CELE_F17C8.7|F17C8.7,120,52
CELE_F17C8.4|ras-2,848,803
CELE_F17C8.11|F17C8.11,0,0
CELE_F17C8.2|col-89,126,65
CELE_VB0393L.2|VB0393L.2,239,7
CELE_B0393.8|B0393.8,234,460
CELE_T04A8.18|T04A8.18,103,56
CELE_T04A8.15|him-18,3452,3551
CELE_T04A8.14|emb-5,22222,21208
CELE_B0393.1|rpsa-1,59972,61736
CELE_B0393.15|B0393.15,0,0
CELE_B0393.13|B0393.13,0,0
CELE_B0393.16|B0393.16,0,0
CELE_B0393.14|B0393.14,0,0
CELE_B0393.5|B0393.5,685,526
CELE_B0393.7|B0393.7,22,0
CELE_B0393.10|B0393.10,0,0
CELE_B0393.11|B0393.11,0,0
CELE_B0393.2|rbg-3,7175,7372
CELE_B0393.3|fbxl-2,7723,6783
CELE_B0393.4|B0393.4,62,0
CELE_C38D4.10|C38D4.10,85,120
CELE_B0393.9|B0393.9,396,370
CELE_B0393.6|gex-5,3079,3116
CELE_C38D4.1|enu-3.2,1920,1777
CELE_C38D4.3|mel-28,10665,10820
CELE_C38D4.4|mip-1,4113,3818
CELE_C38D4.7|C38D4.7,97,109
CELE_C38D4.8|arl-6,50,40
CELE_F26A1.7|F26A1.7,27,0
CELE_F26A1.4|F26A1.4,32,0
CELE_F26A1.8|F26A1.8,61,27
CELE_F26A1.9|F26A1.9,63,41
CELE_F26A1.16|21ur-14291,0,0
CELE_F26A1.3|F26A1.3,73,22
CELE_F26A1.10|nspd-9,62,13
CELE_F26A1.11|clec-156,0,0
CELE_F26A1.15|acbp-7,11,0
CELE_F26A1.19|nssp-32,56,70
CELE_F26A1.12|clec-157,11,20
CELE_C38D4.11|C38D4.11,0,0
CELE_C38D4.5|tag-325,3667,3987
CELE_C38D4.9|metl-5,421,426
CELE_C38D4.6|pal-1,5943,5633
CELE_F26A1.2|fkh-5,68,45
CELE_F26A1.13|nonu-1,3152,2830
CELE_F26A1.1|F26A1.1,3378,3151
CELE_C35D10.12|C35D10.12,42,81
CELE_C35D10.2|gipc-1,654,157
CELE_C35D10.9|ced-4,1843,1769
CELE_C35D10.8|C35D10.8,161,164
CELE_C35D10.7|C35D10.7,3295,2962
CELE_C35D10.6|C35D10.6,2983,2889
CELE_C35D10.10|C35D10.10,2909,2772
CELE_C35D10.5|C35D10.5,1159,1144
CELE_C35D10.4|coq-8,3826,3541
CELE_C35D10.17|C35D10.17,633,611
CELE_C35D10.11|msd-4,425,113
CELE_C35D10.3|C35D10.3,16,0
CELE_C35D10.13|tost-1,4408,4014
CELE_C35D10.14|clec-5,55,67
CELE_C35D10.16|arx-6,2834,2666
CELE_C35D10.1|C35D10.1,3085,2799
CELE_F26F4.5|F26F4.5,2714,2695
CELE_F26F4.6|F26F4.6,2138,1932
CELE_F26F4.7|nhl-2,11977,12595
CELE_F26F4.14|F26F4.14,0,0
CELE_F26F4.4|tag-340,4007,4135
CELE_F26F4.13|kbp-2,1246,1044
CELE_F26F4.8|F26F4.8,824,868
CELE_F26F4.3|rom-1,481,429
CELE_F26F4.12|F26F4.12,1568,1420
CELE_F26F4.10|rars-1,8717,8191
CELE_F26F4.9|F26F4.9,1536,1364
CELE_F26F4.2|F26F4.2,62,42
CELE_F26F4.1|cee-1,3947,3777
CELE_F26F4.11|rpb-8,3247,2998
CELE_C26E6.8|ula-1,2945,2877
CELE_C26E6.11|mmab-1,1600,1486
CELE_C26E6.9|set-2,5824,5536
CELE_C26E6.12|C26E6.12,1729,1500
CELE_C26E6.7|eri-9,3297,2985
CELE_C26E6.2|flh-2,1742,1828
CELE_C26E6.6|mrps-18C,3380,3210
CELE_C26E6.5|fsn-1,4897,4227
CELE_C26E6.4|rpb-2,10592,9990
CELE_C26E6.3|ntl-9,4035,3871
CELE_C27F2.4|C27F2.4,2355,2198
CELE_C27F2.5|vps-22,2618,2561
CELE_C27F2.9|C27F2.9,1713,1707
CELE_R144.5|smcr-8,1983,2000
CELE_R144.10|R144.10,961,980
CELE_C27F2.14|C27F2.14,0,0
CELE_C27F2.13|C27F2.13,0,0
CELE_C27F2.2|nca-2,188,234
CELE_C27F2.11|C27F2.11,0,0
CELE_C27F2.6|C27F2.6,14,0
CELE_C27F2.7|C27F2.7,1459,1439
CELE_C27F2.10|C27F2.10,3341,3119
CELE_C27F2.1|wdr-60,98,65
CELE_C27F2.8|tmem-131,11478,11461
CELE_T15B12.2|T15B12.2,52,0
CELE_F52C9.10|F52C9.10,0,0
CELE_F52C9.5|F52C9.5,34,0
CELE_T15B12.T1|T15B12.t1,0,0
CELE_T15B12.1|T15B12.1,966,955
CELE_F52C9.1|sorf-2,1936,1980
CELE_ZK121.2|ZK121.2,794,603
CELE_F52C9.9|21ur-11565,0,0
CELE_F52C9.7|mog-3,4379,4724
CELE_F52C9.8|pqe-1,13259,13382
CELE_F52C9.3|F52C9.3,1659,1793
CELE_Y32H12A.9|Y32H12A.9,0,0
CELE_ZK121.1|glrx-21,1055,1027
CELE_Y32H12A.2|thoc-5,3609,3344
CELE_Y32H12A.3|dhs-9,2503,1711
CELE_Y32H12A.4|szy-2,2800,2739
CELE_Y32H12A.5|paqr-2,3281,3236
CELE_W03A5.7|dnj-24,661,508
CELE_Y32H12A.8|Y32H12A.8,5957,5649
CELE_Y32H12A.10|21ur-13217,0,0
CELE_Y32H12A.6|Y32H12A.6,540,488
CELE_Y32H12A.7|Y32H12A.7,2667,2903
CELE_W03A5.2|W03A5.2,129,137
CELE_W03A5.1|W03A5.1,81,0
CELE_W03A5.3|grl-22,45,28
CELE_W03A5.6|dlgr-1,3491,3395
CELE_T24G10.2|T24G10.2,6031,5621
CELE_F48E8.8|F48E8.8,91,83
CELE_F48E8.6|disl-2,3221,3257
CELE_F48E8.7|skpt-1,5948,5698
CELE_R144.14|21ur-15580,0,0
CELE_R144.3|R144.3,1192,1157
CELE_R144.19|R144.19,0,0
CELE_C45G9.14|C45G9.14,0,0
CELE_C45G9.10|C45G9.10,0,0
CELE_C45G9.16|21ur-14872,0,0
CELE_C45G9.1|ttbk-6,0,0
CELE_F54D8.7|F54D8.7,0,0
CELE_F54D8.8|F54D8.8,0,0
CELE_F21H11.2|sax-2,4319,4212
CELE_Y54H5A.6|21ur-15343,0,0
CELE_K10D2.1|hira-1,4662,4310
CELE_ZC155.5|cutl-19,19,20
CELE_ZC395.12|ZC395.12,0,0
CELE_R144.6|R144.6,1423,1391
CELE_R144.12|R144.12,1195,1126
CELE_R144.11|R144.11,719,552
CELE_R144.7|larp-1,29261,30379
CELE_R144.18|R144.18,5,8
CELE_R144.4|wip-1,3918,4466
CELE_R144.9|mdt-11,1414,1167
CELE_R144.13|R144.13,501,591
CELE_R144.17|linc-2,20,11
CELE_R144.2|pcf-11,5348,5086
CELE_R144.15|srpr-2.2,17,10
CELE_C45G9.6|C45G9.6,1359,1280
CELE_C45G9.13|nlp-43,177,96
CELE_C45G9.7|txbp-3,363,274
CELE_C45G9.5|vtip-1,2665,2415
CELE_C45G9.8|C45G9.8,47,23
CELE_C45G9.9|C45G9.9,145,59
CELE_C45G9.4|C45G9.4,79,31
CELE_C45G9.11|C45G9.11,20,22
CELE_C45G9.2|C45G9.2,1531,1440
CELE_C45G9.12|C45G9.12,35,32
CELE_F54D8.3|alh-1,11239,10779
CELE_F54D8.2|cox-6A,7284,6372
CELE_F54D8.4|cah-1,113,79
CELE_F54D8.10|F54D8.10,8,5
CELE_F54D8.6|F54D8.6,4655,4551
CELE_F54D8.1|dpy-17,13506,11452
CELE_F21H11.3|tbx-2,874,1009
CELE_Y54H5A.2|Y54H5A.2,2437,2499
CELE_Y54H5A.3|rbm-42,4157,3982
CELE_Y54H5A.1|grwd-1,5346,5731
CELE_Y54H5A.4|oxy-4,1068,1095
CELE_Y54H5A.5|Y54H5A.5,21,8
CELE_T10F2.5|T10F2.5,724,565
CELE_T10F2.1|gars-1,9432,9079
CELE_T10F2.2|T10F2.2,2745,2595
CELE_T10F2.3|ulp-1,6900,6469
CELE_T10F2.4|prp-19,10035,9817
CELE_K10D2.5|K10D2.5,986,844
CELE_K10D2.4|emb-1,1193,1070
CELE_K10D2.3|cid-1,8375,8529
CELE_K10D2.2|pup-2,21122,19201
CELE_K10D2.8|K10D2.8,26,26
CELE_K10D2.7|moc-6,38,25
CELE_K10D2.6|emb-8,9176,8608
CELE_ZC155.3|morc-1,4710,4765
CELE_ZC155.7|syx-16,2105,1998
CELE_ZC155.4|ZC155.4,4251,3936
CELE_ZC155.2|ZC155.2,21,0
CELE_ZC155.1|nex-1,8965,8435
CELE_C34E10.10|C34E10.10,1023,1068
CELE_C34E10.12|C34E10.12,7,15
CELE_C34E10.6|atp-2,97346,92565
CELE_C34E10.5|prmt-5,4711,4264
CELE_C34E10.11|mrps-26,3008,2665
CELE_C34E10.4|prx-10,2164,2226
CELE_C34E10.7|cnd-1,228,173
CELE_C34E10.8|sumv-1,6499,6333
CELE_C34E10.3|gop-1,1739,1702
CELE_C34E10.2|gop-2,3094,2794
CELE_C34E10.1|gop-3,3835,3524
CELE_C34E10.9|C34E10.9,24,0
CELE_ZC395.7|hap-1,688,650
CELE_ZC395.6|gro-1,1235,1146
CELE_ZC395.5|ZC395.5,417,586
CELE_ZC395.8|ztf-8,5578,5230
CELE_ZC395.4|ZC395.4,31,13
CELE_ZC395.10|daf-41,19830,17409
CELE_ZC395.3|toc-1,3922,3855
CELE_ZC395.2|clk-1,1053,1104
CELE_F48E8.5|paa-1,21422,21245
CELE_F48E8.4|F48E8.4,3506,2965
CELE_F48E8.3|F48E8.3,3963,3887
CELE_F48E8.2|F48E8.2,3793,3678
CELE_F48E8.1|lon-1,3582,1936
CELE_R02F2.6|R02F2.6,0,0
CELE_R02F2.10|R02F2.10,21,31
CELE_R02F2.5|R02F2.5,0,0
CELE_R02F2.7|R02F2.7,1382,1418
CELE_R02F2.4|R02F2.4,2259,2266
CELE_R02F2.2|osg-1,506,490
CELE_R02F2.8|R02F2.8,207,212
CELE_R02F2.9|mrpl-58,1374,1302
CELE_D1044.7|D1044.7,45,76
CELE_D1044.3|pqn-25,202,175
CELE_D1044.13|D1044.13,0,0
CELE_D1044.11|D1044.11,0,0
CELE_R02F2.1|R02F2.1,15725,18353
CELE_D1044.1|D1044.1,149,130
CELE_D1044.2|dex-1,1648,1541
CELE_D1044.6|D1044.6,7092,6733
CELE_F09F7.5|F09F7.5,1272,1131
CELE_F09F7.6|F09F7.6,1004,2010
CELE_F09F7.7|nmad-1,1847,2152
CELE_F09F7.8|nspb-12,27,30
CELE_F09F7.1|molo-1,30,46
CELE_F56D2.8|F56D2.8,0,0
CELE_F56D2.5|F56D2.5,195,172
CELE_F09F7.4|hach-1,3777,3660
CELE_F09F7.3|rpc-2,8733,8535
CELE_F09F7.2|mlc-3,17431,15029
CELE_F56D2.3|F56D2.3,248,166
CELE_F56D2.2|F56D2.2,2471,2310
CELE_F56D2.6|ddx-15,8445,8171
CELE_F56D2.9|F56D2.9,0,0
CELE_F56D2.1|ucr-1,14062,13805
CELE_F56D2.7|ced-6,3022,3304
CELE_C05D2.10|wdr-37,5893,6119
CELE_C05D2.16|C05D2.16,0,0
CELE_C05D2.14|C05D2.14,0,0
CELE_C05D2.6|madf-11,3258,3155
CELE_C05D2.15|C05D2.15,5,6
CELE_C05D2.3|basl-1,45,0
CELE_C05D2.4|bas-1,1059,615
CELE_C05D2.5|xnd-1,6873,7058
CELE_C05D2.8|C05D2.8,3219,2293
CELE_C05H8.4|C05H8.4,0,0
CELE_C05H8.1|ckk-1,137,166
CELE_C05H8.3|C05H8.3,3,0
CELE_F54E7.6|F54E7.6,16,0
CELE_F54E7.5|sdz-21,217,243
CELE_C05D2.1|daf-4,2702,2696
CELE_C05D2.11|C05D2.11,505,332
CELE_F54E7.12|21ur-9905,0,0
CELE_F54E7.3|par-3,17214,16602
CELE_F54E7.9|F54E7.9,894,718
CELE_F54E7.8|ska-3,2319,2156
CELE_F54E7.2|rps-12,38560,35478
CELE_F54E7.10|F54E7.10,5,4
CELE_F54E7.11|F54E7.11,5,4
CELE_F54E7.1|pst-2,1565,1582
CELE_F54E7.7|rcan-1,720,912
CELE_B0336.6|abi-1,8708,8718
CELE_B0336.5|arle-14,2437,1912
CELE_B0336.13|B0336.13,1598,1557
CELE_B0336.7|B0336.7,2115,2041
CELE_B0336.8|lgg-3,933,870
CELE_B0336.11|hpo-28,215,126
CELE_B0336.4|rgs-5,768,792
CELE_B0336.9|swp-1,3149,2850
CELE_B0336.10|rpl-23,42603,38530
CELE_B0336.1|wrm-1,4472,4299
CELE_B0336.3|rbm-26,10033,10528
CELE_B0336.2|arf-1,18710,17364
CELE_B0244.7|B0244.7,29,36
CELE_B0244.17|B0244.17,54,40
CELE_B0244.10|B0244.10,117,107
CELE_B0244.6|B0244.6,129,128
CELE_B0244.5|B0244.5,0,37
CELE_B0244.4|B0244.4,28,0
CELE_B0244.T3|B0244.t3,0,0
CELE_B0244.13|B0244.13,0,0
CELE_B0244.T1|B0244.t1,0,0
CELE_B0244.2|ida-1,1816,1806
CELE_B0244.8|egg-1,28935,27135
CELE_B0244.9|B0244.9,49,17
CELE_Y37B11A.1|cutl-23,82,70
CELE_Y37B11A.4|Y37B11A.4,0,0
CELE_Y37B11A.T2|Y37B11A.t2,0,0
CELE_Y37B11A.6|mir-4938,0,0
CELE_W03A3.4|W03A3.4,0,0
CELE_Y37B11A.2|rev-3,1502,1332
CELE_Y37B11A.8|Y37B11A.8,416,540
CELE_Y37B11A.3|Y37B11A.3,817,700
CELE_R12B2.3|R12B2.3,21,16
CELE_R12B2.2|R12B2.2,292,288
CELE_R12B2.1|sma-4,808,831
CELE_W03A3.2|polq-1,4320,4149
CELE_W03A3.1|ceh-10,65,94
CELE_R12B2.4|him-10,3735,3660
CELE_R12B2.8|R12B2.8,30,15
CELE_R12B2.5|mdt-15,11972,12990
CELE_F01F1.7|ddx-23,6629,6630
CELE_F01F1.8|cct-6,20756,20691
CELE_F01F1.6|alh-9,4996,4397
CELE_F01F1.5|dpf-4,4174,3809
CELE_F01F1.9|dnpp-1,4394,3943
CELE_C28H8.5|C28H8.5,35,0
CELE_F01F1.16|F01F1.16,0,0
CELE_F01F1.14|F01F1.14,0,8
CELE_F01F1.2|F01F1.2,1929,1924
CELE_F01F1.1|hpo-10,2813,2417
CELE_C28H8.6|pxl-1,1846,1861
CELE_F01F1.4|rabn-5,2510,2562
CELE_F01F1.10|eng-1,1174,1214
CELE_F01F1.15|F01F1.15,772,665
CELE_F01F1.11|F01F1.11,3493,3281
CELE_F01F1.3|F01F1.3,354,333
CELE_F01F1.12|aldo-2,40339,36332
CELE_C28H8.9|dpff-1,4372,4166
CELE_C28H8.4|erd-2.2,4709,4353
CELE_C28H8.14|C28H8.14,548,469
CELE_C28H8.11|tdo-2,1500,1298
CELE_C28H8.3|C28H8.3,15922,16245
CELE_C28H8.2|C28H8.2,39,44
CELE_C28H8.12|dnc-2,3715,3243
CELE_EGAP1.1|EGAP1.1,51,35
CELE_EGAP1.2|mir-67,0,0
CELE_EGAP1.4|EGAP1.4,0,0
CELE_C28H8.1|bcl-7,1885,1847
CELE_EGAP1.3|zmp-1,80,32
CELE_EGAP1.5|EGAP1.5,114,93
CELE_F47D12.6|F47D12.6,238,207
CELE_F47D12.7|F47D12.7,111,48
CELE_F47D12.1|gar-2,178,98
CELE_F47D12.10|F47D12.10,0,0
CELE_C56G2.5|C56G2.5,525,385
CELE_C56G2.19|C56G2.19,0,0
CELE_C56G2.4|C56G2.4,190,212
CELE_F47D12.3|F47D12.3,41,22
CELE_F47D12.9|F47D12.9,6917,7185
CELE_C56G2.6|let-767,8588,7409
CELE_C56G2.7|rpn-13,9481,8933
CELE_F25B5.9|F25B5.9,0,0
CELE_F25B5.8|F25B5.8,0,0
CELE_F25B5.11|F25B5.11,0,0
CELE_F25B5.10|F25B5.10,0,0
CELE_T04C9.3|T04C9.3,0,0
CELE_T04C9.9|T04C9.9,0,0
CELE_T04C9.12|T04C9.12,0,0
CELE_T04C9.11|T04C9.11,0,0
CELE_T04C9.8|T04C9.8,0,0
CELE_T04C9.7|T04C9.7,0,0
CELE_T04C9.2|T04C9.2,0,0
CELE_T04C9.13|T04C9.13,0,1
CELE_ZK328.8|tbx-7,46,65
CELE_ZK328.9|21ur-14137,0,0
CELE_ZK328.10|ZK328.10,0,0
CELE_ZK328.7|ift-139,0,0
CELE_F40H6.2|F40H6.2,0,0
CELE_F40H6.7|F40H6.7,0,0
CELE_F40H6.T1|F40H6.t1,0,0
CELE_F40H6.8|F40H6.8,0,0
CELE_C05D10.2|mapk-15,97,122
CELE_C05D10.7|21ur-15542,0,0
CELE_C05D10.6|21ur-14987,0,0
CELE_Y42G9A.8|Y42G9A.8,0,0
CELE_F42A10.12|F42A10.12,0,0
CELE_F42A10.T1|F42A10.t1,0,0
CELE_F42A10.11|F42A10.11,0,0
CELE_F42A10.T2|F42A10.t2,0,0
CELE_C23G10.13|mir-8206,0,0
CELE_T12A2.18|21ur-13658,0,0
CELE_T12A2.16|hot-4,93,54
CELE_T12A2.6|T12A2.6,0,0
CELE_T12A2.20|T12A2.20,0,0
CELE_T12A2.9|srg-8,0,0
CELE_T12A2.10|srg-9,0,0
CELE_T12A2.19|T12A2.19,0,0
CELE_C18F10.4|srg-1,0,0
CELE_T12A2.12|srg-4,0,0
CELE_C18F10.6|srg-3,0,0
CELE_C18F10.9|C18F10.9,0,0
CELE_C18F10.7|C18F10.7,5407,5479
CELE_F25B5.4|ubq-1,84162,75569
CELE_F25B5.5|F25B5.5,1412,1506
CELE_F25B5.6|F25B5.6,3972,4049
CELE_F25B5.3|F25B5.3,8215,7623
CELE_F25B5.7|nono-1,6805,6362
CELE_F25B5.2|nop-1,7687,7630
CELE_F25B5.1|dct-6,2702,3025
CELE_T04C9.4|mlp-1,1477,986
CELE_T04C9.6|frm-2,1581,1477
CELE_T04C9.10|T04C9.10,3,0
CELE_T04C9.1|T04C9.1,6355,6402
CELE_ZK328.4|gcna-1,3785,3895
CELE_ZK328.2|eftu-2,11331,11223
CELE_ZK328.5|npp-10,18036,16673
CELE_ZK328.1|cyk-3,4971,5523
CELE_ZK328.6|ZK328.6,127,102
CELE_F40H6.4|tbx-11,348,365
CELE_F40H6.1|clc-10,66,19
CELE_F40H6.6|F40H6.6,465,576
CELE_C05D10.1|attf-4,2200,1869
CELE_C05D10.3|wht-1,379,300
CELE_C05D10.4|C05D10.4,723,650
CELE_T17E9.2|nmt-1,9131,9521
CELE_T17E9.1|kin-18,10750,10559
CELE_Y42G9A.4|mvk-1,6946,6266
CELE_Y42G9A.6|wht-7,2498,2602
CELE_Y42G9A.3|Y42G9A.3,1476,907
CELE_Y42G9A.2|Y42G9A.2,396,236
CELE_Y42G9A.1|rotr-1,343,421
CELE_F42A10.3|anmt-2,818,988
CELE_F42A10.2|nfm-1,1604,1747
CELE_F42A10.9|F42A10.9,473,213
CELE_F42A10.4|efk-1,6277,7504
CELE_F42A10.5|F42A10.5,8321,7351
CELE_F42A10.1|abcf-3,7042,7537
CELE_F42A10.6|F42A10.6,3627,2423
CELE_F42A10.7|F42A10.7,584,680
CELE_F42A10.8|nas-28,82,71
CELE_C23G10.14|C23G10.14,89,95
CELE_C23G10.5|C23G10.5,65,75
CELE_C23G10.6|ugt-66,71,52
CELE_C23G10.7|C23G10.7,5439,5067
CELE_C23G10.4|rpn-2,21486,19949
CELE_C23G10.8|sna-3,8500,8395
CELE_C23G10.3|rps-3,80100,71196
CELE_C23G10.2|C23G10.2,2438,2141
CELE_C23G10.1|C23G10.1,46,36
CELE_C23G10.11|C23G10.11,19,0
CELE_T12A2.15|esyt-2,1689,1492
CELE_T12A2.3|T12A2.3,162,121
CELE_T12A2.7|bcas-2,3383,2867
CELE_T12A2.8|gen-1,4084,3822
CELE_T12A2.2|stt-3,22666,21968
CELE_T12A2.1|amdh-1,314,382
CELE_C18F10.5|srg-2,14,0
CELE_C18F10.8|srg-7,28,0
CELE_F47D12.4|hmg-1.2,6758,6509
CELE_F47D12.5|gadr-3,233,254
CELE_C16A3.10|oatr-1,8752,6160
CELE_C56G2.18|C56G2.18,0,0
CELE_C56G2.1|akap-1,16906,18389
CELE_C56G2.21|C56G2.21,0,0
CELE_C16A3.15|C16A3.15,0,0
CELE_C56G2.9|C56G2.9,54,57
CELE_C56G2.3|trmt-10C.2,1308,1311
CELE_C56G2.22|C56G2.22,3,3
CELE_C56G2.20|C56G2.20,3,0
CELE_C56G2.15|C56G2.15,359,325
CELE_C16A3.8|thoc-2,7548,7118
CELE_C16A3.9|rps-13,27427,25921
CELE_C16A3.11|C16A3.11,8,0
CELE_C16A3.7|nfx-1,11055,9954
CELE_C16A3.6|C16A3.6,5034,4937
CELE_C16A3.5|C16A3.5,7417,6561
CELE_C16A3.4|znf-622,6263,6302
CELE_C16A3.3|let-716,9853,10201
CELE_C16A3.2|C16A3.2,1237,1083
CELE_C16A3.1|smrc-1,2181,2146
CELE_C05D11.4|let-756,442,327
CELE_C05D11.5|C05D11.5,219,155
CELE_C05D11.6|nas-4,76,48
CELE_C05D11.7|atgl-1,6155,5438
CELE_C05D11.8|fhip-1,3907,4067
CELE_C05D11.9|popl-1,3200,3012
CELE_C05D11.10|mrps-17,1369,1274
CELE_C05D11.3|txdc-9,3699,2936
CELE_C05D11.2|vps-16,3800,3425
CELE_C05D11.1|C05D11.1,8150,8509
CELE_C05D11.11|mel-32,18269,14777
CELE_C05D11.13|C05D11.13,367,328
CELE_C05D11.12|let-721,8825,8704
CELE_T26A5.6|T26A5.6,2582,2405
CELE_T26A5.7|set-1,8241,7800
CELE_T26A5.5|jhdm-1,9238,8864
CELE_T26A5.4|algn-1,2612,2793
CELE_T26A5.8|pole-3,1404,1187
CELE_T26A5.9|dlc-1,19796,17696
CELE_F23F12.8|chtb-2,98,100
CELE_F23F12.9|zip-8,1427,1308
CELE_T26A5.3|nduf-2.2,5691,6088
CELE_T26A5.2|T26A5.2,2917,3059
CELE_T26A5.1|wht-6,110,98
CELE_F23F12.13|F23F12.13,176,230
CELE_F23F12.4|sdz-15,59,79
CELE_F23F12.16|F23F12.16,0,0
CELE_F23F12.15|F23F12.15,0,0
CELE_F23F12.3|F23F12.3,242,246
CELE_F23F12.17|F23F12.17,306,330
CELE_C09E7.3|oig-1,44,36
CELE_K03F8.3|K03F8.3,0,0
CELE_K03F8.T1|K03F8.t1,0,0
CELE_F23F12.12|F23F12.12,277,304
CELE_K03F8.2|acr-5,35,39
CELE_C09E7.2|pqn-10,0,0
CELE_C09E7.11|C09E7.11,9,0
CELE_F23F12.6|rpt-3,12741,12144
CELE_C09E7.4|C09E7.4,1024,997
CELE_F27B3.6|F27B3.6,49,74
CELE_F27B3.2|acr-21,0,0
CELE_F27B3.9|F27B3.9,0,0
CELE_C09E7.6|C09E7.6,1040,1054
CELE_C09E7.7|C09E7.7,3290,2976
CELE_C09E7.8|C09E7.8,2100,1816
CELE_F27B3.7|F27B3.7,1847,1745
CELE_F20H11.6|F20H11.6,0,0
CELE_F20H11.5|ddo-3,7507,7155
CELE_F20H11.1|F20H11.1,2236,2453
CELE_F20H11.2|let-765,10698,10722
CELE_F20H11.4|F20H11.4,71,0
CELE_F20H11.3|mdh-2,21005,20048
CELE_Y40D12A.2|ctsa-4.2,7455,3068
CELE_Y40D12A.1|cmtr-2,1524,1580
CELE_C13B9.2|C13B9.2,725,584
CELE_C13B9.3|copd-1,7529,6679
CELE_C13B9.5|C13B9.5,0,0
CELE_M01G4.6|M01G4.6,0,0
CELE_C13B9.4|pdfr-1,337,210
CELE_F37A4.5|F37A4.5,88,32
CELE_F37A4.4|F37A4.4,111,60
CELE_M01G4.7|M01G4.7,0,0
CELE_F37A4.10|F37A4.10,0,0
CELE_F37A4.7|rbf-1,409,409
CELE_F37A4.8|isw-1,13367,12962
CELE_F37A4.6|F37A4.6,25,0
CELE_K07E12.2|K07E12.2,9,0
CELE_Y102E9.1|odr-4,3041,3253
CELE_F37A4.T1|F37A4.t1,0,0
CELE_Y102E9.T1|Y102E9.t1,0,0
CELE_Y102E9.5|Y102E9.5,246,164
CELE_F37A4.3|bus-22,94,43
CELE_F37A4.9|bath-41,6365,6570
CELE_F37A4.2|F37A4.2,2085,1905
CELE_F37A4.1|F37A4.1,6224,6282
CELE_Y102E9.2|wdr-4,7236,6731
CELE_R05H11.4|R05H11.4,0,0
CELE_R05H11.2|R05H11.2,21,30
CELE_R05H11.1|R05H11.1,539,569
CELE_K07E12.4|K07E12.4,0,0
CELE_K07E12.1|dig-1,2235,1566
CELE_F28F5.4|F28F5.4,26,15
CELE_F28F5.6|F28F5.6,279,186
CELE_F28F5.8|F28F5.8,0,0
CELE_F28F5.T1|F28F5.t1,0,0
CELE_F28F5.10|F28F5.10,0,0
CELE_F28F5.3|lim-8,1412,1032
CELE_R13F6.8|clec-158,0,0
CELE_F28F5.15|F28F5.15,0,0
CELE_F28F5.13|F28F5.13,0,0
CELE_F28F5.17|F28F5.17,0,0
CELE_F28F5.14|F28F5.14,0,0
CELE_F28F5.9|F28F5.9,0,0
CELE_F28F5.16|F28F5.16,0,0
CELE_F28F5.12|F28F5.12,0,0
CELE_F28F5.7|21ur-14582,0,0
CELE_R13F6.11|R13F6.11,0,0
CELE_R13F6.14|R13F6.14,0,0
CELE_R13F6.12|R13F6.12,0,0
CELE_R13F6.13|R13F6.13,0,0
CELE_R13F6.4|ten-1,4092,3873
CELE_R13F6.3|srv-1,741,503
CELE_R13F6.6|zak-1,280,262
CELE_R13F6.9|sma-3,297,284
CELE_K04C2.7|K04C2.7,47,46
CELE_K04C2.3|K04C2.3,2084,2106
CELE_R13F6.10|cra-1,7210,6580
CELE_R13F6.1|kbp-1,1507,1158
CELE_K04C2.8|K04C2.8,32,18
CELE_K04C2.10|K04C2.10,0,0
CELE_K04C2.T3|K04C2.t3,0,0
CELE_K04C2.11|K04C2.11,0,0
CELE_K04C2.T2|K04C2.t2,0,0
CELE_K04C2.9|K04C2.9,0,0
CELE_K04C2.T1|K04C2.t1,0,0
CELE_K04C2.4|brd-1,2630,2480
CELE_K04C2.2|K04C2.2,4236,4290
CELE_K04C2.5|K04C2.5,19,0
CELE_T07E3.4|T07E3.4,721,613
CELE_T07E3.5|brc-2,1925,1689
CELE_T07E3.2|T07E3.2,22,13
CELE_T07E3.3|T07E3.3,2838,2738
CELE_T07E3.6|pdf-1,1316,1467
CELE_F57B9.7|flap-1,2829,2759
CELE_F57B9.12|F57B9.12,0,0
CELE_F57B9.11|21ur-13014,1,0
CELE_F57B9.6|inf-1,31222,27699
CELE_F57B9.5|byn-1,4311,4827
CELE_F57B9.8|F57B9.8,48,0
CELE_F57B9.4|coq-2,1725,1714
CELE_F57B9.3|F57B9.3,19,25
CELE_F57B9.9|abu-13,623,276
CELE_F57B9.2|let-711,40423,39509
CELE_F57B9.10|rpn-6.1,8886,8496
CELE_F57B9.1|F57B9.1,1053,1208
CELE_F31E3.4|panl-2,4599,4897
CELE_F31E3.2|F31E3.2,162,120
CELE_F31E3.11|mir-5549,0,0
CELE_F31E3.3|rfc-4,6059,5717
CELE_F31E3.8|F31E3.8,0,0
CELE_F31E3.1|ceh-20,1549,1594
CELE_F31E3.6|F31E3.6,554,525
CELE_C06E8.6|C06E8.6,0,0
CELE_C06E8.7|C06E8.7,0,0
CELE_C06E8.3|prk-1,781,1066
CELE_C06E8.5|C06E8.5,149,60
CELE_F11H8.2|lgc-38,73,62
CELE_F11H8.7|F11H8.7,0,4
CELE_F11H8.6|F11H8.6,0,0
CELE_F11H8.3|col-8,27672,28454
CELE_F11H8.5|F11H8.5,2,0
CELE_R01H2.7|R01H2.7,142,151
CELE_F11H8.T1|F11H8.t1,0,0
CELE_F11H8.8|F11H8.8,0,0
CELE_F11H8.1|rfl-1,2758,2874
CELE_F11H8.4|cyk-1,3994,4719
CELE_R01H2.1|R01H2.1,0,0
CELE_R01H2.4|R01H2.4,25,0
CELE_R01H2.5|ger-1,1270,899
CELE_R01H2.2|R01H2.2,26,0
CELE_R01H2.3|egg-2,10787,10032
CELE_F31E3.12|F31E3.12,30,29
CELE_F31E3.5|eef-1A.1,504979,492233
CELE_R01H2.6|ubc-18,8694,8063
CELE_R01H2.8|R01H2.8,22,12
CELE_ZK418.12|ZK418.12,0,0
CELE_ZK418.13|ZK418.13,26,34
CELE_ZK418.6|ZK418.6,166,131
CELE_ZK418.7|ZK418.7,244,208
CELE_ZK418.3|tmem-17,0,0
CELE_ZK418.4|lin-37,3248,3215
CELE_ZK418.5|ZK418.5,4947,4165
CELE_ZK418.2|ZK418.2,71,0
CELE_ZK418.8|tofu-7,1396,1219
CELE_ZK418.9|fubl-2,7012,7705
CELE_B0280.4|odd-1,119,94
CELE_B0280.7|B0280.7,46,0
CELE_B0280.8|nhr-10,1235,1239
CELE_B0280.12|glr-2,92,54
CELE_B0280.15|sls-2.16,0,0
CELE_B0280.22|B0280.22,0,0
CELE_B0280.21|B0280.21,0,0
CELE_B0280.16|sls-2.18,0,0
CELE_K04G7.14|K04G7.14,0,0
CELE_B0280.5|cpg-2,119188,116096
CELE_B0280.10|pot-1,883,975
CELE_B0280.9|B0280.9,3045,3019
CELE_B0280.3|rpia-1,2595,2534
CELE_B0280.2|B0280.2,70,69
CELE_B0280.13|viro-2,447,518
CELE_B0280.1|ggtb-1,3372,2972
CELE_B0280.17|B0280.17,64,0
CELE_B0280.11|B0280.11,33,0
CELE_K04G7.3|ogt-1,8756,10328
CELE_K04G7.4|nuo-4,12078,10972
CELE_K04G7.10|rnp-7,4965,4365
CELE_K04G7.11|syf-2,3774,3707
CELE_K04G7.1|K04G7.1,3946,3766
CELE_F37C12.7|acs-4,22256,21580
CELE_F37C12.17|srb-7,0,0
CELE_F37C12.9|rps-14,56288,50197
CELE_R13A5.10|gda-2,116,86
CELE_R13A5.12|lpd-7,9489,9973
CELE_R13A5.9|mfsd-6,315,226
CELE_Y80D4G.1|Y80D4G.1,845,909
CELE_T04A6.3|T04A6.3,0,0
CELE_T04A6.2|T04A6.2,29,17
CELE_R13A5.1|cup-5,4763,4888
CELE_R13A5.15|R13A5.15,34,51
CELE_R13A5.11|R13A5.11,51,39
CELE_T04A6.1|T04A6.1,593,644
CELE_ZK783.6|ZK783.6,40,0
CELE_ZK783.1|fbn-1,5097,5048
CELE_T04A6.7|T04A6.7,0,0
CELE_ZK783.8|ZK783.8,0,0
CELE_ZK783.2|upp-1,5603,4280
CELE_ZK783.7|ZK783.7,5,0
CELE_ZK783.4|baz-2,3547,3159
CELE_C18H2.9|C18H2.9,40,60
CELE_C18H2.5|C18H2.5,57,0
CELE_C18H2.2|C18H2.2,1443,1657
CELE_C03B8.5|C03B8.5,0,0
CELE_C03B8.4|lin-13,10267,10043
CELE_ZK112.13|21ur-13080,0,0
CELE_ZK112.7|cdh-3,1210,1010
CELE_C03B8.6|C03B8.6,0,0
CELE_ZK112.4|ZK112.4,0,0
CELE_ZK112.14|ZK112.14,0,0
CELE_C03B8.3|C03B8.3,29,23
CELE_C03B8.2|C03B8.2,255,224
CELE_ZK112.2|ncl-1,6623,6607
CELE_ZK112.1|pcp-1,1820,1234
CELE_ZC97.1|mtx-2,2717,3050
CELE_ZK686.2|ZK686.2,3368,3297
CELE_ZK686.3|ZK686.3,8609,7077
CELE_ZK686.4|snu-23,2371,2170
CELE_ZK686.1|ZK686.1,2103,1938
CELE_C08C3.3|mab-5,152,125
CELE_C08C3.2|bath-15,1189,1063
CELE_C08C3.1|egl-5,146,124
CELE_C08C3.10|C08C3.10,0,0
CELE_C08C3.4|cyk-7,3602,4003
CELE_F37C12.14|F37C12.14,0,0
CELE_F37C12.20|21ur-7304,0,0
CELE_F37C12.19|21ur-10581,0,0
CELE_F37C12.22|F37C12.22,0,0
CELE_R151.18|R151.18,0,0
CELE_R151.17|R151.17,0,0
CELE_R151.11|R151.11,0,0
CELE_R151.16|R151.16,0,0
CELE_R151.2|prps-1,13578,12760
CELE_R151.15|R151.15,0,0
CELE_R151.14|R151.14,0,0
CELE_T20H4.3|pars-1,11169,10939
CELE_T20H4.1|osm-10,60,79
CELE_B0361.13|B0361.13,0,0
CELE_B0361.12|mir-2214,0,0
CELE_F56C9.6|F56C9.6,7145,6503
CELE_F08F8.11|F08F8.11,0,0
CELE_T20B12.5|T20B12.5,0,0
CELE_T20B12.4|T20B12.4,0,0
CELE_T20B12.11|T20B12.11,0,0
CELE_T20B12.12|T20B12.12,0,4
CELE_T20B12.10|21ur-10720,0,0
CELE_Y69F12A.4|linc-165,0,0
CELE_Y69F12A.3|fipr-19,0,0
CELE_H14A12.7|fipr-18,0,0
CELE_H14A12.6|fipr-20,0,4
CELE_H14A12.8|H14A12.8,0,0
CELE_C07H6.19|C07H6.19,0,0
CELE_C07H6.15|C07H6.15,0,0
CELE_C07H6.10|C07H6.10,0,0
CELE_C07H6.13|C07H6.13,0,0
CELE_C07H6.11|C07H6.11,0,0
CELE_C07H6.14|C07H6.14,0,0
CELE_C07H6.18|C07H6.18,0,0
CELE_C07H6.12|C07H6.12,0,0
CELE_C07H6.16|C07H6.16,0,0
CELE_R13A5.17|linc-57,0,0
CELE_R13A5.14|mir-231,0,0
CELE_F37C12.4|rpl-36,23153,21446
CELE_F37C12.3|ndab-2,3416,2958
CELE_F37C12.2|epg-4,3849,3975
CELE_F37C12.1|yju-2,3201,3045
CELE_F37C12.10|F37C12.10,256,211
CELE_F37C12.21|F37C12.21,61,53
CELE_F37C12.11|rps-21,16007,13622
CELE_F37C12.18|F37C12.18,20,0
CELE_F37C12.13|exos-9,2826,2827
CELE_R151.9|pfd-5,3010,2929
CELE_R151.5|dpy-31,1524,1498
CELE_R151.3|rpl-6,58678,55223
CELE_R151.12|R151.12,5,0
CELE_R151.1|R151.1,187,180
CELE_R151.6|der-2,2103,1886
CELE_R151.7|hsp-75,6571,5900
CELE_R151.8|R151.8,3632,3507
CELE_R151.10|R151.10,1509,1413
CELE_T20H4.4|adr-2,4158,3788
CELE_T20H4.5|ndus-8,5673,4920
CELE_T20H4.2|ztf-31,35,38
CELE_T21D11.1|zmp-6,32,0
CELE_B0361.4|B0361.4,40,68
CELE_B0361.5|psd-1,2464,2725
CELE_B0361.6|spot-1,2446,2417
CELE_B0361.3|B0361.3,3370,3474
CELE_B0361.7|pho-5,2285,2367
CELE_B0361.10|ykt-6,2813,2692
CELE_B0361.8|algn-11,4956,5202
CELE_B0361.2|cwf-19L2,2852,2390
CELE_B0361.9|B0361.9,923,1100
CELE_F56C9.5|acbp-4,19,15
CELE_F56C9.3|F56C9.3,5944,5771
CELE_F56C9.7|nspg-6,9568,6178
CELE_F56C9.8|F56C9.8,834,856
CELE_F56C9.11|lab-2,1250,1243
CELE_F56C9.10|F56C9.10,17195,17152
CELE_F56C9.1|gsp-2,21877,20776
CELE_F56C9.12|F56C9.12,5,9
CELE_F08F8.3|kap-1,241,255
CELE_F08F8.6|F08F8.6,47,22
CELE_F08F8.7|F08F8.7,1960,1967
CELE_F08F8.8|gos-28,1673,1478
CELE_F08F8.9|F08F8.9,5815,5759
CELE_F08F8.10|F08F8.10,3602,3470
CELE_F08F8.4|eco-1,3023,2764
CELE_F08F8.2|hmgr-1,3392,3071
CELE_F08F8.5|numr-1,46,45
CELE_F08F8.1|numr-2,46,45
CELE_T20B12.6|mml-1,2905,2698
CELE_T20B12.7|T20B12.7,9502,8575
CELE_T20B12.8|hmg-4,8318,6788
CELE_T20B12.3|T20B12.3,1674,1829
CELE_T20B12.2|tbp-1,4261,4150
CELE_T20B12.1|trd-1,2837,2860
CELE_T20B12.9|lgc-50,155,127
CELE_Y69F12A.2|alh-12,3507,2468
CELE_Y69F12A.1|Y69F12A.1,21,0
CELE_H14A12.9|H14A12.9,4,2
CELE_H14A12.4|mls-1,24,22
CELE_H14A12.3|H14A12.3,2142,1788
CELE_H14A12.2|fum-1,12123,11018
CELE_H14A12.5|H14A12.5,189,165
CELE_K07D8.1|mup-4,4994,3088
CELE_C07H6.5|cgh-1,113480,129930
CELE_C07H6.9|C07H6.9,38,37
CELE_C07H6.4|sap-140,5891,5880
CELE_C07H6.3|cls-1,1249,1170
CELE_C07H6.6|clk-2,2898,3034
CELE_C07H6.8|akap-17A,2584,2509
CELE_C07H6.2|C07H6.2,2208,1884
CELE_C07H6.1|lig-4,1984,2130
CELE_C07H6.7|lin-39,448,483
CELE_R13A5.5|ceh-13,742,562
CELE_R13A5.6|ttr-8,227,213
CELE_R13A5.3|ttr-32,407,369
CELE_R13A5.7|R13A5.7,802,751
CELE_R13A5.8|rpl-9,41386,45579
CELE_C27D11.1|egl-45,20393,22482
CELE_ZK652.5|ceh-23,19,15
CELE_ZK652.8|ZK652.8,190,177
CELE_ZK652.6|kcmf-1,3486,3434
CELE_ZK652.11|cuc-1,1044,950
CELE_ZK652.14|ZK652.14,0,0
CELE_ZK652.13|mir-356.2,0,0
CELE_ZK652.12|mir-356.1,0,0
CELE_ZK652.4|rpl-35,22852,21972
CELE_ZK652.10|tag-307,3314,2985
CELE_ZK652.9|coq-5,2368,2182
CELE_ZK652.3|ufm-1,1730,1486
CELE_ZK652.2|tomm-7,987,869
CELE_C02C2.3|cup-4,307,265
CELE_ZK652.1|snr-5,3431,3024
CELE_C02C2.4|slc-17.3,192,234
CELE_C02C2.1|tyr-1,1607,1806
CELE_C02C2.5|sup-18,75,56
CELE_ZK688.10|ZK688.10,48,0
CELE_ZK688.3|fahd-1,1184,1025
CELE_ZK688.2|best-24,981,905
CELE_ZK688.9|ZK688.9,1925,1904
CELE_ZK688.11|ZK688.11,1214,1070
CELE_ZK688.5|ZK688.5,8920,9289
CELE_ZK688.6|pcp-5,2341,2080
CELE_ZK688.1|ZK688.1,11,17
CELE_ZK688.7|ZK688.7,536,598
CELE_ZK688.8|gly-3,4947,4703
CELE_C29E4.18|C29E4.18,0,0
CELE_C29E4.17|C29E4.17,0,0
CELE_C29E4.5|tag-250,978,1022
CELE_C29E4.14|C29E4.14,29,7
CELE_C29E4.13|C29E4.13,1368,1426
CELE_C29E4.4|npp-15,6565,6352
CELE_C29E4.3|ran-2,7569,7173
CELE_C29E4.10|C29E4.10,73,108
CELE_C29E4.12|C29E4.12,1404,1388
CELE_C29E4.2|kle-2,7676,6936
CELE_C29E4.7|gsto-1,191,178
CELE_F54H12.10|F54H12.10,60,22
CELE_C29E4.9|C29E4.9,0,0
CELE_C29E4.1|col-90,829,185
CELE_C29E4.8|let-754,6158,5427
CELE_C29E4.15|C29E4.15,171,205
CELE_C29E4.11|C29E4.11,301,288
CELE_F54H12.9|F54H12.9,0,0
CELE_F54H12.8|F54H12.8,36,33
CELE_F54H12.7|F54H12.7,24,14
CELE_F54H12.5|F54H12.5,436,327
CELE_F54H12.6|eef-1B.1,28803,24568
CELE_F54H12.1|aco-2,36030,38587
CELE_C06G4.4|C06G4.4,20,0
CELE_C06G4.5|npr-17,132,131
CELE_C06G4.6|C06G4.6,33,0
CELE_F44B9.4|cit-1.1,2228,2402
CELE_C06G4.2|clp-1,10602,10068
CELE_C06G4.1|hrpk-2,3411,3054
CELE_F44B9.3|cit-1.2,2904,2922
CELE_F44B9.5|F44B9.5,2119,2000
CELE_F44B9.6|lin-36,7360,7466
CELE_F44B9.9|F44B9.9,0,0
CELE_F44B9.10|F44B9.10,12,36
CELE_F44B9.1|dpf-6,215,152
CELE_F44B9.2|F44B9.2,378,205
CELE_F44B9.7|mdt-30,3064,2852
CELE_F44B9.8|F44B9.8,5093,4837
CELE_R05D3.8|R05D3.8,1100,986
CELE_R05D3.4|rfp-1,8530,7867
CELE_R05D3.9|R05D3.9,1701,1407
CELE_R05D3.3|R05D3.3,481,624
CELE_ZK353.4|ZK353.4,16,0
CELE_ZK353.11|ZK353.11,0,0
CELE_ZK353.10|ZK353.10,26,14
CELE_ZK353.3|ZK353.3,13,0
CELE_R05D3.12|R05D3.12,2962,2662
CELE_R05D3.2|lmbr-1,5997,6034
CELE_R05D3.11|met-2,7500,7364
CELE_ZK353.2|ZK353.2,51,44
CELE_ZK353.6|lap-1,8142,7397
CELE_ZK353.7|cutc-1,2969,2874
CELE_ZK353.8|ubxn-4,5774,5651
CELE_ZK353.1|cyy-1,3834,3613
CELE_ZK353.9|ZK353.9,2161,1865
CELE_ZK1236.3|sor-1,2397,2315
CELE_ZK1236.2|cec-1,2331,2267
CELE_ZK1236.1|ZK1236.1,1401,1442
CELE_ZK1236.5|ZK1236.5,1040,849
CELE_ZK1236.9|ZK1236.9,48,49
CELE_ZK1236.8|ZK1236.8,10,13
CELE_ZK1236.6|pqn-96,1936,1777
CELE_ZK1236.7|ufbp-1,3660,3214
CELE_C30C11.4|hsp-110,25158,22948
CELE_K12H4.11|K12H4.11,0,0
CELE_K12H4.10|K12H4.10,0,0
CELE_K12H4.T1|K12H4.t1,0,0
CELE_C14B9.14|C14B9.14,0,0
CELE_C14B9.T1|C14B9.t1,0,0
CELE_C14B9.13|C14B9.13,0,0
CELE_C14B9.T2|C14B9.t2,0,0
CELE_C14B9.12|C14B9.12,0,0
CELE_C14B9.11|C14B9.11,0,0
CELE_D2007.6|D2007.6,0,0
CELE_C50C3.13|C50C3.13,0,0
CELE_C50C3.18|C50C3.18,0,0
CELE_C50C3.14|C50C3.14,0,0
CELE_C50C3.12|C50C3.12,0,0
CELE_C50C3.17|C50C3.17,0,0
CELE_C50C3.16|C50C3.16,0,0
CELE_C50C3.19|C50C3.19,0,0
CELE_C50C3.15|C50C3.15,0,0
CELE_C30A5.10|C30A5.10,0,0
CELE_C30A5.14|C30A5.14,0,0
CELE_C30A5.15|C30A5.15,0,0
CELE_C30A5.13|C30A5.13,0,0
CELE_C30A5.12|C30A5.12,0,0
CELE_C30A5.11|C30A5.11,0,0
CELE_C30A5.16|C30A5.16,0,0
CELE_F09G8.13|F09G8.13,0,0
CELE_F09G8.11|F09G8.11,0,0
CELE_F09G8.12|F09G8.12,0,0
CELE_F10E9.19|F10E9.19,0,0
CELE_F10E9.17|F10E9.17,0,0
CELE_F10E9.20|F10E9.20,0,0
CELE_F10E9.22|F10E9.22,0,0
CELE_F10E9.21|F10E9.21,0,0
CELE_F10E9.18|F10E9.18,0,0
CELE_F10E9.14|F10E9.14,0,0
CELE_F10E9.15|F10E9.15,0,0
CELE_F10E9.13|F10E9.13,0,0
CELE_ZC262.9|clc-30,0,0
CELE_ZC262.11|clc-28,0,0
CELE_ZC262.10|ZC262.10,0,0
CELE_ZC262.12|clc-29,0,0
CELE_K12H4.5|K12H4.5,2898,2515
CELE_K12H4.4|spcs-3,3573,2912
CELE_K12H4.3|K12H4.3,2682,2674
CELE_K12H4.2|mals-1,849,786
CELE_K12H4.7|K12H4.7,55585,34810
CELE_K12H4.1|pros-1,658,463
CELE_K12H4.8|dcr-1,8476,8622
CELE_K06H7.6|apc-2,4015,4233
CELE_K06H7.7|K06H7.7,1075,943
CELE_K06H7.4|grp-1,4594,4680
CELE_K06H7.3|vms-1,4814,3965
CELE_K06H7.9|idi-1,2142,1649
CELE_K06H7.2|K06H7.2,432,346
CELE_K06H7.8|K06H7.8,26,0
CELE_C14B9.4|plk-1,18135,16639
CELE_C14B9.3|C14B9.3,136,41
CELE_C14B9.6|gei-8,3922,4127
CELE_C14B9.7|rpl-21,37785,39199
CELE_C14B9.10|C14B9.10,5479,4324
CELE_C14B9.2|C14B9.2,4880,3685
CELE_C14B9.1|hsp-12.2,1272,1283
CELE_C14B9.8|phka-1,4756,4635
CELE_D2007.4|mrpl-18,1470,1562
CELE_D2007.2|D2007.2,106,41
CELE_D2007.1|D2007.1,603,488
CELE_D2007.5|atg-13,3050,3128
CELE_C50C3.7|inpp-5K,3077,3195
CELE_C50C3.8|bath-42,11114,10398
CELE_C50C3.6|prp-8,29322,27346
CELE_C50C3.5|C50C3.5,78,82
CELE_C50C3.1|C50C3.1,2646,2310
CELE_C50C3.9|unc-36,609,355
CELE_C30A5.5|snb-5,8,0
CELE_C30A5.7|unc-86,198,192
CELE_C30A5.3|mob-4,5783,5502
CELE_C30A5.2|rfs-1,517,541
CELE_C02F5.7|fbxl-1,2926,3761
CELE_C02F5.6|henn-1,2896,2898
CELE_C02F5.14|C02F5.14,224,110
CELE_C02F5.5|C02F5.5,39,31
CELE_C02F5.11|tsp-2,213,122
CELE_C02F5.8|tsp-1,268,230
CELE_C02F5.12|C02F5.12,594,566
CELE_C02F5.9|pbs-6,9847,8709
CELE_C02F5.4|cids-1,2605,2292
CELE_C02F5.3|C02F5.3,3414,3353
CELE_C02F5.13|C02F5.13,1370,1277
CELE_C02F5.10|C02F5.10,28,40
CELE_C02F5.1|knl-1,10868,9459
CELE_F09G8.5|F09G8.5,35,34
CELE_F09G8.4|ncr-2,171,180
CELE_F09G8.6|col-91,782,206
CELE_F09G8.3|mrps-9,2102,2075
CELE_F09G8.7|F09G8.7,954,990
CELE_F09G8.2|crn-7,296,263
CELE_F09G8.9|mps-4,15,15
CELE_F09G8.8|clec-160,2258,2168
CELE_F10E9.6|mig-10,2555,2609
CELE_F10E9.7|F10E9.7,1899,1690
CELE_F10E9.5|F10E9.5,1247,1295
CELE_F10E9.4|F10E9.4,1659,1610
CELE_F10E9.3|F10E9.3,3443,3197
CELE_F10E9.2|F10E9.2,78,18
CELE_F10E9.8|sas-4,2714,2815
CELE_F10E9.11|F10E9.11,1634,1598
CELE_F10E9.1|F10E9.1,33,0
CELE_F10E9.12|F10E9.12,571,833
CELE_ZC262.13|ZC262.13,102,92
CELE_ZC262.3|iglr-2,7644,7378
CELE_ZC262.8|mrps-18A,2052,2037
CELE_ZC262.2|ZC262.2,3354,3101
CELE_ZC262.5|ZC262.5,436,351
CELE_ZC262.7|ZC262.7,1042,640
CELE_R05D3.5|R05D3.5,7,0
CELE_R05D3.6|R05D3.6,445,360
CELE_R05D3.7|unc-116,12415,11788
CELE_C30C11.1|mrpl-32,1087,1023
CELE_C30C11.2|rpn-3,17085,15863
CELE_C30C11.15|C30C11.15,0,0
CELE_F42H10.10|F42H10.10,0,0
CELE_F42H10.T1|F42H10.t1,0,0
CELE_F42H10.5|mig-39,342,242
CELE_F42H10.6|F42H10.6,563,528
CELE_F42H10.14|F42H10.14,4,0
CELE_F42H10.16|F42H10.16,0,0
CELE_F42H10.2|F42H10.2,983,1087
CELE_F42H10.3|F42H10.3,757,624
CELE_F42H10.7|ess-2,3194,3010
CELE_ZC21.10|ZC21.10,41,60
CELE_ZC21.3|idpp-15,637,669
CELE_ZC21.2|trp-1,80,46
CELE_ZC21.6|ZC21.6,0,0
CELE_ZC21.17|ZC21.17,0,0
CELE_C04D8.1|pac-1,7453,7421
CELE_F42H10.9|F42H10.9,0,0
CELE_F42H10.13|F42H10.13,0,0
CELE_C04D8.3|C04D8.3,0,0
CELE_C04D8.5|C04D8.5,0,0
CELE_C04D8.4|C04D8.4,0,0
CELE_C04D8.2|C04D8.2,0,0
CELE_ZC21.8|ZC21.8,15,0
CELE_C02D5.3|gsto-2,29,39
CELE_C02D5.1|acdh-6,84,41
CELE_C02D5.2|C02D5.2,283,200
CELE_C02D5.4|C02D5.4,3907,3218
CELE_C06E1.3|doxa-1,199,155
CELE_C06E1.5|fip-3,3,0
CELE_C06E1.14|C06E1.14,0,0
CELE_C06E1.4|glr-1,99,88
CELE_C06E1.6|fipr-16,12,0
CELE_C06E1.7|C06E1.7,144,30
CELE_C06E1.8|ztf-30,121,97
CELE_C06E1.1|C06E1.1,848,798
CELE_C06E1.9|C06E1.9,2843,3084
CELE_C06E1.10|rha-2,1225,1132
CELE_C06E1.11|C06E1.11,119,115
CELE_C13G5.2|C13G5.2,3235,3030
CELE_F22B7.16|F22B7.16,0,0
CELE_F22B7.T1|F22B7.t1,0,0
CELE_F22B7.4|fip-1,0,0
CELE_F22B7.7|twk-7,341,431
CELE_F22B7.T3|F22B7.t3,0,0
CELE_F22B7.T4|F22B7.t4,0,0
CELE_F22B7.15|F22B7.15,0,0
CELE_F22B7.9|F22B7.9,643,849
CELE_C13G5.1|ceh-16,181,155
CELE_F22B7.6|polk-1,4681,3975
CELE_F22B7.13|gpr-1,1222,1138
CELE_F22B7.5|dnj-10,2615,2596
CELE_F22B7.14|F22B7.14,0,0
CELE_F22B7.10|dpy-19,571,538
CELE_F22B7.1|F22B7.1,218,149
CELE_B0523.6|B0523.6,0,0
CELE_B0523.3|pgl-2,2061,2001
CELE_B0523.1|kin-31,51,0
CELE_B0523.5|fli-1,6046,5731
CELE_B0303.2|anmt-1,166,100
CELE_B0303.3|hadb-1,9220,8548
CELE_B0303.7|B0303.7,1307,1079
CELE_B0303.16|B0303.16,0,0
CELE_B0303.17|B0303.17,0,0
CELE_B0303.4|B0303.4,6180,6281
CELE_B0303.8|sdz-1,32,36
CELE_B0303.9|vps-33.1,2697,2637
CELE_B0303.11|B0303.11,1437,1331
CELE_ZK370.6|nssp-33,45,68
CELE_B0303.14|B0303.14,322,285
CELE_B0303.15|mrpl-11,2788,2308
CELE_ZK370.3|hipr-1,6507,6246
CELE_ZK370.4|nte-1,12100,13215
CELE_ZK370.5|pdhk-2,4325,4762
CELE_ZK370.2|sma-2,310,228
CELE_PAR2.5|PAR2.5,0,0
CELE_PAR2.3|aak-1,1987,2299
CELE_ZK370.7|ugtp-1,1882,1565
CELE_ZK370.8|tomm-70,4380,3825
CELE_PAR2.4|mig-22,6122,6140
CELE_PAR2.1|mtss-1,3875,3544
CELE_K02D10.3|K02D10.3,0,0
CELE_K02D10.7|K02D10.7,0,0
CELE_K02D10.6|21ur-13651,0,0
CELE_F54F2.13|F54F2.13,0,0
CELE_F54F2.6|F54F2.6,0,0
CELE_K02D10.1|K02D10.1,6367,5812
CELE_K02D10.2|K02D10.2,11,6
CELE_K02D10.5|snap-29,3977,4101
CELE_K02D10.4|K02D10.4,322,345
CELE_K02D10.8|K02D10.8,24,32
CELE_F54F2.5|ztf-1,2622,2762
CELE_F54F2.14|F54F2.14,28,21
CELE_F54F2.2|zfp-1,9558,9724
CELE_F54F2.7|F54F2.7,308,294
CELE_F54F2.8|prx-19,2845,2665
CELE_F44E2.4|F44E2.4,1457,1035
CELE_F54F2.11|F54F2.11,0,0
CELE_F54F2.1|pat-2,2637,1919
CELE_F54F2.9|F54F2.9,1706,1585
CELE_F44E2.3|F44E2.3,2560,2340
CELE_F44E2.10|F44E2.10,1889,1608
CELE_F44E2.6|F44E2.6,1581,1129
CELE_F44E2.7|F44E2.7,3936,3907
CELE_F44E2.8|F44E2.8,6818,6213
CELE_F44E2.9|F44E2.9,556,545
CELE_K01F9.3|mir-80,0,0
CELE_K01F9.5|mir-238,2,2
CELE_F44E2.11|plg-1,564,533
CELE_K01F9.7|K01F9.7,0,0
CELE_K01F9.2|K01F9.2,459,769
CELE_ZK637.18|ZK637.18,11,13
CELE_ZK637.6|ZK637.6,864,915
CELE_ZK637.1|svop-1,275,201
CELE_ZK637.2|famh-136,2301,1967
CELE_ZK637.14|ZK637.14,392,341
CELE_ZK637.3|lnkn-1,5795,5728
CELE_ZK637.4|ZK637.4,39,36
CELE_ZK637.5|asna-1,4436,4270
CELE_ZK637.7|lin-9,3401,3284
CELE_ZK637.19|ZK637.19,0,0
CELE_ZK637.8|unc-32,12420,11281
CELE_ZK637.20|ZK637.20,10,5
CELE_ZK637.9|tpk-1,245,244
CELE_ZK637.10|trxr-2,567,552
CELE_ZK637.11|cdc-25.3,1952,1715
CELE_ZK643.1|arrd-15,39,41
CELE_ZK637.15|ZK637.15,45,17
CELE_ZK637.13|glb-1,2178,2099
CELE_ZK637.12|ZK637.12,42,22
CELE_ZK643.13|ZK643.13,0,0
CELE_ZK643.11|ZK643.11,0,0
CELE_ZK643.12|ZK643.12,0,0
CELE_ZK638.1|ZK638.1,0,0
CELE_ZK643.8|grl-25,190,106
CELE_ZK643.2|ZK643.2,1167,1208
CELE_ZK643.3|dhrr-1,252,224
CELE_ZK643.5|ZK643.5,5487,5462
CELE_R08D7.4|R08D7.4,2051,1985
CELE_R08D7.1|bud-13,2886,3041
CELE_R08D7.2|rpap-2,2309,2218
CELE_R08D7.3|eif-3.D,10488,9813
CELE_R08D7.5|R08D7.5,990,1015
CELE_R08D7.6|pde-2,10241,9188
CELE_R08D7.7|R08D7.7,239,217
CELE_F59B2.2|skat-1,4420,3992
CELE_F59B2.3|F59B2.3,2685,2878
CELE_F59B2.5|rpn-6.2,940,922
CELE_F59B2.8|F59B2.8,132,179
CELE_F59B2.9|F59B2.9,159,93
CELE_F59B2.11|F59B2.11,57,53
CELE_F59B2.17|F59B2.17,0,0
CELE_F59B2.13|sqr-1,212,180
CELE_F59B2.15|F59B2.15,0,0
CELE_F59B2.6|zif-1,7026,6872
CELE_F59B2.7|rab-6.1,3680,3260
CELE_R107.1|nac-2,760,619
CELE_R107.2|R107.2,1014,966
CELE_R107.4|ikke-1,6386,6616
CELE_R107.5|R107.5,6484,5128
CELE_R107.6|cls-2,4664,4584
CELE_F02A9.7|F02A9.7,0,25
CELE_F02A9.1|F02A9.1,38,58
CELE_R107.7|gst-1,20105,13263
CELE_R107.8|lin-12,993,1055
CELE_F02A9.2|far-1,28829,25657
CELE_F02A9.3|far-2,134136,121989
CELE_F02A9.4|mrpl-44,2721,2821
CELE_F02A9.10|mccc-2,7617,7544
CELE_F02A9.6|glp-1,11072,10856
CELE_ZK507.1|ZK507.1,41,19
CELE_ZK512.9|grl-11,0,0
CELE_ZK512.16|ZK512.16,0,0
CELE_ZK512.1|ZK512.1,320,277
CELE_ZK507.T1|ZK507.t1,0,0
CELE_ZK507.7|ZK507.7,0,0
CELE_ZK507.4|dos-1,268,174
CELE_ZK507.6|cya-1,5842,5493
CELE_ZK512.14|ZK512.14,0,0
CELE_ZK512.3|ced-11,646,773
CELE_ZK512.13|ZK512.13,0,0
CELE_ZK512.5|sec-16A.1,7242,7308
CELE_ZK512.10|ZK512.10,48,21
CELE_ZK512.6|eat-4,88,44
CELE_ZK512.7|ZK512.7,988,643
CELE_ZK512.2|ZK512.2,3410,3571
CELE_ZK512.11|ZK512.11,90,122
CELE_ZK512.4|ZK512.4,785,589
CELE_ZK512.8|ZK512.8,66,27
CELE_F54G8.4|nhl-1,787,805
CELE_F54G8.3|ina-1,3728,3519
CELE_ZC84.4|npr-29,62,59
CELE_ZC84.9|ZC84.9,0,0
CELE_ZC84.8|21ur-13803,0,0
CELE_ZC84.3|cls-3,1701,1646
CELE_ZC84.6|ZC84.6,144,155
CELE_ZC84.1|ZC84.1,205,149
CELE_T23G5.7|T23G5.7,0,0
CELE_T23G5.1|rnr-1,23071,22032
CELE_T23G5.5|dat-1,48,44
CELE_T02C1.1|T02C1.1,158,119
CELE_T02C1.2|T02C1.2,229,142
CELE_T23G5.8|21ur-13121,0,0
CELE_T23G5.10|T23G5.10,0,0
CELE_T23G5.9|T23G5.9,0,0
CELE_T23G5.3|T23G5.3,24,46
CELE_T23G5.2|T23G5.2,6575,6561
CELE_T23G5.6|saeg-2,586,492
CELE_M01A8.3|M01A8.3,0,0
CELE_M01A8.4|M01A8.4,0,0
CELE_M01A8.1|M01A8.1,319,363
CELE_M01A8.2|clip-1,1216,1207
CELE_K01B6.8|K01B6.8,0,0
CELE_K01B6.4|K01B6.4,0,0
CELE_K01B6.1|fozi-1,772,885
CELE_K01B6.7|K01B6.7,0,0
CELE_K01B6.3|K01B6.3,88,92
CELE_K01B6.2|srx-45,24,33
CELE_C40H1.8|C40H1.8,52,57
CELE_C40H1.2|C40H1.2,116,100
CELE_C40H1.9|C40H1.9,24,23
CELE_C40H1.1|cpb-1,2532,2759
CELE_C40H1.7|C40H1.7,719,802
CELE_C40H1.5|ttr-5,1564,1420
CELE_C40H1.13|C40H1.13,0,0
CELE_C40H1.10|C40H1.10,0,0
CELE_C40H1.6|ufc-1,1451,1218
CELE_C40H1.4|elo-4,211,131
CELE_K04H4.5|K04H4.5,113,42
CELE_K04H4.7|flp-25,131,73
CELE_K04H4.11|K04H4.11,0,0
CELE_K04H4.12|K04H4.12,0,0
CELE_K04H4.2|chtb-1,1874,1185
CELE_K04H4.6|crn-6,1221,1125
CELE_K04H4.1|emb-9,21020,17467
CELE_C38C10.4|gpr-2,1785,1701
CELE_C38C10.1|tkr-1,38,32
CELE_C38C10.3|C38C10.3,26,19
CELE_C38C10.2|slc-17.2,9171,8662
CELE_T26G10.7|T26G10.7,188,154
CELE_T26G10.5|nssp-34,26,34
CELE_C38C10.5|rgr-1,7377,6742
CELE_C38C10.6|nlp-48,18,39
CELE_T26G10.1|T26G10.1,2875,3101
CELE_F54C8.8|F54C8.8,0,0
CELE_F54C8.11|F54C8.11,0,0
CELE_F54C8.9|F54C8.9,0,0
CELE_F54C8.10|F54C8.10,0,0
CELE_F54C8.6|F54C8.6,274,214
CELE_F54C8.2|cpar-1,3105,2941
CELE_F54C8.3|emb-30,5017,4945
CELE_F54C8.1|F54C8.1,96,45
CELE_F54C8.4|pir-2,7230,6706
CELE_F54C8.7|F54C8.7,2617,2175
CELE_F54C8.5|rheb-1,2455,2366
CELE_B0464.5|spk-1,18195,16931
CELE_B0464.6|B0464.6,8274,8136
CELE_B0464.9|B0464.9,1871,1748
CELE_B0464.7|baf-1,5243,4341
CELE_B0464.8|tag-342,2587,2459
CELE_B0464.4|bre-3,4349,4176
CELE_F55H2.4|lrg-1,497,505
CELE_B0464.3|nlp-36,2438,1665
CELE_B0464.1|dars-1,13480,12418
CELE_B0464.2|ctr-9,6601,6454
CELE_F55H2.1|sod-4,686,652
CELE_F55H2.2|vha-14,11443,8518
CELE_F55H2.8|F55H2.8,0,28
CELE_F55H2.5|F55H2.5,1533,1452
CELE_F55H2.7|F55H2.7,2401,2357
CELE_F55H2.6|clu-1,12094,11961
CELE_ZK1098.1|prp-40,6308,5695
CELE_ZK1098.7|mrps-23,1176,988
CELE_ZK1098.5|trpp-3,1943,1739
CELE_ZK1098.6|ZK1098.6,53,36
CELE_ZK1098.2|ZK1098.2,3614,3474
CELE_ZK1098.3|ZK1098.3,617,642
CELE_ZK1098.4|eif-2Balpha,1721,1386
CELE_ZK1098.12|ZK1098.12,14,0
CELE_ZK1098.8|mut-7,5619,5237
CELE_C48B4.8|C48B4.8,555,483
CELE_ZK1098.10|unc-16,8149,7527
CELE_ZK1098.11|ZK1098.11,295,480
CELE_C48B4.6|C48B4.6,972,868
CELE_C48B4.7|C48B4.7,1312,1021
CELE_C48B4.9|C48B4.9,1364,1132
CELE_C48B4.10|C48B4.10,1280,1325
CELE_C48B4.11|C48B4.11,2442,2200
CELE_C48B4.3|C48B4.3,74,66
CELE_C48B4.13|C48B4.13,40,15
CELE_C48B4.4|ced-7,10056,10079
CELE_C48B4.12|C48B4.12,0,0
CELE_F58A4.18|F58A4.18,0,0
CELE_C48B4.2|rom-2,56,28
CELE_F58A4.22|F58A4.22,0,0
CELE_F58A4.21|F58A4.21,0,0
CELE_F58A4.19|F58A4.19,0,0
CELE_F58A4.17|F58A4.17,0,0
CELE_F58A4.1|F58A4.1,20,17
CELE_F58A4.2|F58A4.2,1646,1826
CELE_C48B4.1|acox-1.5,6801,4930
CELE_F58A4.14|bbs-4,41,24
CELE_F58A4.15|21ur-9360,0,0
CELE_F58A4.4|pri-1,2948,2802
CELE_F58A4.6|F58A4.6,590,560
CELE_F58A4.3|hcp-3,3792,3482
CELE_C15H7.3|C15H7.3,51,0
CELE_F58A4.11|gei-13,1553,1195
CELE_C07A9.9|C07A9.9,263,250
CELE_F58A4.16|F58A4.16,0,0
CELE_F58A4.20|F58A4.20,0,0
CELE_F58A4.7|hlh-11,2285,2425
CELE_F58A4.8|tbg-1,5662,5252
CELE_F58A4.9|rpac-19,1622,1422
CELE_F58A4.10|ubc-7,11957,11773
CELE_C07A9.6|ugt-60,253,197
CELE_C07A9.10|C07A9.10,0,0
CELE_C07A9.5|C07A9.5,20,0
CELE_C07A9.8|best-5,551,503
CELE_C07A9.7|set-3,2303,2149
CELE_C07A9.2|bud-31,2747,2541
CELE_C07A9.12|C07A9.12,93,73
CELE_C07A9.14|C07A9.14,0,0
CELE_C07A9.11|ncx-7,483,331
CELE_T05G5.12|dao-6,19,30
CELE_T05G5.14|T05G5.14,0,0
CELE_T05G5.2|hlh-4,46,17
CELE_T05G5.1|T05G5.1,920,795
CELE_C07A9.3|tlk-1,17691,17664
CELE_C07A9.16|C07A9.16,0,0
CELE_C07A9.4|ncx-6,680,257
CELE_T05G5.10|iff-1,35086,32103
CELE_T05G5.3|cdk-1,10523,9430
CELE_T05G5.4|T05G5.4,62,53
CELE_T05G5.5|T05G5.5,1935,1849
CELE_T05G5.6|ech-6,5245,4987
CELE_R10E11.10|R10E11.10,0,0
CELE_T05G5.8|vps-53,2565,2615
CELE_T05G5.9|gcc-2,4709,4423
CELE_T05G5.7|rmd-1,17869,16535
CELE_R10E11.1|cbp-1,17540,17620
CELE_R10E11.3|usp-46,2976,3081
CELE_R10E11.4|sqv-3,1804,2009
CELE_R10E11.11|R10E11.11,0,0
CELE_R10E11.9|R10E11.9,22,0
CELE_R10E11.8|vha-1,7979,5777
CELE_R10E11.2|vha-2,29980,22650
CELE_R10E11.6|R10E11.6,885,756
CELE_R10E11.5|R10E11.5,185,103
CELE_R10E11.7|srxa-10,0,0
CELE_ZK632.1|mcm-6,14699,12879
CELE_ZK632.15|ZK632.15,0,0
CELE_ZK632.2|ZK632.2,4688,4023
CELE_ZK632.3|riok-3,3057,3144
CELE_ZK632.4|ZK632.4,7705,8279
CELE_ZK632.12|ZK632.12,2931,2527
CELE_K11H3.4|K11H3.4,1239,1194
CELE_K11H3.5|K11H3.5,12,19
CELE_K11H3.8|K11H3.8,1497,1659
CELE_K11H3.12|K11H3.12,0,0
CELE_K11H3.2|K11H3.2,35,0
CELE_K11H3.6|mrpl-36,716,680
CELE_ZK632.18|ZK632.18,0,0
CELE_ZK632.16|ZK632.16,0,0
CELE_ZK632.5|gtap-2,2321,2415
CELE_ZK632.14|ZK632.14,1184,945
CELE_ZK632.6|cnx-1,12721,11290
CELE_ZK632.7|panl-3,7535,7920
CELE_ZK632.8|arl-5,971,809
CELE_ZK632.13|lin-52,1269,1193
CELE_ZK632.9|ZK632.9,8657,8091
CELE_ZK632.10|ZK632.10,6622,6281
CELE_ZK632.11|ZK632.11,2599,2433
CELE_ZK757.10|ZK757.10,0,0
CELE_ZK757.5|ZK757.5,0,0
CELE_ZK757.2|ZK757.2,86,118
CELE_K11H3.1|gpdh-2,8285,7117
CELE_K11H3.3|K11H3.3,6888,5826
CELE_ZK757.3|alg-4,374,116
CELE_F40F12.10|F40F12.10,0,0
CELE_K11H3.9|K11H3.9,0,0
CELE_K11H3.T2|K11H3.t2,0,0
CELE_K11H3.11|K11H3.11,0,0
CELE_K11H3.T1|K11H3.t1,0,0
CELE_K11H3.7|twk-48,47,58
CELE_ZK757.4|dhhc-4,2927,2847
CELE_F40F12.9|F40F12.9,74,47
CELE_F40F12.11|F40F12.11,0,0
CELE_F40F12.5|cyld-1,10465,11264
CELE_F40F12.7|cbp-3,2016,2163
CELE_F40F12.3|F40F12.3,45,15
CELE_K03H1.10|cbp-2,860,1009
CELE_K03H1.3|ttr-3,130,117
CELE_K03H1.12|K03H1.12,52,0
CELE_K03H1.4|ttr-2,9859,8666
CELE_K03H1.6|ttr-1,372,426
CELE_K03H1.1|gln-2,207,58
CELE_K03H1.17|K03H1.17,0,0
CELE_K03H1.16|K03H1.16,0,0
CELE_K03H1.15|21ur-13400,0,0
CELE_K03H1.5|dec-7,1294,1089
CELE_K03H1.8|K03H1.8,0,0
CELE_K03H1.7|K03H1.7,2933,2738
CELE_K03H1.13|K03H1.13,189,195
CELE_K03H1.11|K03H1.11,1418,1525
CELE_K03H1.2|mog-1,9736,8921
CELE_C05B5.12|C05B5.12,0,0
CELE_C05B5.1|C05B5.1,8,0
CELE_C05B5.14|C05B5.14,0,0
CELE_C05B5.4|C05B5.4,90,77
CELE_C05B5.3|pqn-8,74,54
CELE_C05B5.2|C05B5.2,160,61
CELE_C05B5.5|C05B5.5,89,73
CELE_C05B5.6|fbxa-155,0,0
CELE_C05B5.8|glam-1,264,428
CELE_M04D8.1|ins-21,0,0
CELE_C05B5.7|rgs-1,201,261
CELE_M04D8.2|ins-22,51,22
CELE_M04D8.3|ins-23,26,70
CELE_M04D8.5|M04D8.5,0,0
CELE_M04D8.7|M04D8.7,80,55
CELE_R10E12.1|alx-1,8893,8824
CELE_R10E12.6|R10E12.6,0,0
CELE_R10E12.2|R10E12.2,808,815
CELE_T16G12.11|mir-1020,0,0
CELE_T16G12.7|T16G12.7,46,0
CELE_T16G12.1|T16G12.1,4552,1853
CELE_T16G12.3|T16G12.3,1725,1843
CELE_T16G12.12|T16G12.12,41,34
CELE_T16G12.4|T16G12.4,1280,1097
CELE_T16G12.13|T16G12.13,843,813
CELE_T16G12.5|ekl-6,4281,3999
CELE_T16G12.6|T16G12.6,3894,3824
CELE_T16G12.9|T16G12.9,76,59
CELE_T16H12.3|T16H12.3,1528,1453
CELE_T16H12.6|kel-10,181,72
CELE_T16H12.5|spop-1,3890,4395
CELE_T16H12.1|T16H12.1,270,230
CELE_T16H12.13|T16H12.13,13,9
CELE_T16H12.2|T16H12.2,65,117
CELE_T16H12.11|hal-2,1329,1167
CELE_T16H12.4|gtf-2H2C,2159,2184
CELE_T16H12.9|T16H12.9,90,86
CELE_ZK1128.8|vps-29,2757,2402
CELE_ZK1128.1|nuaf-7,1887,1594
CELE_ZK1128.2|mett-10,1331,1336
CELE_ZK1128.3|ZK1128.3,53,17
CELE_ZK1128.4|gtf-2H3,1992,2055
CELE_ZK1128.9|ZK1128.9,0,0
CELE_ZK1128.7|ZK1128.7,539,731
CELE_K08E5.6|K08E5.6,0,0
CELE_K08E5.9|K08E5.9,0,0
CELE_K08E5.1|K08E5.1,191,163
CELE_K08E5.10|K08E5.10,0,0
CELE_K08E5.2|nac-3,480,594
CELE_ZK1128.5|ham-3,2648,2264
CELE_ZK1128.6|ttll-4,4478,4355
CELE_T20G5.6|unc-47,25,0
CELE_T20G5.5|epac-1,55,0
CELE_K08E5.12|K08E5.12,0,0
CELE_K08E5.8|K08E5.8,0,0
CELE_K08E5.11|K08E5.11,0,0
CELE_K08E5.5|K08E5.5,8,0
CELE_K08E5.3|mua-3,2613,1580
CELE_T20G5.15|T20G5.15,31,20
CELE_T20G5.7|dod-6,3451,3224
CELE_T20G5.13|dbd-11,12,19
CELE_T20G5.8|T20G5.8,1472,1000
CELE_T20G5.1|chc-1,29224,26611
CELE_T20G5.9|T20G5.9,1341,1086
CELE_T20G5.10|blos-1,765,863
CELE_Y70G10A.1|Y70G10A.1,26,81
CELE_Y70G10A.2|paml-1,0,0
CELE_T20G5.14|cox-14,2557,2310
CELE_Y70G10A.4|Y70G10A.4,457,513
CELE_T20G5.4|best-18,278,256
CELE_T20G5.2|cts-1,28671,27917
CELE_T20G5.11|rde-4,3632,3409
CELE_R01H10.9|21ur-14780,0,0
CELE_Y70G10A.3|Y70G10A.3,759,838
CELE_R01H10.1|div-1,4900,4436
CELE_R01H10.3|cor-1,685,399
CELE_R01H10.4|R01H10.4,500,395
CELE_R01H10.5|rip-1,67,55
CELE_R01H10.6|bbs-5,84,120
CELE_R01H10.7|inpp-4B,4500,4578
CELE_K10G9.3|pad-2,299,320
CELE_K10G9.2|K10G9.2,163,152
CELE_R01H10.8|cnk-1,4547,4482
CELE_T07A5.8|T07A5.8,0,0
CELE_K10G9.1|vglu-2,1366,1267
CELE_T07A5.7|T07A5.7,27,39
CELE_T07A5.3|vglu-3,162,143
CELE_T07A5.1|T07A5.1,130,48
CELE_T07A5.2|unc-50,3432,3066
CELE_T07A5.5|ostf-4,675,494
CELE_T07A5.6|unc-69,1263,1244
CELE_T07C4.10|sas-7,3012,2895
CELE_T07C4.9|nex-2,2691,3367
CELE_T07C4.12|T07C4.12,738,613
CELE_T07C4.11|jmjd-4,190,201
CELE_T07C4.7|mev-1,3872,3501
CELE_T07C4.8|ced-9,3874,3324
CELE_T07C4.2|tbx-8,195,220
CELE_T07C4.6|tbx-9,1148,1042
CELE_T07C4.5|ttr-15,16776,15319
CELE_C38H2.1|tbc-8,243,274
CELE_M03C11.1|M03C11.1,210,147
CELE_C38H2.2|C38H2.2,2363,1761
CELE_C38H2.3|C38H2.3,131,228
CELE_T07C4.3|T07C4.3,11754,10996
CELE_T07C4.4|spp-1,4210,5571
CELE_T07C4.1|umps-1,4916,4486
CELE_M03C11.2|chl-1,3040,3180
CELE_M03C11.3|M03C11.3,6651,6875
CELE_M03C11.4|hat-1,8969,7469
CELE_M03C11.5|ymel-1,3380,3265
CELE_M03C11.6|M03C11.6,387,449
CELE_M03C11.7|prp-3,4890,4894
CELE_H04D03.1|enu-3.1,539,544
CELE_H04D03.6|H04D03.6,179,171
CELE_H04D03.5|H04D03.5,0,0
CELE_M03C11.8|smrd-1,7845,7152
CELE_H04D03.7|H04D03.7,80,86
CELE_H04D03.4|H04D03.4,182,171
CELE_H04D03.2|H04D03.2,1728,1628
CELE_H04D03.3|ecps-2,1214,988
CELE_D2045.2|ecps-1,7768,7290
CELE_D2045.1|atx-2,18094,17777
CELE_D2045.5|D2045.5,31,19
CELE_D2045.6|cul-1,8273,7499
CELE_D2045.9|D2045.9,702,678
CELE_D2045.7|D2045.7,248,300
CELE_D2045.8|agns-1,1447,774
CELE_F43D9.10|F43D9.10,0,0
CELE_F43D9.11|F43D9.11,0,0
CELE_F43D9.1|ptr-25,2023,1746
CELE_F43D9.2|rab-33,2183,2237
CELE_F43D9.5|taf-11.3,180,161
CELE_F43D9.6|urm-1,328,408
CELE_T21C12.10|T21C12.10,0,0
CELE_T21C12.3|nlp-68,65,75
CELE_T21C12.4|T21C12.4,24,16
CELE_T21C12.8|T21C12.8,65,76
CELE_Y45F3A.1|Y45F3A.1,160,117
CELE_Y45F3A.2|rab-30,905,875
CELE_T21C12.1|unc-49,604,586
CELE_T21C12.11|T21C12.11,0,0
CELE_T21C12.9|T21C12.9,0,0
CELE_T21C12.2|hpd-1,8599,6446
CELE_F43D9.9|F43D9.9,0,0
CELE_F43D9.13|F43D9.13,0,0
CELE_F43D9.7|F43D9.7,0,0
CELE_F43D9.12|F43D9.12,0,0
CELE_F43D9.4|sip-1,108443,98515
CELE_F43D9.8|F43D9.8,7,0
CELE_F43D9.3|sly-1,3288,3186
CELE_Y45F3A.4|nssp-35,369,229
CELE_Y45F3A.3|acdh-11,4302,4118
CELE_Y39A1A.2|Y39A1A.2,14,10
CELE_Y45F3A.8|Y45F3A.8,33,0
CELE_Y45F3A.9|Y45F3A.9,639,668
CELE_Y39A1A.3|Y39A1A.3,1568,1479
CELE_Y39A1A.1|epg-6,5137,5318
CELE_Y39A1A.5|rabx-5,3595,3590
CELE_Y39A1A.24|Y39A1A.24,950,1077
CELE_Y39A1A.6|mrpl-22,1005,1040
CELE_Y39A1A.7|lron-10,2724,2619
CELE_Y39A1A.27|Y39A1A.27,7,0
CELE_Y39A1A.10|Y39A1A.10,0,0
CELE_Y39A1A.9|meic-1,142,81
CELE_Y39A1A.29|Y39A1A.29,0,0
CELE_Y39A1A.T1|Y39A1A.t1,0,0
CELE_Y39A1A.8|swt-4,460,435
CELE_Y39A1A.23|hpr-9,1144,1093
CELE_Y39A1A.16|Y39A1A.16,83,69
CELE_Y39A1A.25|Y39A1A.25,50,17
CELE_Y39A1A.31|Y39A1A.31,0,0
CELE_Y39A1A.17|Y39A1A.17,0,0
CELE_Y39A1A.13|orc-4,2234,2111
CELE_Y39A1A.11|dhs-11,1070,1014
CELE_Y39A1A.12|orc-1,6583,6171
CELE_Y39A1A.14|emg-1,1675,1438
CELE_Y39A1A.18|Y39A1A.18,0,0
CELE_Y39A1A.26|21ur-11564,0,0
CELE_Y39A1A.19|fmo-3,243,167
CELE_Y39A1A.30|Y39A1A.30,0,0
CELE_Y39A1A.15|cnt-2,6484,6189
CELE_Y39A1A.20|Y39A1A.20,181,177
CELE_Y39A1A.21|Y39A1A.21,996,922
CELE_Y39A1A.22|Y39A1A.22,3668,3286
CELE_W09D10.3|mrpl-12,2014,1663
CELE_W09D10.5|W09D10.5,174,118
CELE_W09D10.4|W09D10.4,4711,4755
CELE_W09D10.2|tat-3,6390,6090
CELE_K01G5.12|K01G5.12,0,0
CELE_Y39A1B.5|Y39A1B.5,0,0
CELE_Y39A1B.2|ptr-19,181,92
CELE_Y39A1B.9|Y39A1B.9,0,0
CELE_Y39A1B.7|Y39A1B.7,0,0
CELE_Y39A1B.6|Y39A1B.6,0,0
CELE_Y39A1B.8|Y39A1B.8,0,0
CELE_K11D9.4|21ur-9572,0,0
CELE_K11D9.7|K11D9.7,0,0
CELE_W09D10.1|smap-1,3850,4116
CELE_K01G5.8|tass-1,2033,1802
CELE_K01G5.7|tbb-1,38832,34244
CELE_K01G5.6|rib-2,1896,1888
CELE_K01G5.4|ran-1,33996,31373
CELE_K01G5.5|dkc-1,16678,16617
CELE_K01G5.3|enu-3.6,382,281
CELE_K01G5.2|hpl-2,3709,3379
CELE_K01G5.1|rnf-113,2998,2638
CELE_K01G5.10|K01G5.10,197,226
CELE_K01G5.9|tasp-1,3494,3728
CELE_Y39A1B.3|dpy-28,6721,6812
CELE_Y39A1B.1|clec-163,25,0
CELE_K11D9.3|K11D9.3,754,512
CELE_K11D9.1|klp-7,5987,5935
CELE_R17.1|fbxb-85,70,61
CELE_R17.3|sbsp-1,288,215
CELE_R17.2|pde-12,2672,2630
CELE_K11D9.2|sca-1,44934,47808
CELE_C44B9.1|vps-50,810,757
CELE_C44B9.2|C44B9.2,81,61
CELE_C44B9.3|C44B9.3,1931,2182
CELE_Y39A1C.4|hex-3,4593,4377
CELE_Y39A1C.1|tmie-1,183,149
CELE_Y39A1C.2|oxi-1,4464,4367
CELE_Y39A1C.3|cey-4,31633,29507
CELE_C44B9.4|athp-1,4674,4621
CELE_C44B9.6|fbxb-87,68,47
CELE_C44B9.5|com-1,2498,2490
CELE_M142.1|unc-119,951,760
CELE_M142.2|cut-6,256,179
CELE_M142.3|M142.3,19,0
CELE_M142.4|vab-7,70,113
CELE_M142.5|M142.5,1837,1778
CELE_W05B2.T1|W05B2.t1,0,0
CELE_W05B2.2|W05B2.2,80,0
CELE_Y52D3.1|strd-1,1895,2053
CELE_M142.8|M142.8,1360,1389
CELE_M142.6|rle-1,9769,9491
CELE_Y48A6A.1|zig-5,129,115
CELE_Y48A6B.4|fipr-17,4,9
CELE_Y48A6B.3|Y48A6B.3,2747,2388
CELE_Y48A6B.5|exos-1,1568,1410
CELE_Y48A6B.8|Y48A6B.8,36,70
CELE_Y48A6B.6|kvs-4,67,60
CELE_Y48A6B.18|Y48A6B.18,0,0
CELE_Y48A6B.16|Y48A6B.16,0,0
CELE_Y48A6B.7|gda-1,1573,1448
CELE_W05B2.9|W05B2.9,0,0
CELE_W05B2.10|W05B2.10,0,0
CELE_W05B2.11|W05B2.11,0,0
CELE_W05B2.12|W05B2.12,0,0
CELE_W05B2.6|col-92,4572,1681
CELE_W05B2.5|col-93,18170,8944
CELE_W05B2.1|col-94,3820,1791
CELE_W05B2.8|W05B2.8,2,0
CELE_Y48A6B.9|mecr-2,567,646
CELE_Y48A6B.13|spat-2,9551,11148
CELE_W09D6.4|W09D6.4,44,13
CELE_W09D6.10|W09D6.10,0,0
CELE_W09D6.T2|W09D6.t2,0,0
CELE_W09D6.T1|W09D6.t1,0,0
CELE_Y48A6B.11|rsa-2,8166,7613
CELE_W09D6.1|W09D6.1,1052,1190
CELE_W09D6.7|sls-2.14,0,0
CELE_W09D6.9|W09D6.9,0,0
CELE_W09D6.5|W09D6.5,1977,1830
CELE_W09D6.8|sls-2.15,3,0
CELE_W09D6.6|hmt-1,3805,3916
CELE_Y48A6C.6|Y48A6C.6,0,0
CELE_Y48A6C.10|Y48A6C.10,0,0
CELE_Y48A6C.8|Y48A6C.8,0,0
CELE_Y48A6C.7|Y48A6C.7,0,0
CELE_Y48A6C.1|Y48A6C.1,1291,1262
CELE_Y48A6C.2|Y48A6C.2,217,245
CELE_Y48A6C.3|sup-35,1692,1624
CELE_Y48A6C.4|Y48A6C.4,3004,2873
CELE_Y48A6C.5|pha-1,603,651
CELE_Y47D3A.2|fbxa-128,179,107
CELE_Y47D3A.1|Y47D3A.1,361,343
CELE_Y47D3A.29|pola-1,12277,11220
CELE_Y47D3A.4|cku-70,3574,3348
CELE_Y47D3A.31|Y47D3A.31,76,29
CELE_Y47D3A.10|tbx-34,50,0
CELE_Y47D3A.11|wht-8,57,31
CELE_Y47D3A.13|Y47D3A.13,113,43
CELE_Y47D3A.12|tbx-37,50,68
CELE_Y47D3A.30|elo-8,74,21
CELE_Y47D3A.5|Y47D3A.5,18,28
CELE_Y47D3A.6|tra-1,1904,1953
CELE_Y47D3A.14|Y47D3A.14,807,880
CELE_Y47D3A.15|aakb-2,2887,2893
CELE_Y47D3A.16|rsks-1,11476,12112
CELE_Y47D3A.32|Y47D3A.32,210,127
CELE_Y47D3A.20|Y47D3A.20,322,300
CELE_Y47D3A.17|obr-1,3507,3428
CELE_Y47D3A.25|rab-35,2165,2162
CELE_Y47D3A.27|teg-1,889,772
CELE_Y47D3A.21|Y47D3A.21,2946,2399
CELE_Y47D3A.23|gly-9,3587,3191
CELE_Y47D3A.22|mib-1,780,880
CELE_Y47D3A.26|smc-3,8559,8278
CELE_T28D6.14|T28D6.14,0,0
CELE_T28D6.4|T28D6.4,474,379
CELE_T28D6.10|T28D6.10,0,0
CELE_T28D6.13|T28D6.13,0,0
CELE_T28D6.3|pugs-8,805,571
CELE_T28D6.2|tba-7,1078,726
CELE_T28D6.5|T28D6.5,577,559
CELE_Y47D3A.28|mcm-10,2968,2743
CELE_T28D6.6|T28D6.6,5003,4315
CELE_T28D6.9|pen-2,873,756
CELE_T28D6.7|strt-10,693,339
CELE_Y47D3B.10|dpy-18,3360,2721
CELE_Y47D3B.3|Y47D3B.3,26,0
CELE_Y47D3B.12|Y47D3B.12,82,61
CELE_Y47D3B.21|Y47D3B.21,0,0
CELE_Y47D3B.1|subs-4,277,170
CELE_Y47D3B.2|nlp-21,716,823
CELE_Y47D3B.19|Y47D3B.19,0,0
CELE_Y47D3B.4|gtnt-51,163,149
CELE_Y47D3B.5|twk-31,368,366
CELE_Y47D3B.13|Y47D3B.13,0,0
CELE_Y47D3B.17|Y47D3B.17,0,0
CELE_Y47D3B.6|idpc-1,388,159
CELE_Y47D3B.7|sbp-1,1565,1475
CELE_Y47D3B.14|Y47D3B.14,0,0
CELE_Y47D3B.18|Y47D3B.18,0,0
CELE_Y47D3B.11|plr-1,717,649
CELE_Y66A7A.2|popl-5,547,478
CELE_Y47D3B.24|Y47D3B.24,0,0
CELE_Y47D3B.16|Y47D3B.16,0,0
CELE_Y47D3B.15|Y47D3B.15,0,0
CELE_Y47D3B.23|Y47D3B.23,0,0
CELE_Y47D3B.9|bed-2,3553,3252
CELE_Y66D12A.23|nars-2,1751,1374
CELE_Y66D12A.24|Y66D12A.24,604,474
CELE_Y66D12A.22|tin-10,1534,1296
CELE_Y66D12A.21|Y66D12A.21,1511,1500
CELE_Y66D12A.20|spe-6,235,196
CELE_Y66D12A.19|Y66D12A.19,1902,1877
CELE_Y66D12A.13|Y66D12A.13,536,445
CELE_Y66D12A.27|Y66D12A.27,0,0
CELE_Y66D12A.11|Y66D12A.11,35,0
CELE_Y66D12A.12|ztf-29,1076,1011
CELE_Y66D12A.17|such-1,3786,3561
CELE_Y66D12A.16|Y66D12A.16,693,657
CELE_Y66D12A.15|xpb-1,4781,4941
CELE_Y66D12A.10|Y66D12A.10,1927,1936
CELE_Y66D12A.9|psme-3,2346,1966
CELE_Y66D12A.8|Y66D12A.8,2899,2868
CELE_Y66D12A.7|Y66D12A.7,600,497
CELE_Y66D12A.3|Y66D12A.3,47,0
CELE_Y66D12A.1|Y66D12A.1,0,0
CELE_Y66D12A.30|Y66D12A.30,0,0
CELE_Y66A7A.9|Y66A7A.9,19,0
CELE_Y66D12A.6|Y66D12A.6,402,404
CELE_Y66D12A.5|ceh-92,2456,2601
CELE_Y66A7A.5|ceh-91,1177,1051
CELE_Y66A7A.6|gly-8,1183,652
CELE_Y66A7A.7|Y66A7A.7,174,130
CELE_Y41C4A.17|Y41C4A.17,13,23
CELE_Y66A7A.8|tbx-33,532,455
CELE_Y41C4A.2|faah-6,110,135
CELE_Y41C4A.7|Y41C4A.7,13,0
CELE_Y41C4A.4|crh-1,2586,2178
CELE_Y41C4A.30|Y41C4A.30,0,0
CELE_Y41C4A.29|Y41C4A.29,782,684
CELE_Y41C4A.6|nssp-36,60,45
CELE_Y41C4A.19|col-96,625,493
CELE_Y41C4A.8|Y41C4A.8,463,308
CELE_Y41C4A.16|col-95,18182,24661
CELE_Y41C4A.26|Y41C4A.26,0,0
CELE_Y41C4A.32|Y41C4A.32,232,107
CELE_Y41C4A.18|Y41C4A.18,13,0
CELE_Y41C4A.12|Y41C4A.12,275,284
CELE_Y41C4A.23|Y41C4A.23,0,0
CELE_Y41C4A.9|Y41C4A.9,1528,1657
CELE_Y41C4A.10|elb-1,2250,2056
CELE_Y41C4A.11|Y41C4A.11,20,14
CELE_Y41C4A.28|Y41C4A.28,0,0
CELE_Y41C4A.24|Y41C4A.24,0,0
CELE_Y41C4A.13|sup-1,458,634
CELE_Y41C4A.14|mrt-2,812,788
CELE_C24H11.6|immp-1,415,313
CELE_C24H11.10|C24H11.10,0,0
CELE_C24H11.3|tbx-38,57,61
CELE_C24H11.9|mdt-21,477,480
CELE_C24H11.5|C24H11.5,277,308
CELE_C24H11.2|C24H11.2,19,0
CELE_C18D11.7|C18D11.7,19,0
CELE_C18D11.10|C18D11.10,11,0
CELE_C24H11.8|twk-39,100,84
CELE_C18D11.6|C18D11.6,44,60
CELE_C24H11.7|gbf-1,8595,8230
CELE_C18D11.1|C18D11.1,725,553
CELE_C18D11.2|maa-1,655,619
CELE_C18D11.3|C18D11.3,4308,4265
CELE_C18D11.11|mir-1832.1,0,0
CELE_C18D11.4|rsp-8,8267,6895
CELE_Y56A3A.1|ntl-3,10269,9996
CELE_Y56A3A.10|fbxb-22,165,99
CELE_Y56A3A.39|Y56A3A.39,0,0
CELE_Y56A3A.6|Y56A3A.6,1245,1001
CELE_Y56A3A.3|mif-1,645,577
CELE_Y56A3A.2|Y56A3A.2,6969,6680
CELE_Y56A3A.4|taf-12,2482,2673
CELE_Y56A3A.11|tsen-2,1222,1106
CELE_Y56A3A.12|faah-4,3460,3119
CELE_Y56A3A.14|sdz-33,262,249
CELE_Y56A3A.15|fbxb-24,165,134
CELE_Y56A3A.16|Y56A3A.16,4295,4150
CELE_Y56A3A.19|ndab-1,4119,3601
CELE_Y56A3A.17|npp-16,4586,4607
CELE_Y56A3A.18|znf-593,860,840
CELE_Y56A3A.20|ccf-1,5747,6242
CELE_Y56A3A.7|Y56A3A.7,1842,1621
CELE_Y56A3A.34|mir-86,6,2
CELE_Y56A3A.27|top-3A,2204,2123
CELE_Y56A3A.21|trap-4,14869,11721
CELE_Y56A3A.22|Y56A3A.22,2425,2160
CELE_Y56A3A.13|nft-1,1802,1932
CELE_Y56A3A.36|dolk-1,522,493
CELE_Y56A3A.29|ung-1,2207,2072
CELE_Y56A3A.28|Y56A3A.28,1100,1013
CELE_Y56A3A.30|Y56A3A.30,505,466
CELE_Y56A3A.31|Y56A3A.31,1503,1546
CELE_Y56A3A.32|wah-1,4186,4310
CELE_Y56A3A.33|Y56A3A.33,171,162
CELE_Y79H2A.1|brp-1,20468,21643
CELE_Y79H2A.12|Y79H2A.12,17,0
CELE_Y79H2A.2|Y79H2A.2,338,276
CELE_Y75B8A.1|php-3,857,625
CELE_Y75B8A.2|nob-1,425,340
CELE_Y75B8A.51|Y75B8A.51,0,0
CELE_Y75B8A.5|lron-12,116,91
CELE_Y75B8A.3|cest-12,435,504
CELE_Y75B8A.4|lonp-2,1203,1236
CELE_Y79H2A.3|Y79H2A.3,4882,5187
CELE_Y79H2A.4|Y79H2A.4,0,0
CELE_Y79H2A.6|arx-3,4208,4534
CELE_Y79H2A.11|zyg-8,2625,2885
CELE_Y75B8A.6|Y75B8A.6,1719,1996
CELE_Y75B8A.7|Y75B8A.7,1348,1227
CELE_Y75B8A.11|lury-1,81,81
CELE_Y75B8A.54|Y75B8A.54,0,0
CELE_Y75B8A.12|osm-12,72,107
CELE_Y75B8A.44|Y75B8A.44,56,39
CELE_Y75B8A.9|gly-11,490,531
CELE_Y75B8A.8|Y75B8A.8,5214,5330
CELE_Y75B8A.45|Y75B8A.45,0,0
CELE_Y75B8A.52|Y75B8A.52,0,0
CELE_Y75B8A.13|Y75B8A.13,1835,1828
CELE_Y75B8A.14|gex-4,1743,1605
CELE_Y75B8A.47|Y75B8A.47,0,0
CELE_Y75B8A.19|Y75B8A.19,491,455
CELE_Y75B8A.20|grl-15,339,132
CELE_Y75B8A.21|fbxa-89,23,23
CELE_Y75B8A.16|gphr-1,1491,1367
CELE_Y75B8A.17|gmn-1,4736,4544
CELE_Y75B8A.18|Y75B8A.18,1147,1116
CELE_Y75B8A.22|tim-1,8618,8177
CELE_Y75B8A.23|Y75B8A.23,28,12
CELE_Y75B8A.53|Y75B8A.53,0,0
CELE_Y75B8A.26|mrp-8,519,424
CELE_Y75B8A.39|Y75B8A.39,0,0
CELE_Y75B8A.27|pqn-92,1526,1439
CELE_Y75B8A.28|Y75B8A.28,613,259
CELE_Y75B8A.24|pifk-1A,7566,6872
CELE_Y75B8A.25|glel-1,2567,2719
CELE_Y75B8A.55|Y75B8A.55,0,0
CELE_Y75B8A.29|zip-12,1069,1049
CELE_Y75B8A.35|zip-1,542,649
CELE_Y75B8A.30|pph-4.1,2341,2212
CELE_Y75B8A.34|Y75B8A.34,0,0
CELE_Y75B8A.31|Y75B8A.31,1974,1788
CELE_Y75B8A.32|Y75B8A.32,70,118
CELE_Y49E10.6|his-72,10783,10487
CELE_Y49E10.36|Y49E10.36,7,5
CELE_Y49E10.1|rpt-6,7910,7848
CELE_Y49E10.2|glrx-5,1282,1040
CELE_Y49E10.7|Y49E10.7,49,30
CELE_Y49E10.3|pph-4.2,4255,4217
CELE_Y49E10.4|Y49E10.4,2180,1975
CELE_Y49E10.5|Y49E10.5,47,46
CELE_Y49E10.37|Y49E10.37,20,20
CELE_Y49E10.30|Y49E10.30,76,56
CELE_Y49E10.26|Y49E10.26,180,207
CELE_Y49E10.32|Y49E10.32,0,0
CELE_Y49E10.T1|Y49E10.t1,0,0
CELE_Y49E10.11|tat-1,7391,7052
CELE_Y49E10.10|Y49E10.10,104,0
CELE_Y49E10.14|pie-1,3828,3633
CELE_Y49E10.15|snr-6,5636,4922
CELE_Y49E10.17|fbxa-218,27,0
CELE_Y49E10.16|Y49E10.16,2922,3064
CELE_Y49E10.18|Y49E10.18,2164,1997
CELE_Y49E10.19|ani-1,18453,18284
CELE_Y49E10.20|scav-3,5559,6177
CELE_Y49E10.29|Y49E10.29,246,183
CELE_Y49E10.21|Y49E10.21,2098,2128
CELE_Y49E10.22|pstk-1,216,198
CELE_Y49E10.35|Y49E10.35,0,0
CELE_Y49E10.31|Y49E10.31,0,0
CELE_Y49E10.34|Y49E10.34,0,0
CELE_Y49E10.33|Y49E10.33,0,0
CELE_Y49E10.23|cccp-1,544,454
CELE_Y111B2A.27|Y111B2A.27,0,0
CELE_Y111B2A.1|Y111B2A.1,377,281
CELE_Y111B2A.2|Y111B2A.2,3850,3477
CELE_Y111B2A.3|herd-1,4566,4066
CELE_Y111B2A.4|sql-1,3071,3026
CELE_Y111B2A.25|Y111B2A.25,1209,1137
CELE_Y111B2A.33|Y111B2A.33,0,0
CELE_Y111B2A.8|aakg-1,4654,4822
CELE_Y111B2A.10|gldi-8,3048,2658
CELE_Y111B2A.11|epc-1,7839,7201
CELE_Y111B2A.34|Y111B2A.34,34,29
CELE_Y111B2A.13|gtf-2A2,436,409
CELE_Y111B2A.12|Y111B2A.12,3592,3854
CELE_Y111B2A.31|Y111B2A.31,0,0
CELE_Y111B2A.14|pqn-80,1796,1787
CELE_Y111B2A.24|sas-1,2171,2329
CELE_Y111B2A.20|hut-1,2270,1996
CELE_Y111B2A.30|Y111B2A.30,0,0
CELE_Y111B2A.29|Y111B2A.29,0,0
CELE_Y111B2A.15|tpst-1,2618,2348
CELE_Y111B2A.16|taf-7.2,1783,1679
CELE_Y111B2A.17|elpc-2,2581,2798
CELE_Y111B2A.18|rsp-3,20635,17866
CELE_Y111B2A.19|spin-4,1840,1637
CELE_ZC482.2|irld-60,0,0
CELE_Y111B2A.21|Y111B2A.21,246,222
CELE_ZC482.6|srw-10,0,0
CELE_ZC482.1|gab-1,46,29
CELE_BE10.1|BE10.1,40,0
CELE_BE10.2|agmo-1,192,87
CELE_BE10.5|BE10.5,14,0
CELE_BE10.3|BE10.3,135,145
CELE_Y111B2A.22|ssl-1,12845,12695
CELE_BE10.4|BE10.4,26,31
CELE_Y37D8A.1|arx-5,2574,2394
CELE_Y37D8A.28|Y37D8A.28,0,0
CELE_Y37D8A.25|Y37D8A.25,284,259
CELE_Y37D8A.2|Y37D8A.2,9835,9222
CELE_Y37D8A.5|Y37D8A.5,47,0
CELE_Y37D8A.6|Y37D8A.6,423,327
CELE_Y37D8A.27|Y37D8A.27,3,4
CELE_Y37D8A.8|Y37D8A.8,23,16
CELE_Y37D8A.3|Y37D8A.3,537,474
CELE_Y37D8A.4|Y37D8A.4,2132,1949
CELE_Y37D8A.9|mrg-1,10080,9921
CELE_Y37D8A.11|cec-7,2654,3540
CELE_Y37D8A.10|spcs-2,6148,5027
CELE_Y37D8A.12|enu-3.5,627,589
CELE_Y37D8A.13|unc-71,7779,7778
CELE_Y37D8A.14|cox-5A,18596,16631
CELE_Y37D8A.15|flp-14,734,817
CELE_Y37D8A.16|Y37D8A.16,1093,907
CELE_Y37D8A.17|npp-25,2760,2493
CELE_Y37D8A.18|mrps-10,812,831
CELE_Y37D8A.21|rbm-7,1843,1908
CELE_Y37D8A.19|Y37D8A.19,9623,8781
CELE_Y37D8A.23|unc-25,412,393
CELE_Y37D8A.22|epg-3,3941,3779
CELE_ZK1010.11|ZK1010.11,0,0
CELE_ZK1010.4|dbd-14,29,36
CELE_ZK1010.5|ZK1010.5,228,67
CELE_ZK1010.3|frg-1,2895,2641
CELE_ZK1010.8|ZK1010.8,200,194
CELE_ZK1010.12|ZK1010.12,0,0
CELE_ZK1010.7|col-97,2212,537
CELE_ZK1010.T1|ZK1010.t1,0,0
CELE_ZK1010.10|ZK1010.10,178,173
CELE_ZK1010.9|snf-7,56,0
CELE_Y39E4A.2|ttm-1,1605,1462
CELE_Y39E4A.3|bckd-1A,3944,3191
CELE_ZK1010.2|ZK1010.2,2256,2167
CELE_ZK1010.1|ubq-2,39371,34138
CELE_F14F7.2|cyp-13A11,0,0
CELE_F14F7.4|F14F7.4,27,0
CELE_F14F7.5|F14F7.5,0,0
CELE_F54F12.2|F54F12.2,40,38
CELE_F54F12.4|F54F12.4,0,0
CELE_F54F12.1|F54F12.1,110,68
CELE_F14F7.1|col-98,7940,6138
CELE_Y39E4B.6|Y39E4B.6,1634,1664
CELE_Y39E4B.3|pqn-83,4937,4290
CELE_Y39E4B.13|Y39E4B.13,24,0
CELE_Y39E4B.15|21ur-15589,0,0
CELE_Y39E4B.9|bre-2,155,194
CELE_Y39E4B.7|dhhc-8,2202,2327
CELE_Y39E4B.8|zig-8,154,115
CELE_Y39E4B.10|Y39E4B.10,1665,1582
CELE_Y39E4B.16|Y39E4B.16,0,0
CELE_Y39E4B.14|Y39E4B.14,39,67
CELE_Y39E4B.1|abce-1,8209,8041
CELE_Y39E4B.17|Y39E4B.17,0,0
CELE_Y39E4B.2|snpc-1.2,4147,3753
CELE_Y39E4B.5|Y39E4B.5,4208,4056
CELE_Y39E4B.4|tsp-3,56,94
CELE_Y43F4A.6|Y43F4A.6,0,0
CELE_Y43F4A.T1|Y43F4A.t1,0,0
CELE_Y43F4A.T2|Y43F4A.t2,0,0
CELE_Y43F4A.1|Y43F4A.1,586,442
CELE_F56A8.1|anoh-1,0,0
CELE_Y39E4B.12|gly-5,5661,4280
CELE_Y39E4B.11|Y39E4B.11,28,15
CELE_F56A8.9|F56A8.9,383,277
CELE_F56A8.3|F56A8.3,6116,5352
CELE_F56A8.4|F56A8.4,1212,1197
CELE_F56A8.5|F56A8.5,1211,1226
CELE_F56A8.6|cpf-2,3132,3106
CELE_F56A8.7|unc-64,1428,1177
CELE_Y43F4B.3|set-25,994,946
CELE_F56A8.8|F56A8.8,396,370
CELE_Y43F4B.7|slc-36.1,1896,1638
CELE_Y43F4B.10|Y43F4B.10,1499,1170
CELE_Y43F4B.9|dph-7,1120,1010
CELE_F53A2.1|F53A2.1,61,80
CELE_F53A2.3|F53A2.3,443,433
CELE_Y43F4B.5|pgm-2,8242,7084
CELE_Y43F4B.4|npp-18,5890,5248
CELE_Y43F4B.6|klp-19,13853,13625
CELE_Y43F4B.11|Y43F4B.11,1,0
CELE_F53A2.10|F53A2.10,0,0
CELE_F53A2.8|mtm-6,4328,4041
CELE_F53A2.9|F53A2.9,479,520
CELE_F53A2.4|nud-1,5597,4638
CELE_F53A2.5|dro-1,3011,2730
CELE_F53A2.6|ife-1,10495,9552
CELE_F53A2.7|acaa-2,14483,12073
CELE_F11F1.8|F11F1.8,0,0
CELE_F11F1.4|srlf-9,0,0
CELE_F11F1.5|srlf-10,0,0
CELE_F45G2.12|F45G2.12,0,0
CELE_F45G2.T1|F45G2.t1,0,0
CELE_F45G2.11|F45G2.11,0,0
CELE_F45G2.13|F45G2.13,0,0
CELE_T03F6.9|T03F6.9,32,23
CELE_T03F6.5|lis-1,5817,6161
CELE_T03F6.10|T03F6.10,74,35
CELE_T03F6.6|T03F6.6,37,24
CELE_T03F6.4|T03F6.4,137,109
CELE_T03F6.3|T03F6.3,5514,4783
CELE_T03F6.2|dnj-17,2699,2853
CELE_T03F6.1|qdpr-1,2753,2206
CELE_F11F1.1|F11F1.1,336,190
CELE_F11F1.6|mig-18,314,387
CELE_F11F1.7|ttr-52,91,91
CELE_F45G2.1|nas-1,20,24
CELE_F45G2.2|myo-6,266,261
CELE_F45G2.3|exo-1,3372,3461
CELE_F45G2.4|cope-1,3098,2532
CELE_F45G2.5|bli-5,20,16
CELE_F45G2.7|F45G2.7,572,595
CELE_F45G2.8|F45G2.8,1247,838
CELE_F45G2.9|F45G2.9,263,331
CELE_F45G2.10|ciao-2B,1250,1175
CELE_Y76A2A.2|cua-1,5370,4783
CELE_T27E9.7|abcf-2,20481,20968
CELE_Y76A2A.1|tag-164,58,25
CELE_T27E9.2|T27E9.2,2873,2393
CELE_T27E9.8|fbxb-86,37,25
CELE_T27E9.10|21ur-13175,0,0
CELE_T27E9.9|acc-4,86,53
CELE_T28A8.1|twk-40,0,0
CELE_T28A8.6|T28A8.6,1603,1649
CELE_T28A8.5|T28A8.5,697,685
CELE_T28A8.8|T28A8.8,256,218
CELE_T28A8.4|T28A8.4,2146,2100
CELE_T27E9.1|ant-1.1,118540,116526
CELE_T27E9.3|cdk-5,2098,1861
CELE_T27E9.4|kel-3,2486,2332
CELE_T27E9.5|pssy-2,2857,2702
CELE_T27E9.6|T27E9.6,56,82
CELE_Y76A2B.T2|Y76A2B.t2,0,0
CELE_T28A8.3|T28A8.3,2403,2378
CELE_T28A8.7|mlh-1,3322,3216
CELE_Y76A2B.1|pod-1,27428,26971
CELE_Y76A2B.9|Y76A2B.9,0,0
CELE_Y76A2B.8|Y76A2B.8,0,0
CELE_Y76A2B.7|Y76A2B.7,0,0
CELE_Y76A2B.10|Y76A2B.10,0,0
CELE_Y76A2B.2|lron-13,105,104
CELE_Y76A2B.3|acs-5,2390,1979
CELE_Y76A2B.4|Y76A2B.4,775,772
CELE_Y76A2B.5|mmad-1,4240,3662
CELE_Y76A2B.6|scav-2,4761,4582
CELE_T05D4.3|exc-12,78,52
CELE_T05D4.2|T05D4.2,705,697
CELE_T05D4.1|aldo-1,2961,2663
CELE_T05D4.4|osm-7,699,582
CELE_T05D4.5|T05D4.5,74,40
CELE_T25C8.2|act-5,27408,11521
CELE_T25C8.1|shpk-1,21,36
CELE_T12D8.8|hip-1,16111,14702
CELE_T12D8.9|T12D8.9,1612,1461
CELE_T12D8.4|arrd-17,298,333
CELE_T12D8.6|mlc-5,5048,4349
CELE_T12D8.7|taf-9,1894,2192
CELE_T12D8.5|T12D8.5,2284,4371
CELE_T12D8.3|acbp-5,2165,1903
CELE_T12D8.10|T12D8.10,728,588
CELE_T12D8.2|drr-2,5341,5419
CELE_ZK525.1|flp-15,213,157
CELE_T12D8.1|set-16,7142,6566
CELE_ZK525.2|aqp-11,3110,1813
CELE_ZK520.3|dyf-2,203,217
CELE_ZK520.2|sid-2,994,687
CELE_ZK520.4|cul-2,11411,11127
CELE_ZK520.5|cyn-2,385,133
CELE_W06F12.4|21ur-14211,0,0
CELE_W06F12.1|lit-1,4995,4891
CELE_W06F12.7|W06F12.7,0,0
CELE_W06F12.3|W06F12.3,30,16
CELE_W06F12.9|mir-4814,0,0
CELE_W06F12.6|W06F12.6,0,0
CELE_W06F12.2|W06F12.2,1509,1249
CELE_K08E3.1|tyr-2,1032,563
CELE_K08E3.12|21ur-12364,0,0
CELE_K08E3.10|mlc-7,1032,941
CELE_K08E3.3|toca-2,2936,2740
CELE_K08E3.4|dbn-1,8611,9201
CELE_K08E3.5|rml-1,30220,26537
CELE_Y38C1AB.3|Y38C1AB.3,0,0
CELE_Y38C1AB.7|Y38C1AB.7,0,0
CELE_K08E3.11|K08E3.11,0,0
CELE_K08E3.13|K08E3.13,0,0
CELE_K08E3.6|cyk-4,10478,10138
CELE_K08E3.7|pdr-1,3228,3199
CELE_K08E3.8|mdt-29,2750,2677
CELE_3R5.1|pot-3,485,656
CELE_3R5.2|3R5.2,137,152
CELE_Y38C1AB.4|frm-5.2,1705,94
CELE_Y38C1AB.5|Y38C1AB.5,115,68
CELE_T05C7.4|T05C7.4,0,0
CELE_T05C7.5|T05C7.5,0,0
CELE_T05C7.2|21ur-12280,0,0
CELE_T05C7.6|T05C7.6,5,0
CELE_Y38C1AB.8|frm-5.1,2530,2032
CELE_Y38C1AB.1|Y38C1AB.1,94,61
CELE_T05C7.9|T05C7.9,0,0
CELE_T05C7.3|T05C7.3,0,0
CELE_F29C4.4|F29C4.4,0,0
CELE_B0545.3|scl-23,25,0
CELE_B0545.1|tpa-1,1450,1363
CELE_B0545.4|B0545.4,35,51
CELE_F29C4.6|tut-1,1751,1807
CELE_F29C4.7|grld-1,4560,4237
CELE_F29C4.2|cox-6C,6426,4321
CELE_Y38C1AA.9|gegf-1,43,84
CELE_Y38C1AA.7|Y38C1AA.7,382,169
CELE_Y38C1AA.16|Y38C1AA.16,3,0
CELE_Y38C1AA.6|Y38C1AA.6,290,296
CELE_Y38C1AA.5|cutl-24,294,320
CELE_F29C4.8|col-99,968,885
CELE_F29C4.12|F29C4.12,0,0
CELE_F29C4.T1|F29C4.t1,0,0
CELE_F29C4.10|F29C4.10,0,0
CELE_F29C4.1|daf-1,2363,2092
CELE_F29C4.11|F29C4.11,6,0
CELE_Y38C1AA.4|tcl-2,666,740
CELE_Y38C1AA.11|prdx-6,1503,1340
CELE_Y38C1AA.15|Y38C1AA.15,0,0
CELE_Y38C1AA.3|pnc-1,1109,957
CELE_Y38C1AA.12|intk-1,1136,1132
CELE_Y38C1AA.2|csn-3,4762,4309
CELE_Y38C1AA.13|gfrp-1,248,223
CELE_Y38C1AA.14|coa-1,645,615
CELE_Y38C1AA.1|Y38C1AA.1,2559,2259
CELE_R02D3.3|gtf-2H1,2145,2026
CELE_R02D3.4|ints-13,4620,4423
CELE_R02D3.5|fnta-1,3848,3612
CELE_R02D3.2|cogc-8,3974,3761
CELE_R02D3.1|aass-1,5040,3766
CELE_R02D3.6|grl-19,25,0
CELE_R02D3.7|rcat-1,4370,4295
CELE_T21D12.2|dpy-9,282,88
CELE_R02D3.8|R02D3.8,1446,1424
CELE_T21D12.12|T21D12.12,284,364
CELE_T21D12.3|pqbp-1.1,2918,2745
CELE_T21D12.4|pat-6,1557,1334
CELE_T21D12.9|sma-10,1619,2254
CELE_T21D12.15|best-19,540,501
CELE_T21D12.14|T21D12.14,65,39
CELE_T21D12.7|T21D12.7,86,51
CELE_K02D7.2|snai-1,18,0
CELE_K02D7.5|swt-1,1360,894
CELE_K02D7.1|pnp-1,9009,7916
CELE_K02D7.8|K02D7.8,0,0
CELE_K02D7.6|grl-26,14,0
CELE_K02D7.4|dsc-4,4956,3007
CELE_F18F11.4|bah-2,27,0
CELE_F18F11.1|pxmp-4,398,303
CELE_F18F11.5|drl-1,555,516
CELE_K02D7.3|col-101,22251,20190
CELE_Y66H1B.4|spl-1,5486,4422
CELE_T07A9.1|pqbp-1.2,389,421
CELE_F18F11.3|cdh-8,361,211
CELE_F18F11.6|F18F11.6,0,0
CELE_Y66H1B.6|Y66H1B.6,0,0
CELE_Y66H1B.2|fln-1,25740,27191
CELE_T07A9.7|gpa-4,138,147
CELE_T07A9.17|mir-5550,0,0
CELE_T07A9.3|kgb-1,1567,1433
CELE_T07A9.16|21ur-12468,1,0
CELE_T07A9.11|rps-24,55151,51889
CELE_T07A9.14|T07A9.14,1849,1987
CELE_T07A9.13|ssna-1,1718,1501
CELE_T07A9.2|ears-2,968,1215
CELE_T07A9.10|uncp-18,3155,3211
CELE_T07A9.15|T07A9.15,302,298
CELE_T07A9.9|nog-1,10982,12084
CELE_T07A9.8|rrp-8,1988,1774
CELE_Y66H1A.4|garr-1,6527,5138
CELE_T07A9.12|T07A9.12,180,169
CELE_T07A9.5|eri-1,2642,2836
CELE_T07A9.6|daf-18,32292,30371
CELE_Y66H1A.9|Y66H1A.9,0,0
CELE_Y66H1A.5|Y66H1A.5,1426,1049
CELE_Y66H1A.6|hum-8,3287,2963
CELE_Y66H1A.8|Y66H1A.8,1,0
CELE_Y66H1A.3|mrpl-55,736,667
CELE_Y66H1A.2|dpm-1,2498,2094
CELE_M04G7.2|M04G7.2,0,0
CELE_M04G7.1|M04G7.1,405,425
CELE_M04G7.4|M04G7.4,0,0
CELE_M04G7.3|npr-37,141,132
CELE_W03G1.5|W03G1.5,74,123
CELE_W03G1.6|pig-1,5335,4564
CELE_W03G1.2|W03G1.2,36,32
CELE_W03G1.1|glt-7,51,66
CELE_F56A11.4|F56A11.4,23,20
CELE_F56A11.12|F56A11.12,0,0
CELE_W03G1.10|W03G1.10,0,0
CELE_W03G1.7|asm-3,3867,4205
CELE_F56A11.9|F56A11.9,0,0
CELE_F56A11.10|F56A11.10,0,0
CELE_F56A11.14|F56A11.14,0,0
CELE_F56A11.3|efn-4,1193,1153
CELE_C18H7.15|C18H7.15,0,0
CELE_C18H7.4|C18H7.4,32,33
CELE_C18H7.7|C18H7.7,21,0
CELE_C18H7.9|prmt-4,0,0
CELE_C18H7.11|C18H7.11,203,93
CELE_C18H7.14|C18H7.14,0,0
CELE_C18H7.3|col-102,223,49
CELE_C18H7.2|inx-18,37,0
CELE_C18H7.1|C18H7.1,28,67
CELE_C05G6.T1|C05G6.t1,0,0
CELE_C18H7.16|C18H7.16,0,0
CELE_C05G6.1|nhr-76,416,337
CELE_F56A11.5|F56A11.5,3329,3154
CELE_F56A11.1|gex-2,4442,4079
CELE_F56A11.6|F56A11.6,112,0
CELE_K11H12.7|K11H12.7,848,603
CELE_K11H12.6|K11H12.6,20,53
CELE_K11H12.8|K11H12.8,4317,4618
CELE_K11H12.11|K11H12.11,85,50
CELE_K11H12.4|K11H12.4,539,124
CELE_K11H12.5|K11H12.5,147,132
CELE_F41A4.1|cutl-28,367,291
CELE_Y55F3C.10|Y55F3C.10,18,20
CELE_Y55F3C.7|cutl-26,429,316
CELE_Y55F3C.9|Y55F3C.9,273,290
CELE_Y55F3C.13|Y55F3C.13,0,0
CELE_Y55F3C.14|Y55F3C.14,0,0
CELE_Y55F3C.3|kvs-5,256,131
CELE_K11H12.14|K11H12.14,0,0
CELE_K11H12.9|K11H12.9,332,245
CELE_K11H12.1|K11H12.1,652,537
CELE_K11H12.2|rpl-15,67971,67728
CELE_K11H12.12|K11H12.12,8,0
CELE_F56B3.10|gst-40,26,42
CELE_F56B3.1|col-103,7443,6171
CELE_F56B3.2|F56B3.2,589,535
CELE_F56B3.9|F56B3.9,0,0
CELE_F56B3.3|F56B3.3,100,90
CELE_F56B3.8|mrpl-2,1763,1561
CELE_F56B3.14|F56B3.14,0,0
CELE_F56B3.7|ugt-52,404,584
CELE_F56B3.4|F56B3.4,2061,2018
CELE_F56B3.13|F56B3.13,0,0
CELE_F56B3.15|F56B3.15,0,0
CELE_F56B3.6|F56B3.6,148,37
CELE_F56B3.12|skr-18,2124,1966
CELE_F56B3.11|F56B3.11,2442,2277
CELE_F56B3.5|ech-5,2295,2170
CELE_Y55F3BL.1|mrpl-46,1260,1264
CELE_Y55F3BL.4|Y55F3BL.4,299,302
CELE_Y55F3BR.5|madf-1,103,89
CELE_Y55F3BR.10|Y55F3BR.10,80,155
CELE_Y55F3BL.2|zipt-15,3604,3220
CELE_Y55F3BR.4|lgc-33,58,44
CELE_Y55F3BR.6|Y55F3BR.6,1202,1311
CELE_Y55F3BR.8|lem-4,2010,1814
CELE_Y55F3BR.12|Y55F3BR.12,0,0
CELE_Y55F3BR.9|Y55F3BR.9,0,0
CELE_Y55F3BR.17|Y55F3BR.17,0,0
CELE_Y55F3BR.14|Y55F3BR.14,0,0
CELE_Y55F3BR.13|Y55F3BR.13,0,0
CELE_Y55F3BR.11|Y55F3BR.11,209,285
CELE_Y55F3BR.2|Y55F3BR.2,683,391
CELE_Y55F3BR.1|Y55F3BR.1,3476,3307
CELE_C44C8.6|mak-2,1810,1719
CELE_F58H7.5|F58H7.5,18,18
CELE_F58H7.10|F58H7.10,0,0
CELE_F58H7.9|F58H7.9,0,0
CELE_F58H7.3|lgc-30,37,31
CELE_F58H7.1|F58H7.1,70,33
CELE_F58H7.2|faah-3,1280,1528
CELE_C44C8.4|fbxc-1,332,350
CELE_C44C8.10|fbxc-9,56,43
CELE_C44C8.3|fbxc-2,381,376
CELE_C44C8.9|fbxc-10,53,41
CELE_C44C8.2|fbxc-4,363,375
CELE_C44C8.8|fbxc-11,64,51
CELE_C44C8.1|fbxc-5,373,391
CELE_C44C8.7|fbxc-12,71,61
CELE_F58H7.8|fbxc-3,325,302
CELE_F58H7.7|fbxc-8,50,44
CELE_F58H7.11|F58H7.11,43,29
CELE_Y55F3AM.7|egrh-2,343,335
CELE_Y55F3AL.1|plx-1,4594,4219
CELE_Y55F3AM.6|lep-2,1459,1224
CELE_Y55F3AM.5|Y55F3AM.5,802,802
CELE_Y55F3AM.8|immp-2,612,519
CELE_Y55F3AM.10|abhd-14,273,156
CELE_Y55F3AM.11|Y55F3AM.11,191,97
CELE_Y55F3AM.21|Y55F3AM.21,96,125
CELE_Y55F3AM.9|Y55F3AM.9,2477,2073
CELE_Y55F3AM.4|atg-3,2637,2579
CELE_Y55F3AM.3|rbm-39,5388,5416
CELE_Y55F3AM.14|znf-782,107,47
CELE_Y55F3AM.12|dcap-1,3629,3383
CELE_Y55F3AM.13|Y55F3AM.13,3621,3511
CELE_Y55F3AM.1|mrps-25,1567,1497
CELE_C44B12.9|C44B12.9,0,0
CELE_C44B12.3|C44B12.3,7,7
CELE_Y55F3AR.2|Y55F3AR.2,2890,2524
CELE_Y55F3AR.1|cox-18,695,705
CELE_Y55F3AR.4|Y55F3AR.4,0,0
CELE_Y55F3AM.15|csn-4,4534,4354
CELE_Y55F3AR.3|cct-8,15566,15622
CELE_C44B12.2|ost-1,11898,8871
CELE_C44B12.5|perm-4,51021,52735
CELE_C50A2.T2|C50A2.t2,0,0
CELE_C50A2.3|C50A2.3,41,71
CELE_C44B12.6|C44B12.6,0,0
CELE_C44B12.1|perm-2,39614,39524
CELE_W09G12.3|W09G12.3,39,33
CELE_W09G12.1|dsl-2,975,935
CELE_W09G12.4|dsl-1,212,176
CELE_W09G12.10|W09G12.10,29,0
CELE_W09G12.9|W09G12.9,258,308
CELE_W09G12.7|W09G12.7,164,214
CELE_C50A2.6|C50A2.6,0,0
CELE_C50A2.5|C50A2.5,0,0
CELE_Y104H12D.8|Y104H12D.8,0,0
CELE_Y104H12D.7|Y104H12D.7,0,0
CELE_Y104H12D.5|Y104H12D.5,0,0
CELE_Y104H12D.6|Y104H12D.6,0,0
CELE_Y104H12D.9|Y104H12D.9,0,0
CELE_C50A2.2|cec-2,2954,2798
CELE_Y104H12D.2|Y104H12D.2,1874,1908
CELE_Y104H12D.4|rmif-2,578,469
CELE_Y104H12D.1|mdt-20,1099,1051
CELE_Y104H12D.3|spl-3,3951,3590
CELE_F38A1.9|F38A1.9,36,40
CELE_F38A1.10|clec-165,84,71
CELE_F38A1.5|clec-166,141,276
CELE_F38A1.4|clec-167,31,0
CELE_F38A1.14|clec-169,32,35
CELE_W09G12.6|W09G12.6,0,0
CELE_F38A1.8|F38A1.8,4167,3686
CELE_C09E9.1|C09E9.1,1117,892
CELE_F38A1.1|clec-170,63,88
CELE_Y104H12BR.1|plst-1,8520,7381
CELE_F53H1.1|ddx-46,6466,6372
CELE_F58F6.5|F58F6.5,0,0
CELE_F53H1.4|F53H1.4,8881,8175
CELE_F53H1.3|F53H1.3,1456,1882
CELE_F53H1.2|F53H1.2,34,40
CELE_F58F6.4|rfc-2,3637,3894
CELE_F58F6.2|col-105,14,0
CELE_F58F6.1|col-104,1795,507
CELE_Y77E11A.T1|Y77E11A.t1,0,0
CELE_Y77E11A.14|spp-31,111,207
CELE_Y104H12A.T1|Y104H12A.t1,0,0
CELE_Y104H12A.1|nhr-41,542,453
CELE_Y77E11A.6|rpc-11,390,371
CELE_Y77E11A.9|clec-171,34,46
CELE_Y77E11A.4|jtr-1,1336,1211
CELE_Y77E11A.20|Y77E11A.20,0,0
CELE_Y77E11A.7|Y77E11A.7,5874,5668
CELE_Y77E11A.22|Y77E11A.22,13,19
CELE_Y77E11A.23|Y77E11A.23,178,148
CELE_Y77E11A.10|clp-6,96,71
CELE_Y77E11A.3|Y77E11A.3,0,0
CELE_Y77E11A.11|clp-7,5845,5169
CELE_Y77E11A.19|Y77E11A.19,0,0
CELE_Y77E11A.T2|Y77E11A.t2,0,0
CELE_Y77E11A.21|Y77E11A.21,0,0
CELE_Y77E11A.T3|Y77E11A.t3,0,0
CELE_Y77E11A.12|Y77E11A.12,229,134
CELE_Y77E11A.2|nadk-1,2019,1507
CELE_Y77E11A.15|col-106,36352,35011
CELE_Y77E11A.13|npp-20,3966,3190
CELE_Y41D4B.30|Y41D4B.30,0,0
CELE_K08D12.5|bus-2,36,36
CELE_K08D12.4|pugs-4,80,35
CELE_K08D12.1|pbs-1,11421,11365
CELE_Y77E11A.17|Y77E11A.17,0,0
CELE_K03H6.10|K03H6.10,0,0
CELE_K03H6.9|K03H6.9,0,0
CELE_K03H6.4|K03H6.4,0,0
CELE_K03H6.8|K03H6.8,0,0
CELE_K03H6.11|K03H6.11,0,0
CELE_C34H4.3|tag-244,882,670
CELE_Y41D4B.31|Y41D4B.31,0,0
CELE_Y41D4B.32|anr-50,0,0
CELE_Y41D4B.25|Y41D4B.25,0,0
CELE_Y41D4B.35|Y41D4B.35,0,0
CELE_Y41D4B.36|Y41D4B.36,0,0
CELE_Y77E11A.1|hxk-3,4434,4504
CELE_K03H6.2|txt-4,4517,4234
CELE_K03H6.T1|K03H6.t1,1,0
CELE_K03H6.7|clec-172,197,109
CELE_K03H6.1|K03H6.1,38,0
CELE_K03H6.5|K03H6.5,63,0
CELE_C34H4.5|C34H4.5,552,753
CELE_C34H4.4|col-107,1886,572
CELE_C34H4.2|C34H4.2,1718,841
CELE_C34H4.1|C34H4.1,957,449
CELE_Y41D4B.18|Y41D4B.18,150,26
CELE_Y41D4B.17|Y41D4B.17,518,229
CELE_Y41D4B.16|hpo-6,10245,3243
CELE_Y41D4B.15|Y41D4B.15,228,158
CELE_Y41D4B.19|npp-8,8837,8156
CELE_Y41D4B.14|Y41D4B.14,200,182
CELE_Y41D4B.13|ced-2,3680,3392
CELE_Y41D4B.12|set-23,707,570
CELE_Y41D4B.11|Y41D4B.11,2295,2239
CELE_Y41D4B.10|dsl-3,479,607
CELE_Y41D4B.9|nhr-122,461,481
CELE_Y41D4B.20|nhr-287,106,68
CELE_Y41D4B.8|nhr-92,348,296
CELE_Y41D4B.7|nhr-87,191,119
CELE_Y41D4B.27|nhr-146,165,150
CELE_Y41D4B.29|Y41D4B.29,1,0
CELE_Y41D4B.26|cpg-24,402,341
CELE_Y41D4B.6|Y41D4B.6,354,369
CELE_Y41D4B.21|nhr-274,2462,2345
CELE_Y41D4B.5|rps-28,18431,15207
CELE_Y41D4B.4|Y41D4B.4,3368,3359
CELE_K08D12.3|K08D12.3,19034,17460
CELE_K08D12.2|rpi-2,122,119
CELE_K08D12.7|epic-3,0,0
CELE_K08D12.6|epic-2,4000,2569
CELE_K08D12.8|K08D12.8,19,10
CELE_Y41D4A.5|ptpn-22,6905,6861
CELE_Y41D4A.6|Y41D4A.6,1429,1466
CELE_Y38C1BA.2|snn-1,82,34
CELE_Y38C1BA.5|Y38C1BA.5,0,0
CELE_Y41D4A.8|frpr-19,520,395
CELE_Y38C1BA.1|Y38C1BA.1,158,166
CELE_Y41D4A.4|Y41D4A.4,8511,7573
CELE_Y41D4A.7|Y41D4A.7,172,206
CELE_Y41D4A.3|Y41D4A.3,244,269
CELE_Y38C1BA.3|col-109,1369,367
CELE_K07A9.2|cmk-1,252,179
CELE_K07A9.5|K07A9.5,0,0
CELE_K07A9.6|K07A9.6,0,0
CELE_F55A8.2|egl-4,15905,15192
CELE_K07A9.3|ccm-2,175,91
CELE_F55A8.5|F55A8.5,0,0
CELE_F55A8.3|F55A8.3,0,0
CELE_F55A8.4|F55A8.4,0,0
CELE_F55A8.1|egl-18,3352,3487
CELE_F52C12.5|elt-6,290,247
CELE_Y48A5A.2|ulp-3,855,895
CELE_Y76B12C.4|Y76B12C.4,52,45
CELE_Y48A5A.1|shq-1,1424,1374
CELE_Y48A5A.3|Y48A5A.3,409,353
CELE_F52C12.4|denn-4,4099,3920
CELE_F52C12.3|tsen-54,507,480
CELE_F52C12.2|F52C12.2,1548,1419
CELE_F52C12.6|F52C12.6,1080,1065
CELE_F52C12.1|tdpo-1,2057,1965
CELE_Y76B12C.8|nssp-37,102,40
CELE_Y76B12C.3|Y76B12C.3,1829,1804
CELE_Y76B12C.9|Y76B12C.9,0,0
CELE_Y76B12C.1|cng-2,0,0
CELE_R05C11.2|R05C11.2,0,0
CELE_R05C11.4|R05C11.4,112,164
CELE_R05C11.1|arrd-26,49,58
CELE_C23H5.15|C23H5.15,135,88
CELE_C23H5.7|che-6,0,0
CELE_C23H5.11|C23H5.11,0,0
CELE_C23H5.5|C23H5.5,0,0
CELE_C23H5.4|C23H5.4,0,0
CELE_C23H5.6|C23H5.6,0,0
CELE_C23H5.10|C23H5.10,0,0
CELE_R05C11.3|mca-2,3345,2618
CELE_Y76B12C.6|Y76B12C.6,3777,3217
CELE_Y76B12C.2|xpc-1,6818,6478
CELE_Y76B12C.7|cpsf-1,4343,3967
CELE_C23H5.3|xbx-4,0,0
CELE_C23H5.13|C23H5.13,0,0
CELE_C23H5.2|glb-7,31,0
CELE_C23H5.9|grl-20,63,29
CELE_C23H5.8|C23H5.8,828,846
CELE_C23H5.1|prmt-6,190,117
CELE_C54E4.7|C54E4.7,0,0
CELE_C54E4.10|C54E4.10,0,0
CELE_C54E4.8|C54E4.8,0,0
CELE_C54E4.4|C54E4.4,111,93
CELE_C54E4.2|test-1,3557,2360
CELE_C54E4.12|C54E4.12,32,51
CELE_C54E4.5|C54E4.5,360,294
CELE_T04C4.3|T04C4.3,7,0
CELE_Y71G10AR.5|Y71G10AR.5,0,0
CELE_Y71G10AL.1|hrpu-2,8226,7792
CELE_Y71G10AR.4|Y71G10AR.4,3639,3465
CELE_M70.2|M70.2,0,0
CELE_M70.3|M70.3,115,0
CELE_M70.1|M70.1,56,0
CELE_T04C4.2|T04C4.2,0,0
CELE_T04C4.1|fnip-2,5657,6413
CELE_M70.4|famp-1,2984,3070
CELE_M70.12|M70.12,0,0
CELE_M70.7|M70.7,0,0
CELE_M70.6|M70.6,0,0
CELE_M70.8|M70.8,0,0
CELE_M70.11|M70.11,0,0
CELE_M70.9|M70.9,0,0
CELE_M70.13|M70.13,0,0
CELE_M70.10|M70.10,0,0
CELE_M70.5|M70.5,1223,1091
CELE_Y38F2AL.2|mksr-2,41,29
CELE_C37F5.1|lin-1,957,856
CELE_Y38F2AL.10|Y38F2AL.10,0,0
CELE_Y38F2AL.7|21ur-15630,0,0
CELE_Y38F2AL.12|Y38F2AL.12,47,87
CELE_Y38F2AL.5|nhr-236,20,0
CELE_Y38F2AL.1|nsy-4,694,540
CELE_Y38F2AL.6|Y38F2AL.6,164,149
CELE_Y38F2AL.11|Y38F2AL.11,0,0
CELE_Y38F2AL.3|vha-11,11020,7194
CELE_Y38F2AL.4|vha-3,4145,2351
CELE_Y38F2AR.7|ppgn-1,2474,2336
CELE_Y38F2AR.5|tftc-1,3149,2953
CELE_Y38F2AR.3|Y38F2AR.3,1723,1572
CELE_Y38F2AR.9|sec-61.B,3974,2780
CELE_Y38F2AR.17|Y38F2AR.17,0,0
CELE_Y38F2AR.2|trap-3,11871,9120
CELE_C45G7.2|ilys-2,0,163
CELE_C24E9.2|C24E9.2,0,0
CELE_C24E9.1|C24E9.1,0,0
CELE_Y69A2AL.1|grd-16,37,19
CELE_Y38F2AR.19|Y38F2AR.19,0,0
CELE_Y38F2AR.18|Y38F2AR.18,0,0
CELE_Y38F2AR.22|mir-4930,0,0
CELE_Y38F2AR.21|Y38F2AR.21,0,0
CELE_Y38F2AR.20|Y38F2AR.20,0,0
CELE_Y38F2AR.1|eri-5,1338,1374
CELE_Y38F2AR.10|Y38F2AR.10,16,0
CELE_Y38F2AR.12|Y38F2AR.12,1991,1502
CELE_Y38F2AR.14|Y38F2AR.14,3,0
CELE_C45G7.9|C45G7.9,0,0
CELE_C45G7.10|C45G7.10,0,0
CELE_C45G7.11|C45G7.11,0,0
CELE_C45G7.12|C45G7.12,0,0
CELE_C45G7.4|C45G7.4,327,304
CELE_C45G7.5|cdh-10,295,89
CELE_C45G7.13|C45G7.13,88,184
CELE_Y69A2AR.19|Y69A2AR.19,243,57
CELE_Y69A2AL.2|Y69A2AL.2,2828,1838
CELE_Y69A2AR.21|ccdc-12,3409,2940
CELE_Y69A2AR.35|21ur-12508,0,0
CELE_Y69A2AR.23|Y69A2AR.23,24,0
CELE_Y69A2AR.12|Y69A2AR.12,42,71
CELE_Y69A2AR.51|Y69A2AR.51,2,0
CELE_Y69A2AR.8|Y69A2AR.8,52,33
CELE_Y69A2AR.7|epg-9,1955,2155
CELE_Y69A2AR.6|vamp-7,959,912
CELE_Y69A2AR.18|Y69A2AR.18,25599,22983
CELE_Y69A2AR.16|Y69A2AR.16,3613,3454
CELE_Y69A2AR.22|Y69A2AR.22,744,645
CELE_Y69A2AR.5|daao-1,156,394
CELE_Y69A2AR.32|Y69A2AR.32,704,754
CELE_Y69A2AR.28|Y69A2AR.28,1183,1108
CELE_Y69A2AR.4|smf-3,207,343
CELE_Y69A2AR.29|ngn-1,267,258
CELE_Y69A2AR.41|Y69A2AR.41,0,0
CELE_Y69A2AR.T2|Y69A2AR.t2,0,0
CELE_Y69A2AR.30|mdf-2,4499,4293
CELE_Y69A2AR.3|nduv-3,1992,1435
CELE_Y69A2AR.2|ric-8,2090,2384
CELE_Y69A2AR.42|Y69A2AR.42,0,0
CELE_Y69A2AR.43|Y69A2AR.43,0,0
CELE_Y69A2AR.45|Y69A2AR.45,0,0
CELE_Y69A2AR.44|Y69A2AR.44,0,0
CELE_Y69A2AR.36|Y69A2AR.36,0,0
CELE_Y69A2AR.T1|Y69A2AR.t1,0,0
CELE_Y69A2AR.31|gfrl-1,331,244
CELE_Y94H6A.4|gpx-4,59,53
CELE_Y69A2AR.1|Y69A2AR.1,4940,4625
CELE_Y94H6A.17|Y94H6A.17,168,141
CELE_Y94H6A.3|Y94H6A.3,1619,1648
CELE_Y94H6A.16|Y94H6A.16,247,204
CELE_Y94H6A.5|Y94H6A.5,1863,2295
CELE_Y94H6A.13|Y94H6A.13,0,0
CELE_Y94H6A.11|egrh-3,2177,2072
CELE_Y94H6A.6|ubc-8,1006,1399
CELE_Y94H6A.10|Y94H6A.10,7936,6221
CELE_Y94H6A.12|Y94H6A.12,175,245
CELE_Y94H6A.7|Y94H6A.7,439,417
CELE_Y94H6A.8|ndua-12,4073,3837
CELE_Y94H6A.2|Y94H6A.2,18,0
CELE_Y94H6A.1|nhr-277,43,43
CELE_Y54G2A.41|Y54G2A.41,96,40
CELE_Y94H6A.9|ubxn-2,4567,4559
CELE_Y54G2A.11|Y54G2A.11,2492,2940
CELE_Y54G2A.42|Y54G2A.42,0,0
CELE_Y54G2A.12|Y54G2A.12,909,849
CELE_Y54G2A.T2|Y54G2A.t2,0,0
CELE_Y54G2A.65|Y54G2A.65,0,0
CELE_Y54G2A.T1|Y54G2A.t1,0,0
CELE_Y54G2A.52|Y54G2A.52,419,545
CELE_Y54G2A.10|Y54G2A.10,205,197
CELE_Y54G2A.32|Y54G2A.32,259,396
CELE_Y54G2A.2|atln-1,8591,6994
CELE_Y54G2A.76|Y54G2A.76,158,126
CELE_Y54G2A.13|Y54G2A.13,44,29
CELE_Y54G2A.70|Y54G2A.70,0,0
CELE_Y54G2A.45|Y54G2A.45,5030,1806
CELE_Y54G2A.T4|Y54G2A.t4,4,0
CELE_Y54G2A.48|Y54G2A.48,13,25
CELE_Y54G2A.46|pudl-1,32,67
CELE_Y54G2A.47|pudl-2,22,29
CELE_Y54G2A.55|21ur-13160,0,0
CELE_Y54G2A.37|Y54G2A.37,135,50
CELE_Y54G2A.39|clec-80,1048,645
CELE_Y54G2A.8|clec-82,36,117
CELE_Y54G2A.7|Y54G2A.7,347,482
CELE_Y54G2A.14|clec-83,4477,3248
CELE_Y54G2A.56|21ur-14446,0,0
CELE_Y54G2A.33|clec-84,5939,2622
CELE_Y54G2A.15|Y54G2A.15,43,0
CELE_Y54G2A.40|Y54G2A.40,46,53
CELE_Y54G2A.6|clec-85,12730,8085
CELE_Y54G2A.49|Y54G2A.49,371,108
CELE_Y54G2A.16|Y54G2A.16,83,68
CELE_Y54G2A.19|Y54G2A.19,299,335
CELE_Y54G2A.5|dml-1,52,16
CELE_Y54G2A.58|Y54G2A.58,0,0
CELE_Y54G2A.17|nprt-1,3472,3327
CELE_Y54G2A.75|dib-1,4558,3791
CELE_Y54G2A.18|Y54G2A.18,7641,7100
CELE_W08E12.6|W08E12.6,30,39
CELE_W08E12.5|W08E12.5,41,17
CELE_W08E12.4|W08E12.4,50,22
CELE_W08E12.3|idpp-12,17,20
CELE_W08E12.2|W08E12.2,15,0
CELE_W08E12.9|W08E12.9,0,0
CELE_W08E12.1|zip-11,450,384
CELE_F42A6.3|F42A6.3,119,139
CELE_F42A6.11|F42A6.11,0,0
CELE_F42A6.10|21ur-14887,0,0
CELE_F42A6.9|elks-1,1933,1851
CELE_Y55H10A.3|Y55H10A.3,0,0
CELE_F42A6.6|F42A6.6,877,885
CELE_F42A6.7|hrpa-1,28918,25764
CELE_Y54G2A.35|ser-6,65,49
CELE_Y54G2A.25|lad-2,255,245
CELE_Y54G2A.71|Y54G2A.71,0,0
CELE_Y54G2A.59|Y54G2A.59,0,0
CELE_Y54G2A.60|Y54G2A.60,0,0
CELE_Y54G2A.62|Y54G2A.62,0,0
CELE_Y54G2A.64|Y54G2A.64,0,0
CELE_Y54G2A.66|Y54G2A.66,0,0
CELE_Y54G2A.68|Y54G2A.68,0,0
CELE_Y54G2A.69|Y54G2A.69,0,0
CELE_Y54G2A.61|Y54G2A.61,0,0
CELE_Y54G2A.63|Y54G2A.63,0,0
CELE_Y54G2A.28|Y54G2A.28,32,22
CELE_Y54G2A.67|Y54G2A.67,0,0
CELE_Y67D8C.7|spig-14,0,0
CELE_Y67D8C.19|Y67D8C.19,0,0
CELE_Y67D8C.18|Y67D8C.18,0,0
CELE_Y67D8C.21|Y67D8C.21,0,0
CELE_Y67D8C.20|Y67D8C.20,0,0
CELE_Y67D8C.13|Y67D8C.13,0,0
CELE_Y67D8C.14|Y67D8C.14,0,0
CELE_Y67D8C.17|Y67D8C.17,0,0
CELE_Y67D8C.15|Y67D8C.15,0,0
CELE_Y67D8C.16|Y67D8C.16,0,0
CELE_T23E1.4|21ur-12174,0,0
CELE_T23E1.5|T23E1.5,0,0
CELE_T23E1.7|T23E1.7,0,0
CELE_T23E1.6|T23E1.6,0,0
CELE_Y67D8B.1|Y67D8B.1,0,0
CELE_Y67D8B.4|nlp-81,46,68
CELE_Y67D8A.2|phkb-1,4836,4713
CELE_Y67D8A.9|Y67D8A.9,0,0
CELE_Y67D8A.6|Y67D8A.6,0,0
CELE_Y67D8A.4|mir-58.1,0,0
CELE_Y67D8A.7|Y67D8A.7,0,0
CELE_T26C12.5|mir-270,0,0
CELE_T26C12.8|T26C12.8,0,0
CELE_T26C12.9|T26C12.9,0,0
CELE_T26C12.7|T26C12.7,0,0
CELE_Y54G2A.36|Y54G2A.36,1887,2277
CELE_Y54G2A.21|Y54G2A.21,288,292
CELE_Y54G2A.50|Y54G2A.50,665,689
CELE_Y54G2A.22|fbxc-45,845,830
CELE_Y54G2A.31|ubc-13,3824,3493
CELE_Y54G2A.23|manf-1,6371,4877
CELE_Y54G2A.4|samt-1,1135,510
CELE_Y54G2A.26|Y54G2A.26,3531,4100
CELE_Y54G2A.73|Y54G2A.73,658,759
CELE_Y54G2A.3|vrp-1,3550,2211
CELE_Y54G2A.1|lin-22,68,44
CELE_Y54G2A.29|ndnf-1,163,248
CELE_Y67D8C.5|eel-1,25835,23404
CELE_Y67D8C.23|Y67D8C.23,90,73
CELE_Y67D8C.3|ivph-3,1642,1658
CELE_Y67D8C.8|cpg-9,576,285
CELE_Y67D8C.22|Y67D8C.22,16,20
CELE_Y67D8C.9|Y67D8C.9,644,535
CELE_Y67D8C.10|mca-3,17190,16360
CELE_T23E1.2|T23E1.2,423,550
CELE_Y67D8B.2|Y67D8B.2,18,17
CELE_Y67D8B.5|Y67D8B.5,22,19
CELE_M4.1|slmp-1,5666,5304
CELE_Y67D8A.3|dmd-9,530,499
CELE_Y67D8A.8|Y67D8A.8,2,4
CELE_T26C12.1|T26C12.1,9385,10905
CELE_T26C12.2|T26C12.2,35,30
CELE_T26C12.6|clec-173,2818,1428
CELE_T26C12.3|T26C12.3,359,498
CELE_W08E12.8|pugs-9,13,19
CELE_W08E12.7|W08E12.7,35359,37517
CELE_B0546.3|B0546.3,1461,1834
CELE_B0546.4|B0546.4,1268,1316
CELE_Y55H10A.1|vha-19,11929,9746
CELE_B0546.2|otub-4,3634,3262
CELE_C04C3.4|C04C3.4,13,5
CELE_C04C3.5|dyf-3,155,201
CELE_B0546.1|mai-2,8837,6798
CELE_C04C3.2|lgc-9,26,42
CELE_C04C3.3|pdhb-1,6932,7059
CELE_C04C3.7|C04C3.7,0,0
CELE_W05E7.2|srz-32,0,0
CELE_W05E7.3|grd-13,182,86
CELE_W05E7.1|grd-3,1604,1087
CELE_F09D12.1|grd-10,284,101
CELE_F09D12.2|F09D12.2,29,34
CELE_F58E2.4|F58E2.4,51,49
CELE_F58E2.2|F58E2.2,0,16
CELE_F58E2.3|F58E2.3,61,52
CELE_C09G12.2|srz-79,0,0
CELE_C09G12.17|C09G12.17,0,0
CELE_C09G12.1|ceh-53,20,37
CELE_C09G12.8|ced-10,3390,2870
CELE_C09G12.18|C09G12.18,0,0
CELE_C09G12.9|tsg-101,4480,4153
CELE_C09G12.19|C09G12.19,17,6
CELE_Y37E11C.3|Y37E11C.3,0,0
CELE_M57.T1|M57.t1,0,0
CELE_Y37E11C.1|unc-33,3390,2991
CELE_M57.2|M57.2,3710,3571
CELE_B0212.7|B0212.7,0,0
CELE_B0212.T1|B0212.t1,0,0
CELE_B0212.5|osm-9,51,0
CELE_B0212.1|otpl-1,66,65
CELE_B0212.8|B0212.8,0,0
CELE_B0212.4|nstp-6,182,121
CELE_B0212.9|B0212.9,0,0
CELE_M57.1|M57.1,705,693
CELE_B0212.3|B0212.3,848,734
CELE_Y37E11B.11|Y37E11B.11,0,0
CELE_Y37E11B.14|Y37E11B.14,0,0
CELE_Y37E11B.12|Y37E11B.12,0,0
CELE_Y37E11B.13|Y37E11B.13,0,0
CELE_Y37E11B.T1|Y37E11B.t1,0,0
CELE_Y37E11B.T2|Y37E11B.t2,0,0
CELE_Y37E11B.2|Y37E11B.2,138,115
CELE_Y37E11B.1|Y37E11B.1,86,74
CELE_Y37E11B.3|blos-7,802,733
CELE_Y37E11B.4|taf-2,2621,2587
CELE_Y37E11B.7|Y37E11B.7,38,37
CELE_Y37E11B.5|Y37E11B.5,1479,1596
CELE_Y37E11B.6|Y37E11B.6,668,430
CELE_ZC416.9|ZC416.9,0,0
CELE_ZC416.2|ZC416.2,49,105
CELE_CHA-1|cha-1,131,104
CELE_UNC-17|unc-17,178,109
CELE_CC8.3|CC8.3,0,4
CELE_ZC416.1|madf-9,283,217
CELE_Y37E11B.10|Y37E11B.10,94,0
CELE_ZC416.4|kgb-2,305,480
CELE_ZC416.6|ltah-1.2,3939,2971
CELE_CC8.2|CC8.2,1175,1126
CELE_Y37E11AL.6|fmil-1,433,311
CELE_Y37E11AL.11|21ur-13846,0,0
CELE_Y37E11AL.4|Y37E11AL.4,10,0
CELE_Y37E11AL.7|map-1,2152,2295
CELE_Y37E11AL.9|Y37E11AL.9,7,10
CELE_Y37E11AL.13|Y37E11AL.13,0,0
CELE_Y37E11AL.8|taf-6.2,3125,3024
CELE_Y37E11AL.3|Y37E11AL.3,3745,3192
CELE_Y37E11AL.2|Y37E11AL.2,45,25
CELE_Y37E11AM.3|Y37E11AM.3,1622,1181
CELE_Y37E11AM.4|Y37E11AM.4,944,922
CELE_Y37E11AM.2|Y37E11AM.2,1891,1735
CELE_Y37E11AM.1|smgl-2,3657,3698
CELE_Y37E11AR.8|21ur-14903,0,0
CELE_Y37E11AR.3|nape-2,915,908
CELE_Y37E11AR.4|nape-1,563,1020
CELE_Y37E11AR.7|spe-40,0,0
CELE_Y37E11AR.5|ugt-45,1179,1172
CELE_Y37E11AR.1|best-20,522,522
CELE_Y37E11AR.2|siah-1,4259,7129
CELE_Y37E11AR.9|Y37E11AR.9,27,61
CELE_Y37E11AR.6|vab-2,468,483
CELE_W07G9.3|W07G9.3,0,0
CELE_W07G9.2|glct-6,678,642
CELE_K09B3.1|K09B3.1,0,0
CELE_M02B7.3|osm-3,228,222
CELE_M02B7.4|algn-14,1386,1285
CELE_M02B7.2|M02B7.2,728,737
CELE_M02B7.9|anr-18,20,25
CELE_M02B7.1|fbxc-47,969,871
CELE_M02B7.7|M02B7.7,251,238
CELE_F28F9.16|F28F9.16,0,0
CELE_M02B7.8|M02B7.8,0,0
CELE_F28F9.3|F28F9.3,36,37
CELE_M02B7.6|cal-3,107,99
CELE_F28F9.13|F28F9.13,0,0
CELE_F28F9.4|aat-8,68,72
CELE_F28F9.9|F28F9.9,0,0
CELE_F28F9.1|zag-1,662,539
CELE_M02B7.5|bris-1,3842,4062
CELE_F37C4.2|oac-22,31,0
CELE_F37C4.1|oac-21,0,0
CELE_F56D6.8|F56D6.8,9,117
CELE_F37C4.8|F37C4.8,0,0
CELE_F37C4.6|F37C4.6,1339,1062
CELE_F56D6.10|dct-8,45,231
CELE_F56D6.17|F56D6.17,148,124
CELE_F56D6.16|F56D6.16,17,21
CELE_F56D6.22|F56D6.22,17,12
CELE_F56D6.13|F56D6.13,61,6
CELE_F56D6.20|F56D6.20,5,4
CELE_F56D6.19|F56D6.19,7,7
CELE_F56D6.5|srz-20,0,0
CELE_F37C4.4|F37C4.4,231,273
CELE_F37C4.5|F37C4.5,12909,11922
CELE_F56D6.14|F56D6.14,7,0
CELE_Y46C8AL.3|clec-70,25,0
CELE_Y46C8AL.4|clec-71,430,282
CELE_F56D6.15|clec-69,0,0
CELE_F56D6.2|clec-67,7995,4345
CELE_F56D6.1|clec-68,147,59
CELE_Y46C8AL.2|clec-174,2110,936
CELE_Y46C8AL.5|clec-72,1951,807
CELE_Y46C8AL.9|clec-75,151,178
CELE_Y46C8AM.1|Y46C8AM.1,169,196
CELE_Y46C8AR.1|clec-76,162,250
CELE_F47C12.4|clec-79,145,69
CELE_Y46C8AL.1|clec-73,723,222
CELE_Y46C8AL.8|clec-74,8724,1124
CELE_F47C12.6|F47C12.6,0,0
CELE_F47C12.11|F47C12.11,0,0
CELE_F47C12.13|F47C12.13,0,0
CELE_F47C12.7|F47C12.7,0,0
CELE_F47C12.12|F47C12.12,0,0
CELE_F47C12.8|F47C12.8,0,0
CELE_W02C12.2|W02C12.2,116,189
CELE_F47C12.2|clec-78,3077,2379
CELE_F35F11.2|F35F11.2,19,0
CELE_W02C12.4|W02C12.4,0,0
CELE_W02C12.3|hlh-30,4833,4605
CELE_F35F11.1|cdc-73,3959,3616
CELE_W03D2.5|wrt-5,527,374
CELE_W03D2.6|W03D2.6,423,469
CELE_W03D2.2|fbxb-55,10,0
CELE_W03D2.7|ilys-6,0,0
CELE_W03D2.14|W03D2.14,35,26
CELE_W03D2.11|W03D2.11,41,0
CELE_W03D2.1|pqn-75,178,321
CELE_W03D2.15|W03D2.15,31,23
CELE_W03D2.9|W03D2.9,46,26
CELE_C35B1.8|C35B1.8,12,0
CELE_W03D2.4|pcn-1,24468,22688
CELE_C35B1.9|C35B1.9,0,0
CELE_C35B1.4|C35B1.4,2565,1494
CELE_C35B1.5|C35B1.5,5250,2714
CELE_F49F1.15|F49F1.15,4,0
CELE_C35B1.10|C35B1.10,0,0
CELE_C35B1.7|nlp-89,23,9
CELE_F49F1.14|F49F1.14,14,0
CELE_C35B1.2|C35B1.2,2172,1811
CELE_C35B1.1|ubc-1,2396,2530
CELE_F49F1.1|drd-50,1935,879
CELE_F49F1.5|F49F1.5,538,422
CELE_F49F1.6|mul-1,2234,892
CELE_F49F1.12|F49F1.12,17,0
CELE_F49F1.7|F49F1.7,1558,762
CELE_K08D10.9|K08D10.9,0,0
CELE_R07C12.4|R07C12.4,32,0
CELE_K08D10.14|K08D10.14,41,78
CELE_R07C12.2|R07C12.2,771,760
CELE_K08D10.8|scrm-5,55,0
CELE_K08D10.7|scrm-8,37,0
CELE_K08D10.18|K08D10.18,0,0
CELE_K08D10.5|K08D10.5,0,0
CELE_K08D10.4|rnp-2,2005,1682
CELE_K08D10.3|rnp-3,2109,1942
CELE_K08D10.2|dnj-15,1290,1242
CELE_K08D10.12|tsen-34,416,420
CELE_K08D10.11|K08D10.11,0,0
CELE_K08D10.15|K08D10.15,0,0
CELE_K06B9.1|cyp-25A6,0,0
CELE_K06B9.5|pax-2,0,0
CELE_K06B9.2|K06B9.2,892,649
CELE_K06B9.4|K06B9.4,1506,1462
CELE_K06B9.6|K06B9.6,18,21
CELE_F30B5.8|srbc-71,0,0
CELE_F30B5.7|zipt-2.2,196,130
CELE_F30B5.4|osgn-1,3444,2204
CELE_F36A4.22|linc-41,8,0
CELE_F36A4.21|linc-21,18,5
CELE_F30B5.1|dpy-13,3787,853
CELE_F36A4.10|col-34,466,306
CELE_F36A4.6|col-33,30,25
CELE_F36A4.5|F36A4.5,35,46
CELE_F36A4.4|F36A4.4,34,15
CELE_F36A4.3|F36A4.3,27,0
CELE_F36A4.2|F36A4.2,21,0
CELE_F36A4.16|mir-242,0,0
CELE_F36A4.14|nhr-78,289,334
CELE_F15E6.7|srv-4,0,0
CELE_F15E6.8|dct-7,23,137
CELE_F15E6.4|F15E6.4,92,361
CELE_F15E6.6|F15E6.6,1142,688
CELE_F36A4.8|ttr-20,283,241
CELE_F36A4.7|ama-1,16541,15976
CELE_F15E6.10|F15E6.10,19,37
CELE_F15E6.9|F15E6.9,122,116
CELE_F15E6.3|F15E6.3,1140,3317
CELE_F15E6.12|F15E6.12,0,0
CELE_F15E6.2|lgc-22,1251,1201
CELE_W03B1.2|trpl-2,205,178
CELE_W03B1.16|W03B1.16,0,0
CELE_F15E6.1|set-9,4847,4268
CELE_Y24D9B.1|Y24D9B.1,119,120
CELE_W03B1.1|W03B1.1,0,0
CELE_W03B1.7|oac-51,373,286
CELE_W03B1.3|W03B1.3,247,228
CELE_Y24D9A.12|Y24D9A.12,0,0
CELE_W03B1.4|sars-2,2730,2382
CELE_F55F10.1|F55F10.1,6826,7055
CELE_Y24D9A.8|tald-1,7477,6087
CELE_R08C7.7|str-185,0,0
CELE_R08C7.5|R08C7.5,0,0
CELE_R08C7.15|21ur-14085,0,0
CELE_R08C7.9|fbxb-74,116,98
CELE_R08C7.13|fbxb-75,285,249
CELE_Y24D9A.6|Y24D9A.6,0,0
CELE_Y24D9A.7|Y24D9A.7,0,0
CELE_Y24D9A.1|ell-1,5588,5477
CELE_Y24D9A.4|rpl-7A,54552,53660
CELE_Y24D9A.10|Y24D9A.10,161,96
CELE_Y24D9A.11|Y24D9A.11,38,20
CELE_Y24D9A.9|Y24D9A.9,11,0
CELE_Y24D9A.2|set-21,942,725
CELE_R08C7.10|wapl-1,7133,7126
CELE_R08C7.3|htz-1,21219,21670
CELE_R08C7.17|R08C7.17,0,0
CELE_R08C7.19|R08C7.19,0,0
CELE_R08C7.14|mir-243,0,0
CELE_R08C7.16|R08C7.16,0,0
CELE_R08C7.11|R08C7.11,0,0
CELE_R08C7.18|R08C7.18,0,0
CELE_R08C7.2|chat-1,5463,5115
CELE_R08C7.12|R08C7.12,944,826
CELE_R08C7.1|R08C7.1,4,0
CELE_M01H9.2|M01H9.2,44,0
CELE_M01H9.4|M01H9.4,207,290
CELE_M01H9.10|M01H9.10,7,14
CELE_ZK180.12|ZK180.12,0,0
CELE_ZK180.10|ZK180.10,0,0
CELE_ZK180.17|ZK180.17,0,0
CELE_ZK180.16|ZK180.16,0,0
CELE_ZK180.9|ZK180.9,0,0
CELE_ZK180.11|ZK180.11,0,0
CELE_M01H9.1|trx-3,191,157
CELE_ZK180.1|gbb-2,314,236
CELE_M01H9.5|M01H9.5,0,0
CELE_M01H9.6|M01H9.6,0,0
CELE_M01H9.3|M01H9.3,6679,9643
CELE_ZK180.3|rfth-1,1390,1485
CELE_ZK180.8|ZK180.8,7,9
CELE_ZK180.4|sar-1,9915,8834
CELE_ZK180.5|ZK180.5,2958,1163
CELE_ZK180.19|ZK180.19,0,0
CELE_ZK180.13|ZK180.13,0,0
CELE_ZK180.15|ZK180.15,0,0
CELE_ZK180.14|ZK180.14,0,0
CELE_ZK180.6|ZK180.6,1110,251
CELE_ZK185.4|ZK185.4,23,16
CELE_ZK185.3|ZK185.3,340,203
CELE_ZK185.8|ZK185.8,0,0
CELE_ZK185.2|ZK185.2,107,103
CELE_ZK185.9|ZK185.9,16,23
CELE_ZK185.5|ZK185.5,839,575
CELE_ZK185.1|ZK185.1,725,779
CELE_F28E10.2|siss-1,484,376
CELE_F28E10.16|F28E10.16,25,36
CELE_F28E10.5|F28E10.5,24,49
CELE_F28E10.11|F28E10.11,0,0
CELE_F28E10.8|F28E10.8,0,0
CELE_F28E10.1|F28E10.1,552,215
CELE_F28E10.6|F28E10.6,0,0
CELE_F28E10.9|F28E10.9,0,0
CELE_F28E10.7|F28E10.7,0,0
CELE_F28E10.13|F28E10.13,0,0
CELE_F28E10.15|F28E10.15,0,0
CELE_F28E10.10|F28E10.10,0,0
CELE_F28E10.14|F28E10.14,0,0
CELE_F19C7.8|F19C7.8,151,146
CELE_R105.4|R105.4,0,0
CELE_R105.5|R105.5,0,0
CELE_R105.3|21ur-9960,1,0
CELE_R105.1|R105.1,126,57
CELE_F29B9.8|F29B9.8,2671,2369
CELE_F29B9.7|F29B9.7,29,13
CELE_F19C7.3|F19C7.3,139,94
CELE_F19C7.2|F19C7.2,155,217
CELE_F19C7.4|F19C7.4,314,154
CELE_F19C7.1|nspg-10,15615,6773
CELE_F19C7.7|col-110,135,48
CELE_F29B9.6|ubc-9,12400,11476
CELE_F29B9.5|F29B9.5,85,66
CELE_F29B9.4|psr-1,3323,3085
CELE_F29B9.9|col-111,408,169
CELE_F29B9.10|mrps-21,796,608
CELE_F29B9.11|F29B9.11,4673,3803
CELE_T22B11.2|bus-4,109,80
CELE_T22B11.4|kin-36,1650,1382
CELE_F29B9.14|F29B9.14,0,0
CELE_T22B11.6|T22B11.6,0,0
CELE_F29B9.2|jmjd-1.2,6572,6601
CELE_F29B9.1|F29B9.1,1127,996
CELE_F29B9.13|F29B9.13,6,4
CELE_F29B9.12|F29B9.12,54,22
CELE_T22B11.5|ogdh-1,20786,21285
CELE_K08F11.3|cif-1,9854,9275
CELE_K08F11.4|yars-2,2642,2285
CELE_K08F11.5|miro-1,3962,3744
CELE_Y17G9B.7|fbxb-77,48,43
CELE_Y17G9B.11|Y17G9B.11,4,0
CELE_Y17G9B.4|Y17G9B.4,424,414
CELE_Y17G9B.8|Y17G9B.8,1088,861
CELE_Y17G9B.9|memi-1,3601,3448
CELE_Y17G9B.10|21ur-11429,0,0
CELE_Y17G9B.2|Y17G9B.2,76,57
CELE_Y17G9B.1|npp-26,70,69
CELE_R11E3.18|R11E3.18,6,4
CELE_R11E3.15|R11E3.15,0,0
CELE_R11E3.2|R11E3.2,90,85
CELE_Y17G9B.3|cyp-31A3,3460,3271
CELE_R11E3.4|set-15,770,607
CELE_K08F11.1|K08F11.1,0,17
CELE_K08F11.7|K08F11.7,0,0
CELE_E04A4.3|E04A4.3,0,0
CELE_K08F11.6|K08F11.6,319,345
CELE_E04A4.9|21ur-15541,1,0
CELE_E04A4.2|fbxb-80,33,52
CELE_E04A4.1|fbxb-78,78,104
CELE_E04A4.4|elac-2,6246,6176
CELE_E04A4.5|timm-17B.1,5153,4697
CELE_E04A4.6|tctn-1,38,65
CELE_E04A4.7|cyc-2.1,18798,17162
CELE_E04A4.8|rpl-18A,34168,33696
CELE_Y17G9B.5|Y17G9B.5,2367,2304
CELE_R11E3.5|nhr-104,385,342
CELE_R11E3.16|R11E3.16,0,0
CELE_R11E3.14|21ur-10512,0,0
CELE_R11E3.13|21ur-7600,1,0
CELE_R11E3.1|R11E3.1,138,57
CELE_R11E3.17|R11E3.17,0,0
CELE_R11E3.6|eor-1,4936,4839
CELE_R11E3.7|dpf-7,3281,3298
CELE_R11E3.8|dpf-5,13180,12639
CELE_H06H21.11|H06H21.11,1465,1239
CELE_H06H21.6|ubxn-6,5933,6123
CELE_H06H21.37|H06H21.37,1795,1782
CELE_H06H21.2|srw-95,0,0
CELE_H06H21.15|21ur-13615,0,0
CELE_H06H21.1|srw-94,0,0
CELE_H06H21.35|21ur-13337,0,0
CELE_H06H21.16|21ur-6241,0,0
CELE_H06H21.33|21ur-9795,0,0
CELE_H06H21.36|H06H21.36,0,0
CELE_H06H21.22|21ur-6355,0,0
CELE_H06H21.28|21ur-6623,0,0
CELE_H06H21.17|21ur-8787,0,0
CELE_H06H21.30|21ur-10653,0,0
CELE_H06H21.26|21ur-14699,0,0
CELE_H06H21.8|H06H21.8,782,1081
CELE_H06H21.9|mpz-4,38,0
CELE_Y17G9A.26|21ur-9649,0,0
CELE_Y17G9A.3|Y17G9A.3,0,0
CELE_Y17G9A.64|21ur-13290,0,0
CELE_H06H21.3|eif-1.A,14462,13440
CELE_H06H21.10|tat-2,579,442
CELE_H06H21.27|21ur-12118,0,0
CELE_H06H21.24|21ur-14763,0,0
CELE_H06H21.25|21ur-6748,0,0
CELE_H06H21.20|21ur-9676,0,0
CELE_H06H21.18|21ur-11267,0,0
CELE_H06H21.32|21ur-8301,0,0
CELE_H06H21.19|21ur-10447,0,0
CELE_H06H21.21|21ur-9878,0,0
CELE_H06H21.31|21ur-14640,0,0
CELE_H06H21.29|21ur-12002,0,0
CELE_H06H21.12|21ur-1816,0,0
CELE_H06H21.34|21ur-9113,0,0
CELE_Y17G9A.11|21ur-103,0,0
CELE_Y17G9A.71|21ur-7555,0,0
CELE_Y17G9A.23|21ur-3256,0,0
CELE_Y17G9A.12|21ur-3648,0,0
CELE_Y17G9A.15|21ur-5268,0,0
CELE_Y17G9A.16|21ur-2692,0,0
CELE_Y17G9A.70|21ur-7928,0,0
CELE_Y17G9A.20|21ur-233,0,0
CELE_Y17G9A.89|Y17G9A.89,0,0
CELE_Y17G9A.52|21ur-14047,0,0
CELE_Y17G9A.42|21ur-5552,0,0
CELE_Y17G9A.48|21ur-7652,0,0
CELE_Y17G9A.72|21ur-9255,0,0
CELE_Y17G9A.88|Y17G9A.88,0,0
CELE_Y17G9A.9|21ur-1103,0,0
CELE_Y17G9A.47|21ur-13082,0,0
CELE_Y17G9A.74|21ur-9515,0,0
CELE_Y17G9A.27|21ur-8591,0,0
CELE_Y17G9A.57|21ur-8467,0,0
CELE_Y17G9A.36|21ur-10158,0,0
CELE_Y17G9A.38|21ur-13380,0,0
CELE_Y17G9A.17|21ur-5006,0,0
CELE_Y17G9A.13|21ur-1855,0,0
CELE_Y17G9A.50|21ur-14292,0,0
CELE_Y17G9A.41|21ur-7492,0,0
CELE_Y17G9A.8|21ur-193,0,0
CELE_Y17G9A.28|21ur-9573,0,0
CELE_Y17G9A.77|21ur-9232,0,0
CELE_Y17G9A.63|21ur-6167,0,0
CELE_Y17G9A.18|21ur-5162,0,0
CELE_Y17G9A.65|21ur-10569,0,0
CELE_Y17G9A.80|21ur-8678,0,0
CELE_H06H21.23|21ur-8392,1,0
CELE_Y17G9A.T1|Y17G9A.t1,0,0
CELE_Y17G9A.87|Y17G9A.87,0,0
CELE_Y17G9A.51|21ur-6713,0,0
CELE_Y17G9A.61|21ur-13948,0,0
CELE_Y17G9A.73|21ur-12868,0,0
CELE_Y17G9A.35|21ur-6750,0,0
CELE_Y17G9A.30|21ur-13101,0,0
CELE_Y17G9A.32|21ur-15441,0,0
CELE_Y17G9A.4|Y17G9A.4,304,578
CELE_Y17G9A.78|21ur-13180,0,0
CELE_Y17G9A.59|21ur-8317,0,0
CELE_Y17G9A.49|21ur-15037,0,0
CELE_Y17G9A.39|21ur-7358,0,0
CELE_Y17G9A.90|Y17G9A.90,0,0
CELE_Y17G9A.33|21ur-9921,0,0
CELE_Y17G9A.34|21ur-12548,0,0
CELE_T08B6.7|str-170,0,0
CELE_T08B6.22|21ur-4189,0,0
CELE_T08B6.34|21ur-11972,0,0
CELE_T08B6.51|21ur-11519,0,0
CELE_T08B6.42|21ur-9908,0,0
CELE_T08B6.56|21ur-10439,0,0
CELE_T08B6.44|21ur-12940,0,0
CELE_T08B6.49|21ur-7444,0,0
CELE_T08B6.46|21ur-8251,0,0
CELE_T08B6.6|str-166,0,0
CELE_T08B6.43|21ur-8864,0,0
CELE_T08B6.63|T08B6.63,0,0
CELE_T08B6.62|T08B6.62,0,0
CELE_T08B6.26|21ur-15184,0,0
CELE_T08B6.30|21ur-6392,0,0
CELE_T08B6.61|21ur-13801,0,0
CELE_T08B6.45|21ur-7495,0,0
CELE_T08B6.13|21ur-4152,0,0
CELE_T08B6.20|21ur-1583,0,0
CELE_T08B6.1|T08B6.1,14,11
CELE_T08B6.37|21ur-8691,0,0
CELE_T08B6.35|21ur-5688,0,0
CELE_T08B6.2|T08B6.2,38,25
CELE_T08B6.54|21ur-14175,0,0
CELE_T08B6.39|21ur-5686,0,0
CELE_T08B6.21|21ur-756,0,0
CELE_T08B6.58|21ur-5759,0,0
CELE_T08B6.33|21ur-13131,0,0
CELE_T08B6.27|21ur-14911,0,0
CELE_T08B6.24|21ur-10989,0,0
CELE_T08B6.14|21ur-1302,0,0
CELE_T08B6.18|21ur-152,0,0
CELE_T08B6.5|sgnh-1,184,130
CELE_T08B6.9|T08B6.9,93,26
CELE_T08B6.59|21ur-10686,1,1
CELE_T08B6.4|T08B6.4,215,89
CELE_Y9C9A.7|str-153,0,0
CELE_Y9C9A.69|21ur-9794,0,0
CELE_Y9C9A.109|Y9C9A.109,0,0
CELE_Y9C9A.86|21ur-6550,0,0
CELE_Y9C9A.85|21ur-11221,0,0
CELE_Y9C9A.82|21ur-11065,0,0
CELE_Y9C9A.48|21ur-7016,0,0
CELE_Y9C9A.61|21ur-13354,0,0
CELE_Y9C9A.106|21ur-8358,0,0
CELE_Y9C9A.12|fbxa-86,0,0
CELE_Y9C9A.111|Y9C9A.111,0,0
CELE_Y9C9A.8|Y9C9A.8,157,113
CELE_Y9C9A.107|21ur-9723,0,0
CELE_Y9C9A.103|21ur-7514,0,0
CELE_Y9C9A.102|21ur-13487,0,0
CELE_Y9C9A.54|21ur-7568,0,0
CELE_Y9C9A.40|21ur-7998,0,0
CELE_Y9C9A.20|21ur-5116,0,0
CELE_Y9C9A.22|21ur-1423,0,0
CELE_Y9C9A.37|21ur-15672,0,0
CELE_Y9C9A.56|21ur-15516,0,0
CELE_Y9C9A.90|21ur-7179,0,0
CELE_Y9C9A.24|21ur-4542,0,0
CELE_Y9C9A.104|21ur-9956,0,0
CELE_Y9C9A.44|21ur-13580,0,0
CELE_Y9C9A.77|21ur-6625,0,0
CELE_Y9C9A.19|21ur-2441,0,0
CELE_Y9C9A.84|21ur-12751,0,0
CELE_Y9C9A.21|21ur-1750,0,0
CELE_Y9C9A.25|21ur-3882,0,0
CELE_Y9C9A.29|21ur-357,0,0
CELE_Y9C9A.36|21ur-5256,0,0
CELE_Y9C9A.28|21ur-2669,0,0
CELE_Y9C9A.14|srz-27,0,0
CELE_Y9C9A.31|21ur-1931,0,0
CELE_Y9C9A.60|21ur-8708,0,0
CELE_Y9C9A.87|21ur-9398,0,0
CELE_Y9C9A.52|21ur-10997,0,0
CELE_Y9C9A.53|21ur-12315,0,1
CELE_Y9C9A.46|21ur-11434,0,0
CELE_Y9C9A.26|21ur-4650,0,0
CELE_Y9C9A.97|21ur-9258,0,0
CELE_Y9C9A.13|Y9C9A.13,57,65
CELE_Y9C9A.16|Y9C9A.16,0,0
CELE_Y9C9A.34|21ur-5126,0,0
CELE_Y9C9A.32|21ur-2020,0,0
CELE_Y9C9A.74|21ur-11733,0,0
CELE_Y9C9A.45|21ur-9201,0,0
CELE_E03H12.26|anr-4,0,0
CELE_E03H12.5|E03H12.5,195,54
CELE_E03H12.2|clec-177,0,0
CELE_E03H12.20|21ur-10032,0,0
CELE_E03H12.7|E03H12.7,62,17
CELE_T28H11.12|21ur-11202,0,0
CELE_E03H12.10|ssp-9,275,94
CELE_T28H11.5|ssq-2,780,245
CELE_T28H11.6|ssp-11,274,88
CELE_T28H11.23|21ur-14794,0,0
CELE_T28H11.11|21ur-14009,0,0
CELE_T28H11.18|21ur-13077,0,1
CELE_T28H11.4|pes-1,231,177
CELE_T28H11.10|21ur-8750,1,0
CELE_C09B9.82|C09B9.82,0,0
CELE_C09B9.81|C09B9.81,0,0
CELE_C09B9.70|21ur-6413,0,0
CELE_C09B9.67|21ur-14081,0,0
CELE_C09B9.56|21ur-14897,0,0
CELE_C09B9.69|21ur-12605,0,0
CELE_C09B9.36|21ur-7226,0,0
CELE_C09B9.32|21ur-13671,0,0
CELE_T28H11.8|T28H11.8,106,110
CELE_C09B9.86|mir-8191,0,0
CELE_T28H11.19|21ur-12147,0,0
CELE_T28H11.26|21ur-13627,0,0
CELE_T28H11.14|21ur-10805,0,0
CELE_T28H11.2|srm-1,34,22
CELE_T28H11.27|21ur-9528,1,1
CELE_T28H11.7|T28H11.7,201,74
CELE_T28H11.1|ssq-4,1045,304
CELE_C09B9.62|21ur-9012,0,0
CELE_C09B9.2|C09B9.2,73,25
CELE_C09B9.30|21ur-14544,0,0
CELE_C09B9.20|21ur-3393,0,0
CELE_C09B9.19|21ur-1192,0,0
CELE_C09B9.74|21ur-7879,0,0
CELE_C09B9.13|21ur-1427,0,0
CELE_C09B9.60|21ur-13860,0,0
CELE_C09B9.63|21ur-15281,0,0
CELE_C09B9.57|21ur-13993,0,0
CELE_C09B9.42|21ur-7843,0,0
CELE_C09B9.37|21ur-13663,0,0
CELE_C09B9.66|21ur-15180,0,0
CELE_C09B9.15|21ur-2652,0,0
CELE_C09B9.4|spe-55,89,40
CELE_C09B9.18|21ur-4266,0,0
CELE_C09B9.80|C09B9.80,0,0
CELE_C09B9.T1|C09B9.t1,0,0
CELE_C09B9.48|21ur-8287,0,0
CELE_C09B9.41|21ur-13812,0,0
CELE_C09B9.1|dgs-1,25,25
CELE_C09B9.31|21ur-13233,0,0
CELE_C09B9.28|21ur-6624,0,0
CELE_C09B9.79|21ur-11017,0,0
CELE_C09B9.72|21ur-10797,0,0
CELE_C09B9.38|21ur-6645,0,0
CELE_C09B9.73|21ur-11022,0,0
CELE_C09B9.24|21ur-8407,0,0
CELE_C09B9.59|21ur-11257,0,0
CELE_C09B9.75|21ur-6626,0,0
CELE_C09B9.8|hot-9,82,79
CELE_Y4C6B.68|21ur-10863,0,0
CELE_Y4C6B.29|21ur-15156,0,0
CELE_Y4C6B.87|21ur-8044,0,0
CELE_Y4C6B.31|21ur-13094,0,0
CELE_Y4C6B.46|21ur-12801,0,0
CELE_Y4C6B.14|21ur-2158,0,0
CELE_Y4C6B.41|21ur-11490,0,0
CELE_Y4C6B.66|21ur-14405,0,0
CELE_Y4C6B.96|21ur-7882,0,0
CELE_Y4C6B.34|21ur-13826,0,0
CELE_Y4C6B.22|21ur-3603,0,0
CELE_Y4C6B.40|21ur-10722,0,0
CELE_Y4C6B.92|21ur-6961,0,0
CELE_Y4C6B.23|21ur-1035,0,0
CELE_Y4C6B.90|21ur-8085,0,0
CELE_Y4C6B.78|21ur-13563,0,0
CELE_Y4C6B.73|21ur-15507,0,0
CELE_Y4C6B.59|21ur-8597,0,0
CELE_Y4C6B.36|21ur-6122,0,0
CELE_Y4C6B.24|21ur-1022,0,0
CELE_Y4C6B.25|21ur-347,0,0
CELE_Y4C6B.5|slc-46A,731,662
CELE_Y4C6B.84|21ur-10481,1,0
CELE_Y4C6B.30|21ur-6843,0,0
CELE_Y4C6B.63|21ur-8858,0,0
CELE_Y4C6B.93|21ur-11699,0,0
CELE_Y4C6B.57|21ur-12610,0,0
CELE_Y4C6B.13|21ur-5279,0,0
CELE_Y4C6B.98|Y4C6B.98,0,0
CELE_Y4C6B.10|21ur-2888,0,0
CELE_Y4C6B.8|21ur-4673,0,1
CELE_Y4C6B.3|Y4C6B.3,276,266
CELE_Y4C6B.86|21ur-10801,1,0
CELE_Y4C6B.2|Y4C6B.2,118,149
CELE_Y4C6B.77|21ur-11639,0,0
CELE_Y4C6B.83|21ur-7346,0,0
CELE_Y4C6B.48|21ur-7871,0,0
CELE_Y4C6B.35|21ur-6102,0,0
CELE_Y4C6B.55|21ur-5561,0,0
CELE_Y4C6B.67|21ur-10466,0,0
CELE_Y4C6B.9|21ur-4915,0,0
CELE_Y4C6B.88|21ur-10864,0,0
CELE_Y4C6B.82|21ur-15599,0,0
CELE_Y4C6B.47|21ur-5649,0,0
CELE_Y4C6B.18|21ur-5375,0,0
CELE_Y4C6B.26|21ur-4904,1,0
CELE_Y4C6B.62|21ur-8879,0,0
CELE_Y4C6B.54|21ur-7864,0,0
CELE_Y4C6B.61|21ur-9715,0,0
CELE_Y4C6B.51|21ur-5967,0,0
CELE_Y4C6B.7|Y4C6B.7,639,508
CELE_Y4C6B.64|21ur-8015,0,0
CELE_Y4C6B.81|21ur-12033,0,0
CELE_Y4C6B.91|21ur-10056,0,0
CELE_Y4C6B.49|21ur-15321,0,0
CELE_Y4C6B.19|21ur-1014,0,0
CELE_Y4C6B.15|21ur-1963,0,0
CELE_Y4C6B.75|21ur-8528,0,0
CELE_Y4C6B.T3|Y4C6B.t3,0,0
CELE_Y4C6B.6|gba-4,5002,5783
CELE_Y4C6B.71|21ur-5786,1,0
CELE_Y4C6B.85|21ur-6552,1,0
CELE_R13H9.8|21ur-10651,0,0
CELE_R13H9.7|sls-2.13,0,0
CELE_C02B10.11|21ur-2058,0,0
CELE_C02B10.36|21ur-11788,0,0
CELE_C02B10.73|C02B10.73,0,0
CELE_C02B10.57|21ur-13153,0,0
CELE_C02B10.24|21ur-4280,0,0
CELE_C02B10.26|21ur-4762,0,0
CELE_C02B10.41|21ur-5783,0,0
CELE_C02B10.44|21ur-9197,0,0
CELE_C02B10.43|21ur-9076,0,0
CELE_C02B10.42|21ur-13854,0,0
CELE_C02B10.9|21ur-506,0,0
CELE_C02B10.68|21ur-15374,0,0
CELE_C02B10.8|21ur-2397,0,0
CELE_C02B10.31|21ur-6198,0,0
CELE_C02B10.16|21ur-2481,0,0
CELE_C02B10.37|21ur-14120,0,0
CELE_C02B10.58|21ur-15620,0,0
CELE_C02B10.29|21ur-778,0,0
CELE_C02B10.40|21ur-15226,0,0
CELE_C02B10.60|21ur-6616,0,0
CELE_C02B10.33|21ur-9336,0,0
CELE_C02B10.20|21ur-2121,0,0
CELE_C02B10.38|21ur-10249,0,0
CELE_C02B10.62|21ur-12091,0,0
CELE_C02B10.64|21ur-10421,0,0
CELE_C02B10.59|21ur-14319,0,0
CELE_C02B10.63|21ur-6694,0,0
CELE_C02B10.61|21ur-7042,0,0
CELE_C02B10.47|21ur-5726,0,0
CELE_C02B10.23|21ur-3444,0,0
CELE_C02B10.22|21ur-5230,0,0
CELE_C02B10.69|21ur-10796,0,0
CELE_C02B10.54|21ur-13307,0,0
CELE_C02B10.74|C02B10.74,0,0
CELE_C02B10.13|21ur-4588,0,0
CELE_C02B10.30|21ur-10576,0,0
CELE_C02B10.56|21ur-10399,0,0
CELE_C02B10.35|21ur-9085,0,0
CELE_C02B10.12|21ur-4870,0,0
CELE_C02B10.55|21ur-6379,0,0
CELE_C02B10.72|C02B10.72,0,0
CELE_C02B10.7|21ur-116,0,0
CELE_C02B10.70|21ur-11489,0,0
CELE_C02B10.45|21ur-9225,0,0
CELE_C02B10.18|21ur-12,0,0
CELE_C02B10.32|21ur-6371,0,0
CELE_C02B10.25|21ur-950,0,0
CELE_C02B10.49|21ur-13961,0,0
CELE_C02B10.46|21ur-9442,0,0
CELE_C02B10.21|21ur-62,0,0
CELE_C02B10.48|21ur-6396,0,0
CELE_C02B10.15|21ur-5430,0,0
CELE_C02B10.66|21ur-10658,0,0
CELE_C02B10.10|21ur-4622,0,0
CELE_C02B10.39|21ur-10277,0,0
CELE_C02B10.50|21ur-12352,0,0
CELE_C02B10.17|21ur-3953,0,0
CELE_C02B10.34|21ur-12642,0,0
CELE_C02B10.14|21ur-5324,0,0
CELE_C02B10.27|21ur-2943,0,0
CELE_C02B10.52|21ur-11778,0,0
CELE_C02B10.19|21ur-3719,0,0
CELE_C02B10.65|21ur-11743,0,0
CELE_C02B10.28|21ur-3428,0,0
CELE_C02B10.53|21ur-7067,0,0
CELE_C02B10.51|21ur-8385,0,0
CELE_C02B10.67|21ur-8306,0,0
CELE_C02B10.71|C02B10.71,0,0
CELE_AC7.75|21ur-11345,0,0
CELE_AC7.36|21ur-6891,0,0
CELE_AC7.58|21ur-6591,0,0
CELE_AC7.50|21ur-10378,0,0
CELE_AC7.1|tkr-3,46,0
CELE_AC7.10|21ur-3769,0,0
CELE_AC7.13|21ur-3367,0,0
CELE_AC7.19|21ur-3365,0,0
CELE_AC7.68|21ur-13117,0,0
CELE_AC7.60|21ur-11568,0,0
CELE_AC7.41|21ur-11818,0,0
CELE_AC7.54|21ur-7123,0,0
CELE_AC7.43|21ur-10286,0,0
CELE_AC7.38|21ur-6061,0,0
CELE_AC7.73|21ur-9153,0,0
CELE_AC7.35|21ur-10908,0,0
CELE_AC7.71|21ur-10559,0,0
CELE_AC7.72|21ur-13901,0,0
CELE_AC7.44|21ur-15554,0,0
CELE_AC7.57|21ur-7471,0,0
CELE_AC7.62|21ur-9368,0,0
CELE_AC7.48|21ur-7187,0,0
CELE_AC7.61|21ur-8774,0,0
CELE_AC7.37|21ur-12498,0,0
CELE_AC7.77|21ur-9238,0,0
CELE_AC7.67|21ur-6196,0,0
CELE_AC7.82|21ur-6813,0,0
CELE_AC7.25|21ur-6908,0,0
CELE_AC7.39|21ur-7803,0,0
CELE_AC7.21|21ur-6716,0,0
CELE_AC7.9|21ur-1688,0,0
CELE_AC7.12|21ur-2664,0,0
CELE_AC7.14|21ur-4695,0,0
CELE_AC7.16|21ur-1052,0,0
CELE_AC7.28|21ur-11381,0,0
CELE_AC7.42|21ur-6981,0,0
CELE_AC7.30|21ur-8151,0,0
CELE_AC7.49|21ur-12865,0,0
CELE_AC7.2|soc-2,1582,1448
CELE_AC7.11|21ur-4118,0,0
CELE_AC7.83|21ur-9616,0,0
CELE_AC7.18|21ur-2318,0,0
CELE_AC7.70|21ur-14289,0,0
CELE_AC7.33|21ur-7462,0,0
CELE_AC7.15|21ur-2269,0,1
CELE_AC7.80|21ur-7532,0,0
CELE_AC7.6|21ur-4804,0,0
CELE_AC7.4|21ur-3853,0,0
CELE_AC7.29|21ur-13770,0,0
CELE_AC7.27|21ur-7559,0,0
CELE_AC7.79|21ur-10994,0,0
CELE_AC7.76|21ur-5852,0,0
CELE_AC7.64|21ur-13358,0,0
CELE_AC7.24|21ur-8507,0,0
CELE_AC7.5|21ur-4409,0,0
CELE_AC7.78|21ur-13011,0,0
CELE_AC7.51|21ur-15344,0,0
CELE_AC7.20|21ur-3835,0,0
CELE_AC7.52|21ur-9624,0,0
CELE_AC7.46|21ur-7327,0,0
CELE_AC7.32|21ur-12793,0,0
CELE_AC7.34|21ur-15178,0,0
CELE_AC7.53|21ur-10611,0,0
CELE_AC7.17|21ur-3864,0,0
CELE_AC7.81|21ur-9509,0,0
CELE_AC7.59|21ur-7010,0,0
CELE_AC7.55|21ur-14043,0,0
CELE_AC7.40|21ur-9353,0,0
CELE_AC7.74|21ur-7898,0,0
CELE_AC7.69|21ur-11159,0,0
CELE_AC7.8|21ur-905,0,0
CELE_AC7.56|21ur-6916,0,0
CELE_AC7.63|21ur-7649,0,0
CELE_AC7.23|21ur-6527,0,0
CELE_AC7.45|21ur-6233,0,0
CELE_AC7.47|21ur-9366,0,0
CELE_AC7.66|21ur-12973,0,0
CELE_AC7.31|21ur-10768,0,0
CELE_C24D10.25|21ur-13578,0,0
CELE_C24D10.33|21ur-7064,0,0
CELE_C24D10.15|21ur-4816,0,0
CELE_C24D10.28|21ur-11328,0,0
CELE_C24D10.26|21ur-15634,0,0
CELE_C24D10.31|21ur-11239,0,0
CELE_C24D10.11|21ur-1146,0,0
CELE_C24D10.43|21ur-14180,0,0
CELE_C24D10.40|21ur-9051,0,0
CELE_C24D10.14|21ur-2878,0,0
CELE_C24D10.21|21ur-3717,0,0
CELE_C24D10.27|21ur-7754,0,0
CELE_C24D10.46|21ur-10727,0,0
CELE_C24D10.37|21ur-14373,0,0
CELE_C24D10.23|21ur-7868,0,0
CELE_C24D10.44|21ur-8067,0,0
CELE_C24D10.24|21ur-11707,0,0
CELE_C24D10.38|21ur-15216,0,0
CELE_C24D10.34|21ur-9241,0,0
CELE_C24D10.10|21ur-4351,0,0
CELE_C24D10.20|21ur-1305,0,0
CELE_C24D10.16|21ur-3831,0,0
CELE_C24D10.48|linc-145,0,0
CELE_C24D10.22|21ur-1700,0,0
CELE_C24D10.49|C24D10.49,0,0
CELE_C24D10.42|21ur-6975,0,0
CELE_C24D10.32|21ur-9926,0,0
CELE_C24D10.13|21ur-1556,0,0
CELE_C24D10.3|C24D10.3,0,0
CELE_C24D10.36|21ur-13327,0,0
CELE_C24D10.17|21ur-270,0,0
CELE_C24D10.30|21ur-6661,0,0
CELE_C24D10.29|21ur-14622,0,0
CELE_C24D10.19|21ur-4194,0,0
CELE_C24D10.12|21ur-718,0,0
CELE_C24D10.18|21ur-1167,0,0
CELE_C24D10.35|21ur-15259,0,0
CELE_C24D10.41|21ur-8114,0,0
CELE_C24D10.45|21ur-11453,0,0
CELE_C24D10.39|21ur-7956,0,0
CELE_W03F8.66|21ur-14781,0,0
CELE_W03F8.47|21ur-8656,0,0
CELE_W03F8.38|21ur-11605,0,0
CELE_W03F8.51|21ur-10369,0,0
CELE_W03F8.45|21ur-8128,0,0
CELE_W03F8.14|21ur-2448,0,0
CELE_W03F8.53|21ur-9967,0,0
CELE_W03F8.58|21ur-11876,0,0
CELE_W03F8.36|21ur-11795,0,0
CELE_W03F8.43|21ur-10526,0,0
CELE_W03F8.11|21ur-419,0,0
CELE_W03F8.23|21ur-3211,0,0
CELE_W03F8.41|21ur-12694,0,0
CELE_W03F8.39|21ur-10684,0,0
CELE_W03F8.37|21ur-9344,0,0
CELE_W03F8.12|21ur-2189,0,0
CELE_W03F8.44|21ur-10776,0,0
CELE_W03F8.25|21ur-2798,0,0
CELE_W03F8.54|21ur-14801,0,0
CELE_W03F8.6|W03F8.6,175,249
CELE_W03F8.9|gpa-18,25,0
CELE_W03F8.32|21ur-4263,0,0
CELE_W03F8.30|21ur-2673,0,0
CELE_W03F8.64|21ur-12146,0,0
CELE_W03F8.17|21ur-4955,0,0
CELE_W03F8.18|21ur-2081,0,0
CELE_W03F8.52|21ur-11097,0,0
CELE_W03F8.19|21ur-4520,0,0
CELE_W03F8.28|21ur-3507,0,0
CELE_W03F8.62|21ur-7386,0,0
CELE_W03F8.27|21ur-2580,0,0
CELE_W03F8.57|21ur-9901,0,0
CELE_W03F8.33|21ur-3177,0,0
CELE_W03F8.15|21ur-4419,0,0
CELE_W03F8.49|21ur-14805,0,0
CELE_W03F8.31|21ur-1826,0,0
CELE_W03F8.65|21ur-10784,0,0
CELE_W03F8.40|21ur-6508,0,0
CELE_W03F8.34|21ur-5533,0,0
CELE_W03F8.20|21ur-4445,0,0
CELE_W03F8.50|21ur-8920,0,0
CELE_W03F8.24|21ur-4001,0,0
CELE_W03F8.59|21ur-11856,0,0
CELE_W03F8.42|21ur-13589,0,0
CELE_W03F8.21|21ur-3986,0,0
CELE_W03F8.56|21ur-5495,0,0
CELE_W03F8.13|21ur-3808,0,0
CELE_W03F8.67|21ur-13173,0,0
CELE_W03F8.35|21ur-8529,0,0
CELE_W03F8.46|21ur-9304,0,0
CELE_W03F8.63|21ur-11947,0,0
CELE_W03F8.26|21ur-872,0,0
CELE_W03F8.55|21ur-10998,0,0
CELE_W03F8.61|21ur-10677,0,0
CELE_W03F8.60|21ur-8163,0,1
CELE_W03F8.22|21ur-77,0,0
CELE_W03F8.48|21ur-14271,0,0
CELE_W03F8.29|21ur-4432,0,0
CELE_Y59E9AL.18|21ur-15173,0,0
CELE_Y59E9AL.13|21ur-3696,0,0
CELE_Y59E9AL.34|21ur-13880,0,0
CELE_Y59E9AL.10|21ur-2847,0,0
CELE_Y59E9AL.9|21ur-325,0,0
CELE_Y59E9AL.12|21ur-3626,0,0
CELE_Y59E9AL.14|21ur-1576,0,0
CELE_Y59E9AL.23|21ur-13018,0,0
CELE_Y59E9AL.11|21ur-1347,0,0
CELE_Y59E9AL.25|21ur-12256,0,0
CELE_Y59E9AL.33|21ur-11530,0,0
CELE_Y59E9AL.26|21ur-12776,0,0
CELE_Y59E9AL.22|21ur-10613,0,0
CELE_Y59E9AL.21|21ur-8861,0,0
CELE_Y59E9AL.24|21ur-14391,0,0
CELE_Y59E9AL.29|21ur-12467,0,0
CELE_Y59E9AL.32|21ur-7478,0,0
CELE_Y59E9AL.28|21ur-13395,0,0
CELE_Y59E9AL.16|21ur-13900,0,0
CELE_Y59E9AL.1|thn-6,0,0
CELE_Y59E9AL.17|21ur-6927,0,0
CELE_Y59E9AL.27|21ur-8445,0,0
CELE_Y59E9AL.19|21ur-15179,0,0
CELE_Y59E9AL.20|21ur-11509,0,0
CELE_Y59E9AL.30|21ur-14497,0,0
CELE_Y59E9AL.31|21ur-7305,0,0
CELE_Y59E9AR.4|thn-5,0,18
CELE_Y59E9AL.37|Y59E9AL.37,0,0
CELE_Y59E9AR.6|thn-7,0,0
CELE_Y59E9AR.10|Y59E9AR.10,0,0
CELE_F36H12.48|21ur-6779,0,0
CELE_F36H12.18|F36H12.18,0,0
CELE_F36H12.19|sls-2.12,0,0
CELE_F36H12.65|F36H12.65,0,0
CELE_F36H12.66|F36H12.66,0,0
CELE_F36H12.20|sls-2.19,0,0
CELE_F36H12.61|21ur-7377,0,0
CELE_F36H12.23|21ur-2996,0,0
CELE_F36H12.41|21ur-9262,0,0
CELE_F36H12.53|21ur-14345,0,0
CELE_F36H12.44|21ur-14716,0,0
CELE_F36H12.50|21ur-8549,0,0
CELE_F36H12.37|21ur-13676,0,0
CELE_F36H12.28|21ur-4486,0,0
CELE_F36H12.51|21ur-10656,0,0
CELE_F36H12.22|21ur-4832,0,0
CELE_F36H12.60|21ur-6810,0,0
CELE_F36H12.45|21ur-12108,0,0
CELE_F36H12.39|21ur-11759,0,0
CELE_F36H12.52|21ur-8488,0,0
CELE_F36H12.64|mir-2217.1,0,0
CELE_F36H12.38|21ur-10009,0,0
CELE_F36H12.32|21ur-4025,0,0
CELE_F36H12.47|21ur-10235,0,0
CELE_F36H12.59|21ur-14090,0,0
CELE_F36H12.26|21ur-200,0,0
CELE_F36H12.63|21ur-13697,0,0
CELE_F36H12.30|21ur-2585,0,0
CELE_F36H12.40|21ur-14617,0,0
CELE_F36H12.25|21ur-2425,0,0
CELE_F36H12.27|21ur-5352,0,0
CELE_F36H12.58|21ur-7558,0,0
CELE_F36H12.54|21ur-9938,0,0
CELE_F36H12.24|21ur-689,0,0
CELE_F36H12.21|21ur-676,0,0
CELE_F36H12.29|21ur-662,0,0
CELE_F36H12.36|21ur-13968,0,0
CELE_F36H12.34|21ur-12645,0,0
CELE_F36H12.31|21ur-5123,0,0
CELE_F36H12.56|21ur-10189,0,0
CELE_F36H12.33|21ur-1597,0,0
CELE_F36H12.49|21ur-13631,0,0
CELE_F36H12.62|21ur-6090,0,0
CELE_F36H12.46|21ur-10105,0,0
CELE_F36H12.43|21ur-6283,0,0
CELE_F36H12.42|21ur-14515,0,0
CELE_F36H12.35|21ur-10756,0,0
CELE_F36H12.55|21ur-15218,0,0
CELE_ZK354.14|21ur-13282,0,0
CELE_ZK354.18|ZK354.18,0,0
CELE_ZK354.13|21ur-9992,0,0
CELE_ZK354.15|21ur-5843,0,0
CELE_C09B9.6|msp-55,409,132
CELE_R13H9.2|msp-57,939,339
CELE_R13H9.4|msp-53,718,249
CELE_R13H9.5|ttbk-2.2,51,32
CELE_R13H9.6|R13H9.6,54,28
CELE_R13H9.1|rmd-6,47,19
CELE_C02B10.6|C02B10.6,64,20
CELE_C02B10.5|pygo-1,3862,4174
CELE_C02B10.1|ivd-1,7241,6464
CELE_C02B10.2|snpn-1,1809,1790
CELE_C02B10.4|C02B10.4,5084,4953
CELE_C02B10.3|C02B10.3,1255,1158
CELE_AC7.26|21ur-8383,1,0
CELE_AC7.7|21ur-1084,1,0
CELE_C24D10.5|C24D10.5,297,199
CELE_C24D10.6|C24D10.6,2213,2042
CELE_C24D10.4|C24D10.4,1734,1996
CELE_C24D10.7|nspd-3,317,73
CELE_C24D10.2|C24D10.2,95,43
CELE_C24D10.8|nspd-6,307,68
CELE_C24D10.1|ptp-5.1,73,0
CELE_W03F8.5|lam-1,10170,8950
CELE_W03F8.16|21ur-390,1,0
CELE_W03F8.4|W03F8.4,3889,3650
CELE_W03F8.3|mtrf-1L,1612,1519
CELE_W03F8.2|W03F8.2,48,25
CELE_W03F8.1|tni-4,1578,1493
CELE_Y59E9AL.36|Y59E9AL.36,2556,2427
CELE_Y59E9AL.7|nbet-1,2216,1940
CELE_Y59E9AL.4|Y59E9AL.4,318,296
CELE_Y59E9AL.3|nsph-4.2,531,200
CELE_Y59E9AL.5|Y59E9AL.5,22,0
CELE_Y59E9AL.6|cylc-1,166,71
CELE_Y59E9AL.2|nsph-4.1,533,181
CELE_Y59E9AR.3|tbx-30,15,0
CELE_Y59E9AR.7|Y59E9AR.7,654,201
CELE_Y59E9AR.2|Y59E9AR.2,30,0
CELE_Y59E9AR.8|Y59E9AR.8,21,0
CELE_Y59E9AR.1|Y59E9AR.1,471,138
CELE_F36H12.10|F36H12.10,63,25
CELE_F36H12.11|rmd-4,47,13
CELE_F36H12.9|F36H12.9,72,0
CELE_F36H12.8|ttbk-2.1,64,39
CELE_F36H12.7|msp-19,672,228
CELE_F36H12.14|F36H12.14,18,0
CELE_F36H12.6|msp-52,208,65
CELE_F36H12.5|F36H12.5,56,17
CELE_F36H12.17|F36H12.17,52,49
CELE_F36H12.4|F36H12.4,30,11
CELE_F36H12.2|slfl-4,455,358
CELE_F36H12.1|nlp-47,283,296
CELE_ZK354.5|msp-51,803,276
CELE_ZK354.6|ZK354.6,39,0
CELE_ZK354.4|msp-113,555,168
CELE_ZK354.7|ZK354.7,41,15
CELE_ZK354.8|ZK354.8,55,38
CELE_ZK354.10|msp-58,34,8
CELE_ZK354.3|ZK354.3,48,45
CELE_ZK354.11|msp-59,905,304
CELE_ZK354.2|ZK354.2,152,60
CELE_ZK354.1|msp-65,386,136
CELE_Y4C6B.100|Y4C6B.100,0,0
CELE_F41H10.27|21ur-11261,0,0
CELE_Y4C6B.1|Y4C6B.1,4173,4167
CELE_F41H10.6|hda-6,7368,7473
CELE_F41H10.5|F41H10.5,35,0
CELE_F41H10.4|F41H10.4,1787,1945
CELE_F41H10.11|sand-1,4649,4130
CELE_F41H10.29|21ur-10367,0,0
CELE_F41H10.17|21ur-9334,0,0
CELE_F41H10.32|21ur-12984,0,0
CELE_F41H10.1|F41H10.1,251,95
CELE_F41H10.3|F41H10.3,6209,6654
CELE_F41H10.24|21ur-8571,0,0
CELE_F41H10.23|21ur-12455,0,0
CELE_F41H10.26|21ur-6614,0,0
CELE_F41H10.14|21ur-5959,0,0
CELE_F41H10.15|21ur-11505,0,0
CELE_F41H10.13|21ur-7502,0,0
CELE_F41H10.7|elo-5,3819,1549
CELE_F41H10.34|21ur-8696,0,0
CELE_F41H10.22|21ur-8126,0,0
CELE_F41H10.33|21ur-14029,0,0
CELE_F41H10.18|21ur-8422,0,0
CELE_F41H10.21|21ur-11141,0,0
CELE_F41H10.36|F41H10.36,0,0
CELE_F41H10.8|elo-6,7184,3092
CELE_F41H10.10|htp-1,3329,2906
CELE_ZK616.5|ZK616.5,3587,3351
CELE_ZK616.65|ZK616.65,34,0
CELE_ZK616.11|21ur-5073,0,0
CELE_ZK616.25|21ur-11196,0,0
CELE_ZK616.22|21ur-2571,0,0
CELE_ZK616.47|21ur-6244,0,0
CELE_ZK616.58|21ur-5505,0,0
CELE_ZK616.33|21ur-7092,0,0
CELE_ZK616.39|21ur-7978,0,0
CELE_ZK616.28|21ur-11588,0,0
CELE_ZK616.49|21ur-6536,0,0
CELE_ZK616.53|21ur-11230,0,0
CELE_ZK616.24|21ur-14434,0,0
CELE_ZK616.44|21ur-11217,0,0
CELE_ZK616.26|21ur-7961,0,0
CELE_ZK616.1|ZK616.1,27,21
CELE_ZK616.61|ZK616.61,39,0
CELE_ZK616.8|ZK616.8,26,15
CELE_ZK616.42|21ur-9761,0,0
CELE_ZK616.19|21ur-4141,0,0
CELE_ZK616.37|21ur-9684,0,0
CELE_ZK616.32|21ur-13587,0,0
CELE_ZK616.51|21ur-15644,0,0
CELE_ZK616.9|spp-7,40,15
CELE_ZK616.35|21ur-14686,0,0
CELE_ZK616.10|ehn-3,21,0
CELE_ZK616.18|21ur-4181,0,0
CELE_ZK616.55|21ur-13300,0,0
CELE_ZK616.15|21ur-4253,0,0
CELE_Y4C6A.2|mgl-3,46,63
CELE_Y4C6A.17|21ur-1392,0,0
CELE_Y4C6A.42|21ur-12561,0,0
CELE_Y4C6A.37|21ur-7147,0,0
CELE_Y4C6A.56|21ur-12738,0,0
CELE_Y4C6A.9|21ur-2968,0,0
CELE_Y4C6A.21|21ur-8730,0,0
CELE_Y4C6A.14|21ur-4908,0,0
CELE_Y4C6A.61|21ur-9176,0,0
CELE_Y4C6A.20|21ur-495,0,0
CELE_Y4C6A.7|21ur-1841,0,0
CELE_Y4C6A.33|21ur-7207,0,0
CELE_Y4C6A.52|21ur-8930,0,0
CELE_Y4C6A.67|21ur-11218,0,0
CELE_Y4C6A.62|21ur-14480,0,0
CELE_Y4C6A.11|21ur-1230,0,0
CELE_Y4C6A.46|21ur-6844,0,0
CELE_Y4C6A.32|21ur-6847,0,0
CELE_Y4C6A.35|21ur-10368,0,0
CELE_Y4C6A.47|21ur-14664,0,0
CELE_Y4C6A.50|21ur-5482,0,0
CELE_Y4C6A.64|21ur-12168,0,0
CELE_Y4C6A.12|21ur-5421,0,0
CELE_Y4C6A.43|21ur-11717,0,0
CELE_Y4C6A.63|21ur-7900,0,0
CELE_Y4C6A.23|21ur-5885,0,0
CELE_Y4C6A.34|21ur-12679,0,0
CELE_Y4C6A.54|21ur-8059,0,0
CELE_Y4C6A.49|21ur-10544,0,0
CELE_Y4C6A.45|21ur-9389,0,0
CELE_Y4C6A.29|21ur-7218,0,0
CELE_Y4C6A.51|21ur-7491,0,0
CELE_Y4C6A.36|21ur-11659,0,0
CELE_Y4C6A.28|21ur-9446,0,0
CELE_Y4C6A.59|21ur-11647,0,0
CELE_Y4C6A.48|21ur-9495,0,0
CELE_Y4C6A.31|21ur-5540,0,0
CELE_Y4C6A.41|21ur-7011,0,0
CELE_Y4C6A.68|Y4C6A.68,25,10
CELE_Y4C6A.1|Y4C6A.1,22,0
CELE_ZK616.62|ZK616.62,0,0
CELE_ZK616.6|perm-3,3683,3497
CELE_ZK616.4|swsn-6,5385,5047
CELE_ZK616.3|ZK616.3,702,599
CELE_ZK616.2|ZK616.2,140,140
CELE_Y4C6A.3|Y4C6A.3,2302,1994
CELE_Y4C6A.4|Y4C6A.4,15,10
CELE_T11F8.4|T11F8.4,28,0
CELE_T11F8.2|T11F8.2,382,512
CELE_T11F8.6|21ur-369,0,0
CELE_T11F8.1|T11F8.1,921,1076
CELE_T11F8.12|T11F8.12,14,0
CELE_T11F8.5|T11F8.5,0,37
CELE_B0273.3|snpc-3.1,524,416
CELE_T11F8.3|rme-2,45929,44742
CELE_B0273.1|B0273.1,71,17
CELE_B0273.2|puf-7,9650,9590
CELE_B0273.110|21ur-12014,0,0
CELE_B0273.20|21ur-2650,0,0
CELE_B0273.8|21ur-3591,0,0
CELE_B0273.47|21ur-14228,0,0
CELE_B0273.10|21ur-3767,0,0
CELE_B0273.45|21ur-11507,0,0
CELE_B0273.18|21ur-5402,0,0
CELE_B0273.7|21ur-5385,0,0
CELE_B0273.15|21ur-1163,0,0
CELE_B0273.59|21ur-10959,0,0
CELE_B0273.66|21ur-6375,0,0
CELE_B0273.93|21ur-9685,0,0
CELE_B0273.73|21ur-11104,0,0
CELE_B0273.106|21ur-12233,0,0
CELE_B0273.74|21ur-12646,0,0
CELE_B0273.25|21ur-2258,0,0
CELE_B0273.63|21ur-14134,0,0
CELE_B0273.105|21ur-12437,0,0
CELE_B0273.91|21ur-9596,0,0
CELE_B0273.48|21ur-13995,0,0
CELE_B0273.78|21ur-15046,0,0
CELE_B0273.32|21ur-4921,0,0
CELE_B0273.109|21ur-13005,0,0
CELE_B0273.54|21ur-5477,0,0
CELE_B0273.98|21ur-11786,0,0
CELE_B0273.14|21ur-67,0,0
CELE_B0273.80|21ur-12164,0,0
CELE_B0273.71|21ur-11945,0,0
CELE_B0273.90|21ur-5924,0,0
CELE_B0273.13|21ur-971,0,0
CELE_B0273.112|B0273.112,0,0
CELE_B0273.89|21ur-9060,0,0
CELE_B0273.39|21ur-11798,0,0
CELE_B0273.35|21ur-4907,0,0
CELE_B0273.9|21ur-4254,0,0
CELE_B0273.100|21ur-13076,0,0
CELE_B0273.50|21ur-15223,0,0
CELE_B0273.44|21ur-11950,0,0
CELE_B0273.97|21ur-9552,0,0
CELE_B0273.58|21ur-14633,0,0
CELE_B0273.40|21ur-6139,0,0
CELE_B0273.72|21ur-7824,0,0
CELE_B0273.113|B0273.113,0,0
CELE_B0273.43|21ur-13086,0,0
CELE_B0273.26|21ur-1256,0,0
CELE_B0273.69|21ur-12829,0,0
CELE_B0273.34|21ur-1966,0,0
CELE_B0273.102|21ur-10540,0,0
CELE_B0273.46|21ur-6820,0,0
CELE_B0273.104|21ur-10504,0,0
CELE_B0273.21|21ur-2114,0,0
CELE_B0273.101|21ur-7494,0,0
CELE_B0273.19|21ur-525,0,0
CELE_B0273.95|21ur-9747,0,0
CELE_B0273.27|21ur-1677,0,0
CELE_B0273.88|21ur-9893,0,0
CELE_B0273.62|21ur-7041,0,0
CELE_B0273.68|21ur-12388,0,0
CELE_B0273.29|21ur-293,0,0
CELE_B0273.53|21ur-11752,0,0
CELE_B0273.24|21ur-4170,0,0
CELE_B0273.41|21ur-13225,0,0
CELE_B0273.84|21ur-13505,0,0
CELE_B0273.86|21ur-9621,0,0
CELE_B0273.65|21ur-9135,0,0
CELE_B0273.28|21ur-3310,0,0
CELE_B0273.17|21ur-886,0,0
CELE_B0273.82|21ur-8682,0,0
CELE_B0273.76|21ur-13699,0,0
CELE_B0273.99|21ur-5966,0,0
CELE_B0273.36|21ur-1156,0,0
CELE_B0273.11|21ur-3197,0,0
CELE_B0273.38|21ur-2682,0,0
CELE_B0273.96|21ur-8181,0,0
CELE_B0273.33|21ur-2196,0,0
CELE_B0273.42|21ur-5892,0,0
CELE_B0273.70|21ur-11919,0,0
CELE_B0273.83|21ur-13714,0,0
CELE_B0273.114|B0273.114,0,0
CELE_B0273.23|21ur-1410,0,0
CELE_B0273.81|21ur-8518,0,0
CELE_B0273.30|21ur-2735,0,0
CELE_B0273.16|21ur-3011,0,0
CELE_B0273.6|21ur-22,0,0
CELE_B0273.87|21ur-13280,0,0
CELE_B0273.75|21ur-9867,0,0
CELE_B0273.60|21ur-11394,0,0
CELE_B0273.94|21ur-7458,0,0
CELE_B0273.55|21ur-10123,0,0
CELE_B0273.52|21ur-11662,0,0
CELE_B0273.85|21ur-7223,0,0
CELE_B0273.61|21ur-13386,0,0
CELE_B0273.31|21ur-4687,0,0
CELE_B0273.79|21ur-9804,0,0
CELE_B0273.103|21ur-15285,0,0
CELE_B0273.51|21ur-10398,0,0
CELE_B0273.108|21ur-6505,0,0
CELE_B0273.4|unc-5,1503,1644
CELE_B0273.5|21ur-4213,1,1
CELE_B0273.64|21ur-13165,1,1
CELE_B0273.37|21ur-883,1,1
CELE_B0273.107|21ur-10359,1,0
CELE_F35D6.1|fem-1,3849,3953
CELE_T12E12.4|drp-1,7867,7590
CELE_T12E12.3|tebp-2,1722,1848
CELE_T12E12.2|cec-6,3791,3519
CELE_F26D12.69|21ur-9548,0,0
CELE_T12E12.13|21ur-3581,0,0
CELE_T12E12.14|21ur-838,0,0
CELE_T12E12.22|21ur-13051,0,0
CELE_T12E12.12|21ur-1994,0,0
CELE_T12E12.40|21ur-8173,0,0
CELE_T12E12.23|21ur-6931,0,0
CELE_T12E12.43|21ur-10424,0,0
CELE_T12E12.20|21ur-3837,0,0
CELE_T12E12.19|21ur-2804,0,0
CELE_T12E12.30|21ur-8072,0,0
CELE_T12E12.42|21ur-11534,0,0
CELE_T12E12.15|21ur-3848,0,0
CELE_H01M01.4|21ur-7571,0,0
CELE_T12E12.1|ari-2,3418,3116
CELE_C39H7.9|srsx-16,0,0
CELE_C39H7.21|21ur-874,0,0
CELE_C39H7.19|21ur-1064,0,0
CELE_C39H7.32|21ur-6506,0,0
CELE_C39H7.34|21ur-9133,0,0
CELE_C39H7.69|21ur-9654,0,0
CELE_C39H7.53|21ur-6211,0,0
CELE_C39H7.41|21ur-14525,0,0
CELE_C39H7.63|21ur-13171,0,0
CELE_C39H7.12|21ur-237,0,0
CELE_C39H7.47|21ur-13517,0,0
CELE_C39H7.54|21ur-8283,0,0
CELE_C39H7.14|21ur-4161,0,0
CELE_C39H7.68|21ur-9670,0,0
CELE_C39H7.2|C39H7.2,0,0
CELE_C39H7.15|21ur-4114,0,0
CELE_C39H7.25|21ur-12460,0,0
CELE_C39H7.26|21ur-11121,0,0
CELE_C39H7.67|21ur-10579,0,0
CELE_C39H7.56|21ur-8099,0,0
CELE_C39H7.10|21ur-5354,0,0
CELE_C39H7.52|21ur-12452,0,0
CELE_C39H7.70|C39H7.70,29,22
CELE_C39H7.4|C39H7.4,1443,1023
CELE_C39H7.35|21ur-10479,0,0
CELE_C39H7.36|21ur-8207,0,0
CELE_C39H7.62|21ur-15390,0,0
CELE_C39H7.37|21ur-12440,0,0
CELE_C39H7.57|21ur-13620,0,0
CELE_C39H7.29|21ur-8466,0,0
CELE_C39H7.1|ttbk-8.2,267,72
CELE_B0547.12|21ur-8353,0,0
CELE_B0547.26|21ur-7819,0,0
CELE_B0547.19|21ur-11060,0,0
CELE_B0547.20|21ur-10777,0,0
CELE_B0547.13|21ur-6134,0,0
CELE_B0547.22|21ur-13184,0,0
CELE_B0547.3|srd-14,203,165
CELE_F26D12.17|21ur-5035,0,0
CELE_F26D12.36|21ur-12740,0,0
CELE_F26D12.22|21ur-3446,0,0
CELE_F26D12.54|21ur-14540,0,0
CELE_F26D12.25|21ur-4006,0,0
CELE_F26D12.73|21ur-9220,0,0
CELE_F26D12.12|21ur-4144,0,0
CELE_F26D12.16|21ur-934,0,0
CELE_F26D12.3|21ur-5253,0,0
CELE_F26D12.48|21ur-10155,0,0
CELE_F26D12.31|21ur-15149,0,0
CELE_F26D12.53|21ur-6774,0,0
CELE_F26D12.66|21ur-15060,0,0
CELE_F26D12.28|21ur-735,0,0
CELE_F26D12.90|21ur-7504,0,0
CELE_F26D12.52|21ur-14200,0,0
CELE_F26D12.30|21ur-9930,0,0
CELE_F26D12.4|21ur-2239,0,0
CELE_F26D12.57|21ur-8200,0,0
CELE_F26D12.38|21ur-14129,0,0
CELE_F26D12.9|21ur-2236,0,0
CELE_F26D12.83|21ur-11955,0,0
CELE_F26D12.81|21ur-7967,0,0
CELE_F26D12.68|21ur-14021,0,0
CELE_F26D12.76|21ur-7508,0,0
CELE_F26D12.43|21ur-8766,0,0
CELE_F26D12.32|21ur-11244,0,0
CELE_F26D12.6|21ur-4736,0,0
CELE_F26D12.62|21ur-15513,0,0
CELE_F26D12.89|21ur-11510,0,0
CELE_F26D12.86|21ur-7239,0,0
CELE_F26D12.77|21ur-7186,0,0
CELE_F26D12.70|21ur-8986,0,0
CELE_F26D12.34|21ur-6647,0,0
CELE_F26D12.56|21ur-9458,0,0
CELE_F26D12.95|21ur-11341,0,0
CELE_F26D12.82|21ur-7995,0,0
CELE_F26D12.72|21ur-5992,0,0
CELE_F26D12.33|21ur-10612,0,0
CELE_F26D12.84|21ur-13665,0,0
CELE_F26D12.78|21ur-7639,0,0
CELE_F26D12.64|21ur-14910,0,0
CELE_F26D12.99|F26D12.99,0,0
CELE_F26D12.94|21ur-15231,0,0
CELE_F26D12.47|21ur-9999,0,0
CELE_F26D12.92|21ur-6499,0,0
CELE_F26D12.45|21ur-9639,0,0
CELE_F26D12.63|21ur-11063,0,0
CELE_F26D12.50|21ur-5484,0,0
CELE_F26D12.46|21ur-8922,0,0
CELE_F26D12.8|21ur-4099,0,0
CELE_F26D12.40|21ur-7216,0,0
CELE_F26D12.80|21ur-15064,0,0
CELE_F26D12.19|21ur-4721,0,0
CELE_F26D12.37|21ur-7646,0,0
CELE_F26D12.10|21ur-2427,0,0
CELE_F26D12.39|21ur-7725,0,0
CELE_F26D12.1|fkh-7,2399,2775
CELE_F26D12.26|21ur-5149,0,0
CELE_F26D12.87|21ur-8348,0,0
CELE_F26D12.91|21ur-15423,0,0
CELE_F26D12.41|21ur-8220,0,0
CELE_F26D12.24|21ur-3065,0,0
CELE_F26D12.55|21ur-15028,0,0
CELE_F26D12.79|21ur-6692,0,0
CELE_F26D12.13|21ur-3962,0,0
CELE_F26D12.88|21ur-10524,0,0
CELE_F26D12.65|21ur-13885,0,0
CELE_F26D12.49|21ur-6602,0,0
CELE_F26D12.15|21ur-1357,0,0
CELE_F26D12.7|21ur-1663,0,0
CELE_F26D12.42|21ur-7114,0,0
CELE_F26D12.98|21ur-6715,0,0
CELE_F26D12.96|21ur-10079,0,0
CELE_F26D12.75|21ur-8481,0,0
CELE_F26D12.14|21ur-3187,0,0
CELE_F26D12.100|F26D12.100,0,0
CELE_F26D12.23|21ur-4009,0,0
CELE_F26D12.93|21ur-7375,0,0
CELE_T19E7.26|T19E7.26,0,0
CELE_T19E7.27|T19E7.27,0,0
CELE_B0547.1|csn-5,4361,4108
CELE_T19E7.2|skn-1,14613,13565
CELE_T19E7.1|clec-178,201,93
CELE_T19E7.24|T19E7.24,0,0
CELE_T19E7.29|T19E7.29,0,5
CELE_T19E7.25|T19E7.25,0,0
CELE_T19E7.3|bec-1,2469,2434
CELE_T19E7.22|T19E7.22,2,5
CELE_T19E7.14|21ur-11182,0,0
CELE_T19E7.8|21ur-8560,0,0
CELE_T19E7.15|21ur-10161,0,0
CELE_T19E7.7|21ur-14461,0,0
CELE_T19E7.10|21ur-12138,0,0
CELE_T19E7.9|21ur-7722,0,0
CELE_T19E7.6|T19E7.6,400,496
CELE_T19E7.21|21ur-11078,1,1
CELE_T19E7.13|21ur-11263,1,1
CELE_C55C3.4|C55C3.4,48,0
CELE_C55C3.6|C55C3.6,42,0
CELE_C55C3.8|C55C3.8,22,0
CELE_C55C3.3|C55C3.3,100,75
CELE_C55C3.53|21ur-8045,0,0
CELE_C55C3.34|21ur-10931,0,0
CELE_C55C3.62|21ur-7392,0,0
CELE_C55C3.44|21ur-8388,0,0
CELE_C55C3.66|21ur-6590,0,0
CELE_C55C3.60|21ur-14501,0,0
CELE_C55C3.25|21ur-4087,0,0
CELE_C55C3.38|21ur-14899,0,0
CELE_C55C3.13|21ur-4664,0,0
CELE_C55C3.39|21ur-10358,0,0
CELE_C55C3.31|21ur-6337,0,0
CELE_C55C3.49|21ur-7116,0,0
CELE_C55C3.19|21ur-1479,0,0
CELE_C55C3.14|21ur-2404,0,0
CELE_C55C3.1|C55C3.1,76,52
CELE_C55C3.5|perm-5,5906,5439
CELE_C45E5.52|21ur-9127,0,0
CELE_C45E5.17|21ur-3340,0,0
CELE_C45E5.23|21ur-14799,0,0
CELE_C45E5.13|21ur-4132,0,0
CELE_C45E5.25|21ur-6210,0,0
CELE_C45E5.38|21ur-11351,0,0
CELE_C45E5.27|21ur-9953,0,0
CELE_C45E5.4|cpg-18,161,45
CELE_C45E5.10|21ur-5094,1,0
CELE_C45E5.3|C45E5.3,15,0
CELE_C45E5.39|21ur-11197,0,0
CELE_C45E5.11|21ur-2984,0,0
CELE_C45E5.18|21ur-3725,0,0
CELE_C45E5.30|21ur-7901,0,0
CELE_C45E5.47|21ur-11193,0,0
CELE_C45E5.20|21ur-9519,0,0
CELE_C45E5.1|C45E5.1,42,21
CELE_H35B03.16|21ur-14158,0,0
CELE_H35B03.18|21ur-11657,0,0
CELE_H35B03.10|21ur-9805,0,0
CELE_H35B03.21|21ur-8526,0,0
CELE_H35B03.5|21ur-5205,0,0
CELE_H35B03.23|H35B03.23,0,0
CELE_H35B03.22|21ur-6586,0,0
CELE_H35B03.6|21ur-1015,0,0
CELE_H35B03.1|H35B03.1,633,577
CELE_H35B03.11|21ur-8753,1,0
CELE_H35B03.2|H35B03.2,2388,2072
CELE_C31H1.44|21ur-5771,0,0
CELE_C31H1.65|21ur-11019,0,0
CELE_C31H1.74|21ur-10719,0,0
CELE_C31H1.94|21ur-8154,0,0
CELE_C31H1.54|21ur-7118,0,0
CELE_C31H1.26|21ur-4847,0,0
CELE_C31H1.59|21ur-9750,0,0
CELE_C31H1.93|21ur-13373,0,0
CELE_C31H1.31|21ur-4156,0,0
CELE_C31H1.75|21ur-14220,0,0
CELE_C31H1.95|21ur-10596,0,0
CELE_C31H1.57|21ur-8877,0,0
CELE_C31H1.22|21ur-3026,0,0
CELE_C31H1.5|C31H1.5,64,19
CELE_C31H1.25|21ur-2982,0,0
CELE_C31H1.20|21ur-5028,1,0
CELE_C45E5.32|21ur-11077,0,1
CELE_C45E5.7|21ur-5146,0,0
CELE_C45E5.40|21ur-6494,0,1
CELE_C45E5.42|21ur-13656,0,0
CELE_C45E5.53|C45E5.53,0,0
CELE_C45E5.36|21ur-6607,0,0
CELE_C45E5.34|21ur-10289,0,0
CELE_C45E5.49|21ur-8792,0,0
CELE_C45E5.50|21ur-11773,0,0
CELE_C45E5.24|21ur-8899,0,0
CELE_C45E5.33|21ur-13379,0,1
CELE_C45E5.46|21ur-15608,0,0
CELE_C45E5.14|21ur-5296,0,0
CELE_C45E5.21|21ur-10510,0,0
CELE_C45E5.37|21ur-11465,0,0
CELE_C45E5.6|nhr-46,3181,3372
CELE_C31H1.14|21ur-2076,0,0
CELE_C31H1.66|21ur-8676,0,0
CELE_C31H1.68|21ur-14041,0,0
CELE_C31H1.56|21ur-7149,0,0
CELE_C31H1.84|21ur-8742,0,0
CELE_C31H1.42|21ur-6076,0,0
CELE_C31H1.33|21ur-2036,0,0
CELE_C31H1.88|21ur-6835,0,1
CELE_C31H1.89|21ur-7729,0,0
CELE_C31H1.69|21ur-9282,0,0
CELE_C31H1.96|C31H1.96,0,0
CELE_C31H1.81|21ur-8327,0,0
CELE_C31H1.16|21ur-2417,0,0
CELE_C31H1.15|21ur-4549,0,0
CELE_C31H1.45|21ur-11549,0,0
CELE_C31H1.62|21ur-10131,0,0
CELE_C31H1.28|21ur-4081,0,0
CELE_C31H1.41|21ur-9319,0,0
CELE_C31H1.50|21ur-8830,0,0
CELE_C31H1.30|21ur-2073,0,0
CELE_C31H1.1|C31H1.1,44,0
CELE_C31H1.6|lntl-1,595,530
CELE_C31H1.27|21ur-4276,1,0
CELE_C31H1.37|21ur-9408,1,0
CELE_C10G6.23|21ur-8764,1,0
CELE_C31H1.8|oops-1,6132,5889
CELE_C10G6.40|21ur-14604,0,0
CELE_C10G6.46|21ur-6819,0,0
CELE_C10G6.31|21ur-12326,0,0
CELE_C10G6.10|21ur-5433,0,0
CELE_C06E7.52|21ur-13493,0,0
CELE_C06E7.72|21ur-6402,0,0
CELE_C06E7.56|21ur-6897,0,0
CELE_C06E7.75|21ur-11120,0,0
CELE_C06E7.9|21ur-4550,0,0
CELE_C06E7.25|21ur-2199,0,0
CELE_C06E7.26|21ur-4178,0,0
CELE_C06E7.62|21ur-13934,0,0
CELE_C06E7.17|21ur-3003,0,0
CELE_C06E7.35|21ur-5141,0,0
CELE_C10G6.1|egal-1,1555,1509
CELE_C06E7.94|C06E7.94,0,0
CELE_C06E7.28|21ur-2895,0,0
CELE_C06E7.73|21ur-12578,0,0
CELE_C06E7.19|21ur-5196,0,0
CELE_C06E7.84|21ur-11675,0,0
CELE_C06E7.85|21ur-13250,0,0
CELE_C06E7.70|21ur-14739,0,0
CELE_C06E7.61|21ur-9266,0,0
CELE_C06E7.77|21ur-11622,0,0
CELE_C06E7.37|21ur-321,0,0
CELE_C06E7.2|C06E7.2,248,238
CELE_C06E7.3|sams-4,6098,5500
CELE_H04M03.66|21ur-11131,0,0
CELE_H04M03.75|21ur-9681,0,0
CELE_H04M03.56|21ur-10904,0,0
CELE_H04M03.60|21ur-11318,0,0
CELE_C06E7.8|21ur-3996,0,0
CELE_C06E7.63|21ur-11343,0,0
CELE_C06E7.51|21ur-7315,0,0
CELE_C06E7.76|21ur-6921,0,0
CELE_C06E7.86|21ur-11944,0,0
CELE_C06E7.15|21ur-1948,0,0
CELE_C06E7.21|21ur-3585,0,0
CELE_C06E7.29|21ur-1205,0,0
CELE_C06E7.6|spe-27,11,0
CELE_C06E7.88|C06E7.88,154,68
CELE_H04M03.54|21ur-9873,1,0
CELE_H04M03.59|21ur-10386,0,0
CELE_H04M03.53|21ur-13737,0,0
CELE_H04M03.44|21ur-9365,0,0
CELE_H04M03.38|21ur-8828,0,0
CELE_H04M03.70|21ur-15611,0,0
CELE_H04M03.46|21ur-8665,0,0
CELE_H04M03.21|21ur-1235,0,0
CELE_H04M03.47|21ur-10911,0,0
CELE_H04M03.28|21ur-7066,0,0
CELE_H04M03.67|21ur-6391,0,0
CELE_H04M03.32|21ur-12754,0,0
CELE_H04M03.36|21ur-13457,0,0
CELE_H04M03.4|glf-1,1083,589
CELE_C06E7.32|21ur-1106,0,0
CELE_C06E7.68|21ur-11900,0,0
CELE_C06E7.33|21ur-1779,0,0
CELE_C06E7.14|21ur-5016,0,0
CELE_C06E7.39|21ur-5221,0,0
CELE_C06E7.54|21ur-7702,0,0
CELE_C06E7.31|21ur-995,0,0
CELE_C06E7.59|21ur-5745,0,0
CELE_C06E7.71|21ur-14868,0,0
CELE_C06E7.64|21ur-6725,0,0
CELE_C06E7.48|21ur-8914,0,0
CELE_C06E7.45|21ur-4374,0,0
CELE_C06E7.53|21ur-15652,0,0
CELE_C06E7.93|C06E7.93,0,0
CELE_C06E7.43|21ur-3467,0,0
CELE_C06E7.1|sams-3,6787,5979
CELE_C06E7.4|C06E7.4,946,792
CELE_H04M03.2|nspb-6,41,12
CELE_H04M03.15|21ur-198,0,0
CELE_H04M03.3|H04M03.3,2027,1944
CELE_H04M03.1|pck-3,109,42
CELE_H32C10.76|21ur-15617,1,0
CELE_H04M03.12|H04M03.12,135,170
CELE_H04M03.34|21ur-8746,0,0
CELE_H04M03.35|21ur-13364,0,0
CELE_H04M03.17|21ur-2309,0,0
CELE_H04M03.24|21ur-918,0,0
CELE_Y44C4A.1|21ur-3101,0,0
CELE_Y44C4A.3|21ur-12492,0,0
CELE_Y44C4A.2|21ur-2745,0,0
CELE_H32C10.27|21ur-5108,0,0
CELE_H04M03.48|21ur-9141,1,0
CELE_H32C10.60|21ur-10146,0,0
CELE_H32C10.72|21ur-14598,0,0
CELE_H32C10.39|21ur-12502,0,0
CELE_H32C10.11|21ur-2541,0,0
CELE_H32C10.46|21ur-11229,0,0
CELE_H32C10.19|21ur-5128,0,0
CELE_H32C10.24|21ur-4088,0,0
CELE_H32C10.9|21ur-4771,0,0
CELE_H32C10.48|21ur-8472,0,0
CELE_H32C10.87|21ur-5543,0,0
CELE_H32C10.15|21ur-82,0,0
CELE_H32C10.18|21ur-640,0,0
CELE_H32C10.71|21ur-7583,0,0
CELE_H32C10.35|21ur-14161,0,0
CELE_H32C10.78|21ur-7455,0,0
CELE_H32C10.56|21ur-11627,0,0
CELE_H32C10.91|21ur-6936,0,0
CELE_H32C10.12|21ur-1204,0,0
CELE_H32C10.42|21ur-10305,0,0
CELE_H32C10.62|21ur-6836,0,0
CELE_H32C10.99|H32C10.99,0,0
CELE_H32C10.84|21ur-5766,0,0
CELE_H32C10.63|21ur-7653,0,0
CELE_H32C10.8|21ur-1248,0,0
CELE_H32C10.88|21ur-6555,0,0
CELE_H32C10.64|21ur-15284,1,0
CELE_H32C10.31|21ur-11829,1,0
CELE_H32C10.2|lin-33,578,457
CELE_H32C10.77|21ur-6565,1,0
CELE_H32C10.1|H32C10.1,62,0
CELE_H32C10.73|21ur-7828,0,0
CELE_H32C10.101|H32C10.101,0,0
CELE_H32C10.50|21ur-8847,0,0
CELE_H32C10.47|21ur-12672,0,0
CELE_K02B2.24|21ur-11544,0,0
CELE_K02B2.3|mcu-1,3640,3649
CELE_K02B2.38|K02B2.38,0,0
CELE_K02B2.1|pfkb-1.2,4246,3798
CELE_K02B2.4|inx-7,807,989
CELE_K02B2.5|rps-25,56820,52780
CELE_C46G7.5|C46G7.5,425,346
CELE_K02B2.21|21ur-11026,0,0
CELE_K02B2.32|21ur-10426,0,0
CELE_K02B2.18|21ur-2478,0,0
CELE_K02B2.11|21ur-1221,0,0
CELE_K02B2.27|21ur-6358,0,0
CELE_K02B2.8|21ur-97,0,0
CELE_K02B2.12|21ur-3140,0,0
CELE_K02B2.23|21ur-14516,0,0
CELE_K02B2.16|21ur-4913,0,0
CELE_K02B2.19|21ur-5405,0,0
CELE_K02B2.31|21ur-12107,0,0
CELE_K02B2.28|21ur-10906,0,0
CELE_K02B2.34|21ur-12284,0,0
CELE_K02B2.13|21ur-1829,0,0
CELE_K02B2.26|21ur-14741,0,0
CELE_K02B2.9|21ur-4302,0,0
CELE_K02B2.30|21ur-9898,0,0
CELE_K02B2.15|21ur-4293,0,0
CELE_K02B2.33|21ur-5929,0,0
CELE_K02B2.35|K02B2.35,0,0
CELE_K02B2.25|21ur-7477,0,0
CELE_K02B2.36|K02B2.36,0,0
CELE_K02B2.14|21ur-4250,0,0
CELE_K02B2.7|21ur-2380,0,0
CELE_K02B2.17|21ur-141,0,0
CELE_K02B2.29|21ur-9340,0,0
CELE_K02B2.22|21ur-7003,0,0
CELE_K02B2.10|21ur-3568,0,0
CELE_K02B2.20|21ur-13001,0,0
CELE_K02B2.37|K02B2.37,0,0
CELE_K02B2.6|K02B2.6,0,0
CELE_B0350.65|21ur-10061,0,0
CELE_B0350.81|B0350.81,0,0
CELE_B0350.69|B0350.69,0,0
CELE_B0350.72|B0350.72,0,0
CELE_B0350.50|21ur-9821,0,0
CELE_B0350.51|21ur-10562,0,0
CELE_B0350.41|21ur-14011,0,0
CELE_B0350.31|21ur-7252,0,0
CELE_B0350.24|21ur-4665,0,0
CELE_B0350.60|21ur-15352,0,0
CELE_B0350.30|21ur-6969,0,0
CELE_B0350.15|21ur-4891,0,0
CELE_B0350.59|21ur-12197,0,0
CELE_B0350.16|21ur-356,0,0
CELE_B0350.4|21ur-5229,0,0
CELE_B0350.73|B0350.73,0,0
CELE_B0350.T1|B0350.t1,0,0
CELE_B0350.25|21ur-3644,0,0
CELE_B0350.48|21ur-11359,0,0
CELE_B0350.35|21ur-8785,0,0
CELE_B0350.32|21ur-9686,0,0
CELE_B0350.56|21ur-6911,0,0
CELE_B0350.34|21ur-9134,0,0
CELE_B0350.36|21ur-9797,0,0
CELE_B0350.28|21ur-15003,0,0
CELE_B0350.13|21ur-3043,0,0
CELE_B0350.47|21ur-15190,0,0
CELE_B0350.5|21ur-3836,0,0
CELE_B0350.10|21ur-664,0,0
CELE_B0350.17|21ur-184,0,0
CELE_B0350.12|21ur-3216,0,0
CELE_B0350.52|21ur-5578,0,0
CELE_B0350.20|21ur-3556,0,0
CELE_B0350.55|21ur-7043,0,0
CELE_B0350.64|21ur-8671,0,0
CELE_B0350.44|21ur-12990,0,0
CELE_B0350.66|21ur-14975,0,0
CELE_B0350.21|21ur-3689,0,0
CELE_B0350.42|21ur-8632,0,0
CELE_B0350.75|B0350.75,0,0
CELE_B0350.54|21ur-10255,0,0
CELE_B0350.49|21ur-10742,0,0
CELE_B0350.14|21ur-401,0,0
CELE_B0350.80|B0350.80,0,0
CELE_B0350.84|B0350.84,0,0
CELE_B0350.6|21ur-2935,0,0
CELE_B0350.7|21ur-4973,0,0
CELE_B0350.53|21ur-7796,0,0
CELE_B0350.19|21ur-4928,0,0
CELE_B0350.46|21ur-14748,0,0
CELE_B0350.33|21ur-11269,0,0
CELE_B0350.70|B0350.70,0,0
CELE_B0350.27|21ur-10409,0,0
CELE_B0350.63|21ur-8655,0,0
CELE_B0350.9|21ur-2403,0,0
CELE_B0350.57|21ur-13399,0,0
CELE_B0350.78|B0350.78,0,0
CELE_B0350.37|21ur-6533,0,0
CELE_B0350.82|B0350.82,0,0
CELE_B0350.68|B0350.68,0,0
CELE_B0350.58|21ur-8555,0,0
CELE_B0350.8|21ur-83,0,0
CELE_B0350.77|B0350.77,0,0
CELE_B0350.26|21ur-5083,0,0
CELE_B0350.22|21ur-3429,0,0
CELE_B0350.79|B0350.79,0,0
CELE_B0350.11|21ur-1749,0,0
CELE_B0350.18|21ur-830,0,0
CELE_B0350.40|21ur-5896,0,0
CELE_B0350.29|21ur-8016,0,0
CELE_B0350.76|B0350.76,0,0
CELE_B0350.62|21ur-6059,0,0
CELE_B0350.74|B0350.74,0,0
CELE_B0350.83|B0350.83,0,0
CELE_B0350.38|21ur-8164,0,0
CELE_B0350.43|21ur-5573,0,0
CELE_B0350.2|unc-44,14118,11690
CELE_B0350.23|21ur-3496,1,0
CELE_K08B4.12|21ur-1157,0,0
CELE_K08B4.11|21ur-3734,0,0
CELE_K08B4.2|cpg-20,213,221
CELE_K08B4.16|21ur-10647,0,0
CELE_K08B4.13|21ur-331,0,0
CELE_K08B4.10|21ur-3740,0,0
CELE_K08B4.23|21ur-5774,0,0
CELE_K08B4.31|21ur-6093,0,0
CELE_K08B4.33|21ur-8177,0,0
CELE_K08B4.8|21ur-2987,0,0
CELE_K08B4.17|21ur-10477,0,0
CELE_K08B4.34|21ur-7675,0,0
CELE_K08B4.24|21ur-6141,0,0
CELE_K08B4.40|21ur-7661,0,0
CELE_K08B4.3|ugt-19,228,208
CELE_K08B4.4|ugt-20,117,109
CELE_C46G7.104|21ur-13777,0,0
CELE_C46G7.97|21ur-6758,0,0
CELE_C46G7.30|21ur-3825,0,0
CELE_C46G7.88|21ur-6594,0,0
CELE_C46G7.11|21ur-919,0,0
CELE_C46G7.7|21ur-2179,0,0
CELE_C46G7.35|21ur-2444,0,0
CELE_C46G7.37|21ur-10993,0,0
CELE_C46G7.84|21ur-11373,0,0
CELE_C46G7.93|21ur-12800,0,0
CELE_C46G7.105|21ur-7289,0,0
CELE_C46G7.53|21ur-6343,0,0
CELE_C46G7.19|21ur-542,0,0
CELE_C46G7.55|21ur-6995,0,0
CELE_C46G7.73|21ur-8289,0,0
CELE_C46G7.8|21ur-3127,0,0
CELE_C46G7.38|21ur-13185,0,0
CELE_C46G7.28|21ur-4021,0,0
CELE_C46G7.95|21ur-5716,0,0
CELE_C46G7.16|21ur-615,0,0
CELE_C46G7.33|21ur-1804,0,0
CELE_C46G7.25|21ur-2480,0,0
CELE_C46G7.63|21ur-12881,0,0
CELE_C46G7.89|21ur-9606,0,0
CELE_C46G7.13|21ur-4068,0,0
CELE_C46G7.26|21ur-4200,0,0
CELE_C46G7.32|21ur-4137,0,0
CELE_H16O14.61|21ur-7625,0,0
CELE_H16O14.31|21ur-6463,0,0
CELE_H16O14.37|21ur-10884,0,0
CELE_H16O14.17|21ur-2732,0,0
CELE_H16O14.32|21ur-5652,0,0
CELE_H16O14.58|21ur-11665,0,0
CELE_H16O14.28|21ur-6917,0,0
CELE_H16O14.13|21ur-2322,0,0
CELE_H16O14.23|21ur-14751,0,0
CELE_H16O14.77|H16O14.77,0,0
CELE_H16O14.41|21ur-7233,0,0
CELE_H16O14.44|21ur-7138,0,0
CELE_H16O14.29|21ur-10204,0,0
CELE_H16O14.74|21ur-5836,0,0
CELE_H16O14.56|21ur-12794,0,0
CELE_H16O14.14|21ur-5295,0,0
CELE_H16O14.1|kcc-2,2238,2871
CELE_H16O14.71|21ur-14025,0,0
CELE_H16O14.40|21ur-13480,0,0
CELE_H16O14.5|21ur-2354,0,0
CELE_H16O14.42|21ur-10342,0,0
CELE_H16O14.38|21ur-12040,0,0
CELE_H16O14.39|21ur-11358,0,0
CELE_H16O14.9|21ur-3386,0,0
CELE_H16O14.49|21ur-9875,0,0
CELE_H16O14.54|21ur-6427,0,0
CELE_H16O14.34|21ur-15052,0,0
CELE_H16O14.67|21ur-7317,0,0
CELE_H16O14.15|21ur-2348,0,0
CELE_H16O14.53|21ur-5973,0,0
CELE_H16O14.45|21ur-11210,0,0
CELE_H16O14.21|21ur-4492,0,0
CELE_H16O14.22|21ur-6686,0,0
CELE_H16O14.3|21ur-1078,0,0
CELE_H16O14.46|21ur-10010,0,0
CELE_H16O14.76|H16O14.76,0,0
CELE_H16O14.27|21ur-10219,0,0
CELE_H16O14.57|21ur-14006,0,0
CELE_H16O14.8|21ur-2933,0,0
CELE_H16O14.36|21ur-13702,0,0
CELE_H16O14.64|21ur-7520,0,0
CELE_H16O14.33|21ur-15289,0,0
CELE_H16O14.52|21ur-5636,0,0
CELE_H16O14.51|21ur-13780,0,0
CELE_H16O14.19|21ur-2320,0,0
CELE_H16O14.69|21ur-6956,0,0
CELE_H16O14.72|21ur-7012,0,0
CELE_H16O14.48|21ur-14004,0,0
CELE_H16O14.24|21ur-5906,0,0
CELE_H16O14.55|21ur-12932,0,0
CELE_H16O14.75|21ur-13472,0,0
CELE_H16O14.73|21ur-14453,0,0
CELE_H16O14.63|21ur-15529,0,0
CELE_H16O14.7|21ur-4620,0,0
CELE_H16O14.59|21ur-14249,0,0
CELE_H16O14.11|21ur-2839,0,0
CELE_H16O14.25|21ur-9741,0,0
CELE_H16O14.10|21ur-940,0,0
CELE_H16O14.50|21ur-7155,0,0
CELE_H16O14.47|21ur-10695,0,0
CELE_H16O14.4|21ur-4299,0,0
CELE_H16O14.66|21ur-10246,0,0
CELE_H16O14.70|21ur-11346,0,0
CELE_H16O14.65|21ur-12890,0,0
CELE_H16O14.68|21ur-8160,0,0
CELE_H16O14.43|21ur-5982,0,0
CELE_H16O14.30|21ur-14188,0,0
CELE_H16O14.20|21ur-417,0,0
CELE_H16O14.35|21ur-9440,0,0
CELE_H16O14.26|21ur-7572,0,0
CELE_H16O14.16|21ur-1764,0,0
CELE_H16O14.60|21ur-11088,1,0
CELE_H16O14.12|21ur-1207,1,0
CELE_C46G7.54|21ur-6166,0,0
CELE_C46G7.60|21ur-9518,0,0
CELE_C46G7.109|C46G7.109,0,0
CELE_C46G7.64|21ur-8812,0,0
CELE_C46G7.91|21ur-6521,0,0
CELE_C46G7.43|21ur-12251,0,0
CELE_C46G7.22|21ur-5104,0,0
CELE_C46G7.44|21ur-12657,0,0
CELE_C46G7.75|21ur-10530,0,0
CELE_C46G7.4|pqn-22,4690,3443
CELE_C46G7.72|21ur-6598,0,0
CELE_C46G7.23|21ur-4234,0,0
CELE_C46G7.70|21ur-6849,0,0
CELE_C46G7.87|21ur-12281,0,0
CELE_C46G7.48|21ur-12246,0,0
CELE_C46G7.57|21ur-9195,0,0
CELE_C46G7.17|21ur-3405,0,0
CELE_C46G7.59|21ur-6491,0,0
CELE_C46G7.82|21ur-10822,0,0
CELE_C46G7.20|21ur-767,0,0
CELE_C46G7.51|21ur-15298,0,0
CELE_C46G7.76|21ur-12699,0,0
CELE_C46G7.18|21ur-751,0,0
CELE_C46G7.9|21ur-3768,0,0
CELE_C46G7.61|21ur-13619,0,0
CELE_C46G7.92|21ur-7205,0,0
CELE_C46G7.14|21ur-3780,0,0
CELE_C46G7.103|21ur-14583,0,0
CELE_C46G7.69|21ur-9058,0,0
CELE_C46G7.108|C46G7.108,0,0
CELE_C46G7.98|21ur-11228,0,0
CELE_C46G7.24|21ur-4315,0,0
CELE_C46G7.106|21ur-9014,0,0
CELE_C46G7.36|21ur-6929,0,0
CELE_C46G7.50|21ur-5650,0,0
CELE_C46G7.67|21ur-9913,0,0
CELE_C46G7.45|21ur-12775,0,0
CELE_C46G7.27|21ur-4584,0,0
CELE_C46G7.52|21ur-12180,0,0
CELE_C46G7.100|21ur-13546,0,0
CELE_C46G7.56|21ur-8094,0,0
CELE_C46G7.68|21ur-12268,0,0
CELE_C46G7.15|21ur-2567,0,0
CELE_C46G7.81|21ur-7300,0,0
CELE_C46G7.10|21ur-1165,0,0
CELE_C46G7.80|21ur-14160,0,0
CELE_C46G7.34|21ur-2946,0,0
CELE_C46G7.58|21ur-6798,0,0
CELE_C46G7.31|21ur-3983,0,0
CELE_C46G7.29|21ur-5132,0,0
CELE_C46G7.6|21ur-4731,0,0
CELE_C46G7.2|C46G7.2,2262,1856
CELE_C46G7.1|C46G7.1,1682,1506
CELE_K08B4.35|21ur-12415,0,0
CELE_K08B4.32|21ur-7724,0,0
CELE_K08B4.28|21ur-12442,0,0
CELE_K08B4.18|21ur-14443,0,0
CELE_K08B4.29|21ur-9673,0,0
CELE_K08B4.7|K08B4.7,64,81
CELE_K08B4.6|cpi-1,5633,4681
CELE_K08B4.41|K08B4.41,0,0
CELE_K08B4.43|K08B4.43,0,0
CELE_K08B4.42|K08B4.42,0,0
CELE_M03D4.61|21ur-10693,0,0
CELE_M03D4.39|21ur-8804,0,0
CELE_M03D4.53|21ur-12730,0,0
CELE_M03D4.32|21ur-8066,0,0
CELE_M03D4.19|21ur-1374,0,0
CELE_K08B4.1|lag-1,5358,5519
CELE_M03D4.3|nssp-39,39,37
CELE_M03D4.34|21ur-7970,0,0
CELE_M03D4.29|21ur-8909,0,0
CELE_M03D4.62|21ur-5986,0,0
CELE_H10D12.4|21ur-9814,0,0
CELE_H10D12.5|21ur-6704,0,0
CELE_H10D12.3|21ur-9888,0,0
CELE_H10D12.2|H10D12.2,160,158
CELE_M03D4.57|21ur-11548,0,0
CELE_M03D4.72|21ur-14171,0,0
CELE_M03D4.27|21ur-386,0,0
CELE_M03D4.14|21ur-2260,0,0
CELE_M03D4.7|21ur-4317,0,0
CELE_M03D4.60|21ur-7827,0,0
CELE_M03D4.45|21ur-9584,0,0
CELE_M03D4.23|21ur-1440,0,0
CELE_M03D4.22|21ur-1818,0,0
CELE_M03D4.1|zen-4,11957,10826
CELE_M03D4.4|M03D4.4,707,809
CELE_C11D2.17|21ur-21,0,0
CELE_C11D2.65|21ur-6254,0,0
CELE_C11D2.28|21ur-733,0,0
CELE_C11D2.14|21ur-1512,0,0
CELE_C11D2.8|21ur-3162,0,0
CELE_C11D2.76|21ur-7664,0,0
CELE_C11D2.67|21ur-14534,0,0
CELE_C11D2.75|21ur-10452,0,0
CELE_C11D2.87|21ur-9879,0,0
CELE_C11D2.3|C11D2.3,24,31
CELE_C11D2.7|C11D2.7,2207,1728
CELE_C11D2.4|C11D2.4,2193,2079
CELE_C11D2.6|unc-77,182,211
CELE_C11D2.38|21ur-4770,0,0
CELE_C11D2.78|21ur-10174,0,0
CELE_C11D2.68|21ur-6747,0,0
CELE_C11D2.47|21ur-14077,0,0
CELE_C11D2.53|21ur-10159,0,0
CELE_C11D2.39|21ur-319,0,0
CELE_C11D2.45|21ur-8309,0,0
CELE_C11D2.11|21ur-2707,0,0
CELE_C11D2.57|21ur-11803,0,0
CELE_C11D2.72|21ur-14320,0,0
CELE_C11D2.19|21ur-2245,0,0
CELE_C11D2.34|21ur-5158,0,0
CELE_C11D2.73|21ur-14100,0,0
CELE_C11D2.21|21ur-2262,0,0
CELE_C11D2.25|21ur-4260,0,0
CELE_C11D2.26|21ur-4646,0,0
CELE_C11D2.44|21ur-7268,0,0
CELE_C11D2.97|21ur-6605,0,0
CELE_C11D2.96|21ur-10197,0,0
CELE_C11D2.56|21ur-9892,0,0
CELE_C11D2.61|21ur-13881,0,0
CELE_C11D2.20|21ur-3465,0,0
CELE_C11D2.42|21ur-6028,0,0
CELE_C11D2.93|21ur-9688,0,0
CELE_C11D2.49|21ur-9306,0,0
CELE_C11D2.74|21ur-13245,0,0
CELE_C11D2.31|21ur-3839,0,0
CELE_C11D2.62|21ur-7396,0,0
CELE_C11D2.43|21ur-14892,0,0
CELE_C11D2.32|21ur-3737,0,0
CELE_C11D2.41|21ur-3155,0,0
CELE_C11D2.89|21ur-7357,0,0
CELE_C11D2.29|21ur-4948,0,0
CELE_C11D2.66|21ur-15279,0,0
CELE_C11D2.27|21ur-3844,0,0
CELE_C11D2.100|C11D2.100,0,0
CELE_C11D2.30|21ur-4335,0,0
CELE_C11D2.92|21ur-11413,0,0
CELE_C11D2.63|21ur-7550,0,0
CELE_C11D2.55|21ur-11457,0,0
CELE_C11D2.58|21ur-8673,0,0
CELE_C11D2.23|21ur-623,0,0
CELE_C11D2.24|21ur-622,0,0
CELE_C11D2.37|21ur-555,0,0
CELE_C11D2.86|21ur-10980,0,0
CELE_C11D2.12|21ur-3209,0,0
CELE_C11D2.84|21ur-6986,0,0
CELE_C11D2.94|21ur-9214,0,0
CELE_C11D2.101|C11D2.101,0,0
CELE_C11D2.98|C11D2.98,0,0
CELE_C11D2.102|mir-8202,0,0
CELE_C11D2.50|21ur-7448,0,0
CELE_C11D2.9|21ur-4041,0,0
CELE_C11D2.81|21ur-12625,0,0
CELE_C11D2.82|21ur-7360,0,0
CELE_C11D2.18|21ur-1198,0,0
CELE_C11D2.85|21ur-9597,0,0
CELE_C11D2.35|21ur-3166,0,0
CELE_C11D2.79|21ur-10883,0,0
CELE_C11D2.40|21ur-2511,0,0
CELE_C11D2.99|C11D2.99,0,0
CELE_C11D2.60|21ur-15530,0,0
CELE_C11D2.54|21ur-7906,0,0
CELE_C11D2.69|21ur-13469,0,0
CELE_C11D2.15|21ur-2119,0,0
CELE_C49A9.35|21ur-10185,0,0
CELE_C49A9.20|21ur-8884,0,0
CELE_C49A9.19|21ur-11642,0,0
CELE_C49A9.27|21ur-5499,0,0
CELE_C49A9.28|21ur-7943,0,0
CELE_C49A9.39|C49A9.39,0,0
CELE_C49A9.10|C49A9.10,830,742
CELE_C49A9.38|21ur-8501,0,0
CELE_C49A9.29|21ur-8105,0,0
CELE_C49A9.37|21ur-9180,0,0
CELE_C49A9.8|ugt-24,133,87
CELE_C49A9.6|C49A9.6,552,463
CELE_C49A9.16|21ur-7822,0,0
CELE_C49A9.5|C49A9.5,495,268
CELE_C49A9.33|21ur-7234,0,0
CELE_C49A9.22|21ur-7564,0,1
CELE_C49A9.36|21ur-10297,0,0
CELE_C49A9.9|C49A9.9,742,621
CELE_C49A9.4|C49A9.4,380,324
CELE_C49A9.3|C49A9.3,203,162
CELE_C49A9.1|C49A9.1,25,26
CELE_C49A9.13|21ur-10718,0,0
CELE_C49A9.2|C49A9.2,690,676
CELE_F58F9.4|F58F9.4,174,113
CELE_F58F9.8|F58F9.8,0,0
CELE_F58F9.3|F58F9.3,481,563
CELE_F58F9.1|F58F9.1,36,0
CELE_T13A10.45|21ur-14730,0,0
CELE_T13A10.53|21ur-9423,0,0
CELE_T13A10.58|21ur-9156,0,0
CELE_T13A10.18|21ur-5475,0,0
CELE_T13A10.42|21ur-7921,0,0
CELE_T13A10.19|21ur-8098,0,0
CELE_T13A10.51|21ur-12989,0,0
CELE_T13A10.37|21ur-6763,0,0
CELE_T13A10.15|21ur-7232,0,0
CELE_T13A10.5|nlp-16,309,379
CELE_F58F9.20|21ur-10928,0,0
CELE_F58F9.17|21ur-9841,0,0
CELE_F58F9.19|21ur-9703,0,0
CELE_F58F9.7|acox-3,1840,2436
CELE_T13A10.1|T13A10.1,25,0
CELE_T13A10.10|aat-4,309,186
CELE_T13A10.33|21ur-8539,0,0
CELE_T13A10.34|21ur-13649,0,0
CELE_T13A10.21|21ur-15643,0,0
CELE_T13A10.27|21ur-11650,0,0
CELE_T13A10.20|21ur-9177,0,1
CELE_T13A10.43|21ur-5837,0,0
CELE_T13A10.24|21ur-9418,0,0
CELE_T13A10.16|21ur-7204,0,0
CELE_T13A10.49|21ur-14864,0,0
CELE_T13A10.26|21ur-14252,0,0
CELE_T13A10.63|T13A10.63,0,0
CELE_T13A10.40|21ur-13332,0,0
CELE_T13A10.56|21ur-5622,0,0
CELE_T13A10.12|srv-32,36,0
CELE_Y73B6BL.108|21ur-14698,0,0
CELE_Y73B6BL.266|21ur-7421,0,0
CELE_Y73B6BL.101|21ur-12608,0,0
CELE_Y73B6BL.10|srv-24,14,0
CELE_T13A10.62|T13A10.62,0,0
CELE_T13A10.59|21ur-9858,0,0
CELE_T13A10.41|21ur-5687,0,0
CELE_T13A10.32|21ur-12306,0,0
CELE_T13A10.11|sams-5,461,283
CELE_Y73B6BL.41|srv-27,0,0
CELE_Y73B6BL.193|21ur-8315,0,0
CELE_Y73B6BL.164|21ur-15042,0,0
CELE_Y73B6BL.172|21ur-9993,0,0
CELE_Y73B6BL.181|21ur-10390,0,0
CELE_Y73B6BL.12|Y73B6BL.12,27,22
CELE_Y73B6BL.246|21ur-14472,0,0
CELE_Y73B6BL.7|csp-2,0,0
CELE_Y73B6BL.9|hil-2,6292,6117
CELE_Y73B6BL.30|blos-2,1951,1704
CELE_Y73B6BL.13|mif-4,21,30
CELE_Y73B6BL.4|ipla-6,3267,3330
CELE_Y73B6BL.229|21ur-14891,0,0
CELE_Y73B6BL.289|Y73B6BL.289,0,0
CELE_Y73B6BL.288|Y73B6BL.288,156,138
CELE_Y73B6BL.14|Y73B6BL.14,95,125
CELE_Y73B6BL.269|linc-29,138,139
CELE_Y73B6BL.29|Y73B6BL.29,611,581
CELE_Y73B6BL.6|sqd-1,35899,34310
CELE_Y73B6BL.32|lsm-8,2453,2256
CELE_Y73B6BL.5|seu-1,5879,5778
CELE_Y73B6BL.71|21ur-2430,0,0
CELE_Y73B6BL.60|21ur-267,0,0
CELE_Y73B6BL.221|21ur-8069,0,0
CELE_Y73B6BL.67|21ur-4451,0,0
CELE_Y73B6BL.197|21ur-7642,0,0
CELE_Y73B6BL.162|21ur-10731,0,0
CELE_Y73B6BL.204|21ur-9756,0,0
CELE_Y73B6BL.69|21ur-3335,0,0
CELE_Y73B6BL.148|21ur-7314,0,0
CELE_Y73B6BL.122|21ur-15162,0,0
CELE_Y73B6BL.90|21ur-8577,0,0
CELE_Y73B6BL.21|sfrp-1,233,157
CELE_Y73B6BL.82|21ur-3344,1,0
CELE_Y73B6BL.97|21ur-10813,0,0
CELE_Y73B6BL.126|21ur-13601,0,0
CELE_Y73B6BL.51|21ur-298,0,0
CELE_Y73B6BL.34|bli-6,2039,669
CELE_Y73B6BL.19|shl-1,96,95
CELE_Y73B6BL.109|21ur-11352,0,0
CELE_Y73B6BL.243|21ur-10029,0,0
CELE_Y73B6BL.226|21ur-9038,0,0
CELE_Y73B6BL.56|21ur-3958,0,0
CELE_Y73B6BL.188|21ur-15233,0,0
CELE_Y73B6BL.236|21ur-11240,0,0
CELE_Y73B6BL.233|21ur-11503,0,0
CELE_Y73B6BL.232|21ur-9712,0,0
CELE_Y73B6BL.78|21ur-1323,0,0
CELE_Y73B6BL.265|21ur-15687,0,0
CELE_Y73B6BL.215|21ur-15027,0,0
CELE_Y73B6BL.190|21ur-14203,0,0
CELE_Y73B6BL.137|21ur-5623,0,0
CELE_Y73B6BL.35|nlp-71,196,191
CELE_Y73B6BL.18|smg-3,5169,5508
CELE_Y73B6BL.279|Y73B6BL.279,0,0
CELE_Y73B6BL.281|Y73B6BL.281,0,0
CELE_Y73B6BL.47|nssp-40,49,36
CELE_Y73B6BL.286|Y73B6BL.286,2,2
CELE_Y73B6BL.276|Y73B6BL.276,4,2
CELE_Y73B6BL.33|hrpf-2,7297,7348
CELE_Y73B6BL.3|exos-2,1853,1718
CELE_Y73B6BL.23|Y73B6BL.23,3552,3580
CELE_Y73B6BL.2|htp-2,2283,2164
CELE_Y73B6BL.38|puf-11,19591,18225
CELE_Y73B6BL.277|Y73B6BL.277,0,0
CELE_Y73B6BL.219|21ur-10484,0,0
CELE_Y73B6BL.217|21ur-5754,0,0
CELE_Y73B6BL.43|dlc-5,38,34
CELE_Y73B6BL.173|21ur-13852,0,0
CELE_Y73B6BL.170|21ur-9760,0,0
CELE_Y73B6BL.113|21ur-13333,0,0
CELE_Y73B6BL.149|21ur-12436,0,0
CELE_Y73B6BL.87|21ur-10554,0,0
CELE_Y73B6BL.262|21ur-6248,0,0
CELE_Y73B6BL.160|21ur-13172,0,0
CELE_Y73B6BL.129|21ur-7262,0,0
CELE_Y73B6BL.264|21ur-13787,0,0
CELE_Y73B6BL.25|acp-7,233,237
CELE_Y73B6BL.94|21ur-8032,0,0
CELE_Y73B6BL.202|21ur-10779,0,0
CELE_Y73B6BL.195|21ur-11111,0,0
CELE_Y73B6BL.100|21ur-12213,0,0
CELE_Y73B6BL.209|21ur-9504,0,0
CELE_Y73B6BL.42|acr-25,39,25
CELE_Y73B6BL.T2|Y73B6BL.t2,0,0
CELE_Y73B6BL.107|21ur-12193,0,0
CELE_Y73B6BL.36|tmed-13,65,40
CELE_Y73B6BL.242|21ur-7779,0,0
CELE_Y73B6BL.31|Y73B6BL.31,734,453
CELE_Y73B6BL.57|21ur-2591,0,0
CELE_Y73B6BL.54|21ur-4705,0,0
CELE_Y73B6BL.194|21ur-12687,0,0
CELE_Y73B6BL.77|21ur-1928,0,0
CELE_Y73B6BL.118|21ur-6450,0,0
CELE_Y73B6BL.92|21ur-8273,0,0
CELE_Y73B6BL.271|Y73B6BL.271,0,0
CELE_Y73B6BL.146|21ur-9708,0,0
CELE_Y73B6BL.268|21ur-7472,0,0
CELE_Y73B6BL.159|21ur-14407,0,0
CELE_Y73B6BL.112|21ur-8748,0,0
CELE_Y73B6BL.151|21ur-9643,0,0
CELE_Y73B6BL.223|21ur-15437,0,0
CELE_Y73B6BL.258|21ur-11630,0,0
CELE_Y73B6BL.178|21ur-5555,0,0
CELE_Y73B6BL.175|21ur-9461,0,0
CELE_Y73B6BL.70|21ur-899,0,0
CELE_Y73B6BL.174|21ur-5914,0,0
CELE_Y73B6BL.171|21ur-6018,0,0
CELE_Y73B6BL.167|21ur-8293,0,0
CELE_Y73B6BL.200|21ur-14305,0,0
CELE_Y73B6BL.135|21ur-11296,0,0
CELE_Y73B6BL.133|21ur-6883,0,0
CELE_Y73B6BL.183|21ur-12125,0,0
CELE_Y73B6BL.91|21ur-11844,0,0
CELE_Y73B6BL.26|lgc-10,21,36
CELE_Y73B6BL.75|21ur-1363,1,0
CELE_Y73B6BL.275|Y73B6BL.275,0,0
CELE_Y73B6BL.186|21ur-7679,0,0
CELE_Y73B6BL.24|acp-6,10508,8962
CELE_Y73B6BL.72|21ur-3194,0,0
CELE_Y73B6BL.27|Y73B6BL.27,795,677
CELE_Y73B6BL.256|21ur-7380,0,0
CELE_Y73B6BL.124|21ur-14558,0,0
CELE_Y73B6BL.254|21ur-14333,0,0
CELE_Y73B6BL.37|Y73B6BL.37,34,123
CELE_Y73B6BL.261|21ur-13268,0,0
CELE_Y73B6BL.283|Y73B6BL.283,0,0
CELE_Y73B6BL.T1|Y73B6BL.t1,0,0
CELE_Y73B6BL.255|21ur-10941,0,0
CELE_Y73B6BL.50|21ur-4616,0,0
CELE_Y73B6BL.156|21ur-14051,0,0
CELE_Y73B6BL.182|21ur-7544,0,0
CELE_Y73B6BL.138|21ur-15240,0,0
CELE_Y73B6BL.136|21ur-14635,0,0
CELE_Y73B6BL.132|21ur-9358,0,0
CELE_Y73B6BL.245|21ur-13785,0,0
CELE_Y73B6BL.120|21ur-9487,0,0
CELE_Y73B6BL.179|21ur-6578,0,0
CELE_Y73B6BL.145|21ur-12832,0,0
CELE_Y73B6BL.79|21ur-277,0,0
CELE_Y73B6BL.163|21ur-14547,0,0
CELE_Y73B6BL.198|21ur-13548,0,0
CELE_Y73B6BL.1|tyr-6,617,518
CELE_Y73B6BL.28|Y73B6BL.28,11,0
CELE_Y73B6BR.23|21ur-8214,1,0
CELE_Y73B6BL.49|21ur-5051,0,0
CELE_Y73B6BL.59|21ur-818,0,0
CELE_Y73B6BL.196|21ur-7194,0,0
CELE_Y73B6BL.66|21ur-3463,0,0
CELE_Y73B6BL.224|21ur-15693,0,0
CELE_Y73B6BL.127|21ur-7159,0,0
CELE_Y73B6BL.240|21ur-7261,0,0
CELE_Y73B6BL.62|21ur-3318,0,1
CELE_Y73B6BL.44|Y73B6BL.44,554,581
CELE_Y73B6BR.1|pqn-89,1487,1431
CELE_Y73B6BR.12|21ur-15194,0,0
CELE_Y73B6BR.15|21ur-13982,0,0
CELE_Y73B6BR.5|21ur-4265,0,0
CELE_Y73B6BR.7|21ur-9492,0,0
CELE_Y73B6BR.31|21ur-7858,0,0
CELE_Y73B6BR.6|21ur-13275,0,0
CELE_Y73B6BR.25|21ur-7221,0,0
CELE_Y73B6BR.10|21ur-11877,0,0
CELE_Y73B6BR.22|21ur-13906,0,0
CELE_Y73B6BR.28|21ur-12804,0,0
CELE_Y73B6BR.16|21ur-5751,0,0
CELE_Y73B6BR.11|21ur-11916,0,0
CELE_Y73B6BR.33|21ur-14052,0,0
CELE_Y73B6BR.21|21ur-8005,0,0
CELE_Y73B6BR.20|21ur-7888,0,0
CELE_Y73B6BR.26|21ur-8468,0,0
CELE_Y73B6BR.18|21ur-10201,0,0
CELE_C01G5.15|21ur-10331,0,0
CELE_C01G5.24|21ur-12103,0,0
CELE_C01G5.7|dzpr-1,39,0
CELE_C01G5.9|gtnt-2,130,85
CELE_C01G5.4|C01G5.4,55,0
CELE_C01G5.6|ddi-1,5796,5735
CELE_C01G5.5|C01G5.5,1389,1386
CELE_C01G5.2|prg-2,15412,14641
CELE_C43G2.3|C43G2.3,54,10
CELE_C01G5.18|21ur-6826,0,0
CELE_C01G5.14|21ur-12904,0,0
CELE_C01G5.20|21ur-12029,0,0
CELE_C01G5.12|21ur-14426,0,1
CELE_C01G5.22|21ur-6712,0,0
CELE_C01G5.10|21ur-7229,0,0
CELE_C01G5.19|21ur-7693,0,0
CELE_C01G5.23|21ur-8881,0,0
CELE_C01G5.17|21ur-6629,0,0
CELE_C43G2.30|C43G2.30,0,0
CELE_C43G2.28|C43G2.28,0,0
CELE_C43G2.7|21ur-12296,0,0
CELE_C43G2.11|21ur-15262,0,1
CELE_C43G2.24|21ur-7237,0,0
CELE_C43G2.29|C43G2.29,0,0
CELE_C43G2.8|21ur-9054,0,0
CELE_C43G2.21|21ur-8246,0,0
CELE_C43G2.19|21ur-6639,0,0
CELE_C43G2.16|21ur-7788,0,0
CELE_C43G2.17|21ur-9557,0,0
CELE_C43G2.15|21ur-14110,0,0
CELE_C43G2.13|21ur-10382,0,0
CELE_C43G2.12|21ur-14136,0,0
CELE_C01G5.25|C01G5.25,81,51
CELE_C01G5.8|fan-1,2967,2872
CELE_C43G2.1|paqr-1,6288,7347
CELE_C43G2.T1|C43G2.t1,3,0
CELE_C43G2.5|try-3,160,182
CELE_C43G2.4|best-9,113,125
CELE_C43G2.14|21ur-7086,1,0
CELE_C43G2.2|bicd-1,2519,2055
CELE_C43G2.20|21ur-8152,1,1
CELE_C43G2.9|21ur-9181,1,0
CELE_F38A5.1|odr-8,6515,5969
CELE_F38A5.2|F38A5.2,5033,4832
CELE_F38A5.8|F38A5.8,9,0
CELE_F38A5.17|21ur-14342,0,0
CELE_F38A5.21|21ur-9193,0,0
CELE_F38A5.15|21ur-12199,0,0
CELE_F38A5.20|21ur-12717,0,0
CELE_F38A5.19|21ur-11751,0,0
CELE_F38A5.9|nspb-5,0,0
CELE_F38A5.14|nspb-1,16,0
CELE_F38A5.12|nspb-2,11,8
CELE_F38A5.5|nspb-3,11,0
CELE_F38A5.22|F38A5.22,228,228
CELE_F38A5.13|dnj-11,10720,10359
CELE_F38A5.3|lec-11,886,427
CELE_F38A5.7|sup-36,2001,1916
CELE_C01B10.3|C01B10.3,756,562
CELE_C01B10.44|C01B10.44,0,0
CELE_C01B10.28|21ur-11007,0,0
CELE_C01B10.30|21ur-13265,0,0
CELE_C01B10.13|21ur-14680,0,0
CELE_C01B10.21|21ur-11884,0,0
CELE_C01B10.29|21ur-8330,0,0
CELE_C01B10.16|21ur-12718,0,0
CELE_C01B10.47|C01B10.47,0,0
CELE_C01B10.10|cest-5.2,551,543
CELE_C01B10.33|21ur-13554,1,0
CELE_C01B10.4|cest-5.1,195,186
CELE_C01B10.43|21ur-6319,0,0
CELE_C01B10.23|21ur-11403,0,0
CELE_C01B10.46|C01B10.46,0,0
CELE_F15B10.4|21ur-11722,0,0
CELE_F15B10.3|F15B10.3,563,499
CELE_F15B10.1|nstp-2,5839,5229
CELE_F15B10.2|drh-1,3334,3226
CELE_C01B10.1|drh-2,2444,2072
CELE_C01B10.7|C01B10.7,0,0
CELE_C01B10.9|C01B10.9,3653,3153
CELE_C01B10.8|metl-13,4603,4383
CELE_C01B10.48|C01B10.48,0,0
CELE_C01B10.45|C01B10.45,3,0
CELE_C01B10.5|hil-7,1622,1238
CELE_Y73B6A.1|Y73B6A.1,36,31
CELE_C01B10.41|21ur-13556,0,0
CELE_C01B10.20|21ur-7908,0,1
CELE_C01B10.12|21ur-8461,0,0
CELE_C01B10.6|kola-3,9660,7273
CELE_C01B10.26|21ur-6055,0,0
CELE_C01B10.14|21ur-15647,0,0
CELE_C01B10.18|21ur-12161,1,1
CELE_C01B10.11|C01B10.11,1802,1334
CELE_Y73B6A.6|Y73B6A.6,60,0
CELE_Y73B6A.8|21ur-12572,0,0
CELE_Y73B6A.3|Y73B6A.3,77,56
CELE_Y73B6A.4|smg-7,1462,1412
CELE_Y73B6A.5|lin-45,8178,8161
CELE_H34C03.2|usp-4,17420,15648
CELE_H34C03.1|spd-3,861,907
CELE_H34C03.5|21ur-7784,0,0
CELE_H34C03.8|21ur-13847,0,0
CELE_H34C03.11|21ur-13040,0,0
CELE_H34C03.10|21ur-6677,0,0
CELE_H34C03.7|21ur-14787,0,0
CELE_H34C03.4|21ur-8963,0,0
CELE_H34C03.9|21ur-7658,0,0
CELE_H34C03.20|H34C03.20,0,0
CELE_H34C03.15|21ur-6808,0,0
CELE_H34C03.21|H34C03.21,0,0
CELE_H34C03.17|21ur-12996,0,0
CELE_C17H12.34|C17H12.34,0,0
CELE_C17H12.13|anat-1,4326,4364
CELE_C17H12.1|dyci-1,8112,7808
CELE_C17H12.3|C17H12.3,94,28
CELE_C17H12.27|21ur-7065,0,0
CELE_C17H12.15|21ur-10011,0,0
CELE_C17H12.10|C17H12.10,16,13
CELE_C17H12.16|21ur-11132,0,1
CELE_C17H12.9|ceh-48,237,174
CELE_C17H12.5|C17H12.5,93,24
CELE_C17H12.24|21ur-8140,0,0
CELE_C17H12.17|21ur-9569,0,0
CELE_C17H12.29|21ur-15414,0,0
CELE_C17H12.23|21ur-12369,0,0
CELE_C17H12.22|21ur-14926,0,0
CELE_C17H12.12|C17H12.12,142,80
CELE_C17H12.4|cest-4,984,892
CELE_C17H12.19|21ur-7761,2,0
CELE_C17H12.21|21ur-11363,1,2
CELE_C17H12.11|C17H12.11,506,527
CELE_C17H12.37|C17H12.37,13,0
CELE_C17H12.30|C17H12.30,0,0
CELE_C17H12.33|C17H12.33,0,0
CELE_C17H12.2|C17H12.2,7573,6954
CELE_C17H12.14|vha-8,18704,13382
CELE_C17H12.8|C17H12.8,6158,2628
CELE_C17H12.6|C17H12.6,2779,732
CELE_H20E11.3|H20E11.3,894,371
CELE_H20E11.6|21ur-10666,2,0
CELE_H20E11.2|H20E11.2,32,28
CELE_C05B10.18|C05B10.18,0,0
CELE_C05B10.20|C05B10.20,3,0
CELE_H20E11.1|H20E11.1,1122,476
CELE_T05A12.6|T05A12.6,0,0
CELE_C05B10.17|C05B10.17,0,0
CELE_R13H7.2|R13H7.2,37,40
CELE_C05B10.5|21ur-9951,0,0
CELE_C05B10.8|21ur-9506,0,0
CELE_C05B10.9|21ur-6410,0,0
CELE_R13H7.13|21ur-15140,0,0
CELE_R13H7.18|21ur-9438,0,0
CELE_R13H7.4|21ur-9844,0,0
CELE_R13H7.14|21ur-8053,0,0
CELE_R13H7.5|21ur-14595,0,0
CELE_R13H7.9|21ur-15195,0,0
CELE_R13H7.10|21ur-10985,0,0
CELE_R13H7.7|21ur-13652,0,0
CELE_R13H7.15|21ur-10117,0,0
CELE_R13H7.19|R13H7.19,0,0
CELE_C05B10.1|lip-1,4643,4841
CELE_T05A12.7|T05A12.7,0,0
CELE_T05A12.2|tre-2,3264,2147
CELE_T05A12.3|T05A12.3,4053,3801
CELE_T05A12.4|T05A12.4,1859,1829
CELE_T22D1.5|T22D1.5,9900,9412
CELE_T22D1.9|rpn-1,20899,21213
CELE_T22D1.4|ribo-1,20369,18336
CELE_T22D1.18|T22D1.18,13,0
CELE_T22D1.11|cest-6,277,216
CELE_B0478.17|21ur-9300,0,0
CELE_T22D1.12|npr-12,66,46
CELE_ZK381.16|21ur-8643,0,0
CELE_ZK381.2|gtnt-54,38,0
CELE_ZK381.58|ZK381.58,0,0
CELE_B0478.25|B0478.25,0,0
CELE_B0478.8|21ur-13155,0,0
CELE_B0478.6|21ur-6864,0,0
CELE_B0478.12|21ur-7857,0,0
CELE_B0478.18|21ur-8824,0,0
CELE_B0478.5|21ur-12165,0,0
CELE_B0478.7|21ur-8741,0,0
CELE_B0478.1|jnk-1,191,0
CELE_ZK381.3|nhr-249,11,0
CELE_T22D1.3|T22D1.3,7065,6952
CELE_T22D1.10|ruvb-2,5805,5667
CELE_C25A8.5|C25A8.5,58,19
CELE_ZK381.4|pgl-1,19230,17962
CELE_ZK381.20|21ur-8882,0,0
CELE_ZK381.37|ZK381.37,0,0
CELE_ZK381.14|21ur-12182,0,0
CELE_ZK381.36|ZK381.36,0,0
CELE_ZK381.50|ZK381.50,0,0
CELE_ZK381.53|ZK381.53,0,0
CELE_ZK381.57|ZK381.57,0,0
CELE_ZK381.61|ZK381.61,0,0
CELE_ZK381.43|ZK381.43,0,0
CELE_ZK381.47|ZK381.47,0,0
CELE_ZK381.39|ZK381.39,0,0
CELE_ZK381.42|ZK381.42,0,0
CELE_ZK381.1|him-3,3358,3234
CELE_ZK381.5|prkl-1,696,626
CELE_C25A8.7|21ur-14807,0,0
CELE_C25A8.8|21ur-11554,0,0
CELE_C25A8.4|cht-3,21990,18757
CELE_C25A8.2|C25A8.2,35,12
CELE_C06G3.7|trxr-1,8328,7650
CELE_C06G3.6|gldi-4,1876,1864
CELE_C06G3.5|adah-1,2716,2659
CELE_C06G3.8|nabp-1,1140,1122
CELE_C06G3.9|ufl-1,4597,4056
CELE_C06G3.3|C06G3.3,36,61
CELE_C06G3.10|cogc-2,4209,3884
CELE_C06G3.11|tin-9.1,1291,1001
CELE_C06G3.2|klp-18,6239,6151
CELE_Y43B11AL.2|srx-50,0,0
CELE_Y43B11AL.5|Y43B11AL.5,122,108
CELE_C06G3.18|21ur-12719,0,0
CELE_C06G3.14|21ur-9762,0,0
CELE_C06G3.1|nhr-105,770,616
CELE_C06G3.13|21ur-9174,1,0
CELE_Y43B11AR.6|srg-49,0,0
CELE_Y43B11AL.1|Y43B11AL.1,298,262
CELE_ZC477.16|ZC477.16,0,0
CELE_ZC477.4|ZC477.4,4,0
CELE_ZC477.19|ZC477.19,0,0
CELE_ZC477.18|ZC477.18,0,0
CELE_ZC477.17|ZC477.17,0,0
CELE_ZC477.9|deb-1,3706,3013
CELE_ZC477.5|rde-8,3265,3123
CELE_ZC477.3|ZC477.3,3216,3263
CELE_ZC477.7|ZC477.7,140,31
CELE_ZC477.1|ssq-3,264,74
CELE_C34D4.7|str-49,0,0
CELE_C34D4.9|nas-8,76,37
CELE_C34D4.10|C34D4.10,361,391
CELE_Y43B11AR.1|nssp-41,1219,970
CELE_Y43B11AR.3|Y43B11AR.3,557,536
CELE_Y43B11AR.4|rps-4,80339,85550
CELE_Y43B11AR.7|Y43B11AR.7,123,70
CELE_C34D4.11|grsp-3,52,40
CELE_C34D4.12|cyn-12,2264,2044
CELE_C34D4.13|mutd-1,1554,1307
CELE_C34D4.3|C34D4.3,147,35
CELE_C34D4.2|C34D4.2,64,25
CELE_C34D4.4|C34D4.4,2503,2541
CELE_C34D4.15|col-113,276,97
CELE_C34D4.14|hecd-1,24885,26717
CELE_C42D4.18|C42D4.18,139,167
CELE_C42D4.6|skr-16,446,495
CELE_C42D4.4|str-44,15,0
CELE_C34D4.1|maph-9,34,36
CELE_C42D4.8|rpc-1,5307,5111
CELE_C42D4.3|dbd-13,244,67
CELE_C42D4.2|cest-10,196,227
CELE_C42D4.13|C42D4.13,98,26
CELE_R13A1.5|nssp-42,78,58
CELE_R13A1.9|best-16,38,41
CELE_R13A1.3|R13A1.3,44,0
CELE_R13A1.4|unc-8,0,0
CELE_R13A1.15|R13A1.15,0,0
CELE_C42D4.1|srlf-7,22485,23505
CELE_R13A1.8|glb-23,20,42
CELE_R13A1.16|R13A1.16,0,0
CELE_R13A1.14|R13A1.14,0,0
CELE_R13A1.2|kcc-1,5968,6282
CELE_R13A1.11|21ur-13107,1,1
CELE_D2024.4|D2024.4,35,0
CELE_R13A1.10|R13A1.10,27,46
CELE_D2024.5|D2024.5,2906,2532
CELE_D2024.6|cap-1,5871,5354
CELE_D2024.12|21ur-14777,0,0
CELE_D2024.16|D2024.16,0,0
CELE_D2024.2|afmd-1,143,133
CELE_D2024.8|col-114,63,31
CELE_D2024.18|D2024.18,0,0
CELE_D2024.11|21ur-14624,0,0
CELE_D2024.10|D2024.10,0,0
CELE_C06E4.7|glb-2,17,26
CELE_C06E4.2|C06E4.2,87,45
CELE_C06E4.19|C06E4.19,0,0
CELE_C06E4.12|21ur-6266,0,0
CELE_C06E4.8|C06E4.8,39,55
CELE_F42C5.3|F42C5.3,19,0
CELE_D2024.3|elo-3,7025,5898
CELE_D2024.7|gstk-2,133,221
CELE_F42C5.5|F42C5.5,51,0
CELE_F42C5.4|F42C5.4,186,317
CELE_F42C5.2|npr-27,20,48
CELE_F42C5.7|grl-4,701,514
CELE_F42C5.14|F42C5.14,0,0
CELE_F42C5.12|F42C5.12,0,0
CELE_F42C5.13|F42C5.13,0,0
CELE_F42C5.9|F42C5.9,2345,2392
CELE_Y40C5A.12|21ur-15313,0,0
CELE_Y40C5A.10|21ur-14935,0,0
CELE_Y40C5A.6|21ur-11728,0,0
CELE_Y40C5A.3|daf-42,0,0
CELE_Y40C5A.8|21ur-12186,0,0
CELE_Y40C5A.19|Y40C5A.19,0,0
CELE_Y40C5A.18|Y40C5A.18,0,0
CELE_Y40C5A.17|Y40C5A.17,0,0
CELE_Y40C5A.16|Y40C5A.16,0,0
CELE_Y40C5A.T1|rtw-6,0,0
CELE_Y40C5A.15|Y40C5A.15,0,0
CELE_Y40C5A.22|Y40C5A.22,0,0
CELE_Y40C5A.20|Y40C5A.20,0,0
CELE_Y40C5A.11|21ur-10109,0,0
CELE_F42C5.10|ifo-1,2596,1802
CELE_Y40C5A.1|sqst-2,320,364
CELE_Y40C5A.14|21ur-14956,0,0
CELE_Y40C5A.9|21ur-13845,0,0
CELE_Y40C5A.4|Y40C5A.4,1330,1267
CELE_Y40C5A.13|21ur-12912,2,0
CELE_F42C5.8|rps-8,94475,94041
CELE_T12B3.3|T12B3.3,1661,1655
CELE_T12B3.2|T12B3.2,355,273
CELE_T12B3.6|21ur-10817,0,0
CELE_T12B3.1|ptp-8,52,27
CELE_T12B3.4|mob-3,1352,1395
CELE_C48A7.1|egl-19,1430,1089
CELE_C48A7.10|C48A7.10,0,0
CELE_C48A7.3|21ur-8639,0,0
CELE_C48A7.7|C48A7.7,0,0
CELE_C48A7.6|C48A7.6,0,0
CELE_C48A7.11|C48A7.11,0,0
CELE_C48A7.8|C48A7.8,0,0
CELE_C48A7.12|C48A7.12,0,0
CELE_C48A7.4|21ur-8227,0,0
CELE_B0496.10|21ur-15006,0,0
CELE_C48A7.16|C48A7.16,7,9
CELE_C48A7.9|C48A7.9,0,0
CELE_T12B3.5|21ur-12255,0,0
CELE_C48A7.2|pitr-1,9222,9270
CELE_T12B3.7|T12B3.7,6,0
CELE_B0496.1|B0496.1,18,0
CELE_B0496.2|B0496.2,0,0
CELE_B0496.8|tes-1,913,749
CELE_F13B6.1|F13B6.1,169,62
CELE_B0496.19|B0496.19,0,0
CELE_B0496.12|B0496.12,0,0
CELE_B0496.3|unc-82,1499,1297
CELE_B0496.9|21ur-12337,0,0
CELE_B0496.13|B0496.13,0,0
CELE_B0496.11|B0496.11,8,14
CELE_B0496.7|valv-1,485,257
CELE_F13B6.2|F13B6.2,363,141
CELE_F13B6.3|F13B6.3,183,138
CELE_F55G1.19|F55G1.19,0,0
CELE_F55G1.7|F55G1.7,438,337
CELE_F55G1.8|plk-3,15913,15308
CELE_F55G1.6|F55G1.6,2264,2198
CELE_F55G1.5|slc-25A18.2,650,639
CELE_F55G1.9|pycr-4,2461,1575
CELE_F55G1.10|his-61,185,254
CELE_F55G1.3|his-62,123,126
CELE_F55G1.11|his-60,410,299
CELE_F55G1.2|his-59,168,107
CELE_F55G1.18|F55G1.18,0,0
CELE_F55G1.1|F55G1.1,50,21
CELE_F55G1.13|egas-4,184,53
CELE_F55G1.20|F55G1.20,0,0
CELE_F55G1.16|yrn-1,0,0
CELE_F55G1.15|F55G1.15,567,346
CELE_F55G1.4|rod-1,15304,13908
CELE_R05G6.13|21ur-14889,0,0
CELE_R05G6.4|R05G6.4,1315,1172
CELE_R05G6.9|R05G6.9,19,0
CELE_R05G6.10|R05G6.10,1050,1127
CELE_R05G6.16|21ur-10300,0,0
CELE_R05G6.15|21ur-10338,0,0
CELE_R05G6.17|21ur-9631,0,0
CELE_R05G6.20|R05G6.20,0,0
CELE_R05G6.19|R05G6.19,0,0
CELE_R05G6.14|21ur-10108,0,0
CELE_R05G6.1|R05G6.1,31,26
CELE_R05G6.18|R05G6.18,0,0
CELE_R05G6.6|glt-6,110,103
CELE_R05G6.7|vdac-1,38274,34373
CELE_R05G6.5|R05G6.5,33,26
CELE_R05G6.8|plc-4,3050,2894
CELE_F32E10.8|F32E10.8,14,15
CELE_F32E10.9|F32E10.9,531,474
CELE_F32E10.3|clec-180,474,158
CELE_F49E8.3|pam-1,22474,19244
CELE_F49E8.4|cdd-2,1582,1369
CELE_F49E8.2|oef-1,3907,3628
CELE_F49E8.5|dif-1,5501,4454
CELE_F49E8.6|F49E8.6,438,301
CELE_F49E8.7|F49E8.7,2638,2627
CELE_F49E8.8|F49E8.8,502,390
CELE_F49E8.1|nprl-2,3574,3135
CELE_F32E10.4|ima-3,17124,17647
CELE_F32E10.5|F32E10.5,2280,2285
CELE_F32E10.2|cec-4,2115,1947
CELE_F32E10.6|cec-5,10564,9638
CELE_F32E10.1|nol-10,5201,5683
CELE_F45E4.3|cla-1,415,0
CELE_T23A7.1|21ur-14888,0,0
CELE_F45E4.18|F45E4.18,0,0
CELE_F45E4.15|F45E4.15,0,0
CELE_F45E4.5|F45E4.5,150,121
CELE_F45E4.13|21ur-14916,0,0
CELE_F45E4.7|nep-16,66,64
CELE_F45E4.16|F45E4.16,0,0
CELE_F45E4.14|21ur-12404,0,0
CELE_F45E4.17|F45E4.17,0,0
CELE_F45E4.6|F45E4.6,51,38
CELE_F45E4.2|plp-1,11872,11229
CELE_F45E4.1|warf-1,125,31
CELE_F45E4.8|nlp-20,427,520
CELE_C08G9.5|C08G9.5,0,0
CELE_C08G9.6|C08G9.6,0,0
CELE_C08G9.8|C08G9.8,0,0
CELE_C08G9.1|C08G9.1,369,502
CELE_C08G9.2|C08G9.2,239,218
CELE_F45E4.9|hmg-5,2915,2765
CELE_F45E4.10|nrde-4,5782,5413
CELE_F45E4.11|cima-1,158,160
CELE_C08G9.10|C08G9.10,0,0
CELE_F33D4.2|itr-1,4426,3562
CELE_C08G9.9|C08G9.9,0,0
CELE_F33D4.12|F33D4.12,0,0
CELE_F33D4.9|21ur-11668,0,0
CELE_F33D4.3|flp-13,331,316
CELE_F33D4.4|F33D4.4,4128,3711
CELE_F33D4.5|mrpl-1,2960,2898
CELE_F33D4.7|emc-6,1288,1140
CELE_C50F7.6|pzls-1,285,231
CELE_F33D4.8|mrps-24,1641,1498
CELE_F33D4.1|nhr-8,1296,1322
CELE_F33D4.6|F33D4.6,1066,342
CELE_C50F7.5|C50F7.5,4611,2303
CELE_C50F7.9|C50F7.9,0,0
CELE_C50F7.13|21ur-13319,0,0
CELE_C50F7.4|sucg-1,6115,5680
CELE_C50F7.1|npr-35,57,76
CELE_C50F7.10|klo-1,1135,1193
CELE_C46A5.13|C46A5.13,0,0
CELE_C46A5.11|21ur-14371,0,0
CELE_C46A5.12|21ur-15050,0,0
CELE_C46A5.14|C46A5.14,0,0
CELE_C46A5.5|dsb-3,768,810
CELE_C46A5.4|C46A5.4,195,105
CELE_C46A5.3|col-14,2339,716
CELE_C46A5.8|rdl-1,73,74
CELE_C46A5.2|del-7,0,0
CELE_C46A5.6|C46A5.6,1040,1122
CELE_C46A5.1|C46A5.1,42,34
CELE_C46A5.9|hcf-1,13033,12977
CELE_C33H5.7|swd-2.2,3796,3656
CELE_C33H5.6|swd-2.1,1916,1695
CELE_C33H5.8|rpap-3,1317,1284
CELE_C33H5.20|21ur-14978,0,1
CELE_C33H5.9|sec-10,2978,2784
CELE_C33H5.19|tag-321,2031,1732
CELE_C33H5.10|tag-322,2193,2490
CELE_C33H5.11|imp-3,3911,3884
CELE_C33H5.12|rsp-6,11411,10234
CELE_C33H5.13|C33H5.13,1351,679
CELE_C33H5.14|ntp-1,2637,2581
CELE_C33H5.15|sgo-1,1946,1804
CELE_C33H5.4|klp-10,2606,2567
CELE_T14A8.4|21ur-15670,0,0
CELE_T14A8.1|ric-3,425,304
CELE_T14A8.2|T14A8.2,178,76
CELE_C33H5.17|zgpa-1,1047,1008
CELE_C33H5.18|cdgs-1,3523,3607
CELE_C06A6.4|C06A6.4,5248,4904
CELE_C06A6.8|21ur-12272,0,0
CELE_C06A6.7|C06A6.7,55,0
CELE_C06A6.3|mvb-12,1615,1654
CELE_C06A6.5|erp-44.2,1687,1350
CELE_C06A6.12|C06A6.12,0,0
CELE_C06A6.13|C06A6.13,0,0
CELE_C06A6.11|C06A6.11,0,0
CELE_C06A6.10|C06A6.10,0,0
CELE_C06A6.2|C06A6.2,1393,1438
CELE_T06C10.4|flp-10,780,844
CELE_T06C10.3|T06C10.3,56,0
CELE_T06C10.6|kin-26,22,0
CELE_C55F2.1|atic-1,1146,1352
CELE_C55F2.3|C55F2.3,0,0
CELE_C55F2.5|21ur-10093,0,0
CELE_C55F2.4|21ur-14878,0,0
CELE_C55F2.2|ilys-4,273,243
CELE_C49H3.8|arp-11,2336,2440
CELE_C49H3.6|cbpl-1,2860,3269
CELE_C49H3.9|npp-27,3334,3275
CELE_C09G4.2|pkg-2,3392,2567
CELE_C09G4.6|21ur-11746,0,0
CELE_Y59H11AL.1|npr-22,77,0
CELE_Y59H11AM.3|mpst-6,115,19
CELE_Y59H11AM.2|mpst-5,114,19
CELE_Y59H11AM.4|Y59H11AM.4,11,0
CELE_C09G4.1|hyl-1,3204,2992
CELE_Y59H11AR.7|21ur-13215,0,0
CELE_Y59H11AR.9|Y59H11AR.9,0,0
CELE_Y59H11AR.8|Y59H11AR.8,0,0
CELE_Y59H11AR.6|Y59H11AR.6,311,291
CELE_Y59H11AR.4|Y59H11AR.4,298,250
CELE_F42A9.18|F42A9.18,0,0
CELE_Y59H11AR.2|catp-7,5390,6215
CELE_F42A9.10|21ur-15295,0,0
CELE_F42A9.5|cyp-33E2,349,426
CELE_F42A9.6|F42A9.6,1681,1672
CELE_F42A9.17|F42A9.17,12,0
CELE_F42A9.4|cyp-33E3,60,123
CELE_F42A9.7|F42A9.7,65,15
CELE_F42A9.3|F42A9.3,12,0
CELE_F42A9.8|F42A9.8,732,654
CELE_F42A9.2|lin-49,4638,4785
CELE_C49C8.3|C49C8.3,255,185
CELE_C49C8.4|cyp-33E1,621,634
CELE_F42A9.15|F42A9.15,0,0
CELE_F42A9.1|dgk-4,8302,7486
CELE_C49C8.1|C49C8.1,66,0
CELE_F08B4.3|F08B4.3,365,379
CELE_C49C8.8|C49C8.8,0,0
CELE_C49C8.5|fdr-1,5657,2067
CELE_C49C8.2|C49C8.2,46,41
CELE_F08B4.2|cdh-5,532,292
CELE_F08B4.8|F08B4.8,217,63
CELE_F08B4.4|nlp-60,9,10
CELE_F08B4.5|pole-2,2833,2873
CELE_F08B4.7|snrp-3,3496,3218
CELE_F08B4.6|hst-1,3007,3300
CELE_H23L24.8|21ur-14550,0,0
CELE_H23L24.3|ttll-11,33,0
CELE_H23L24.5|parg-2,110,0
CELE_H23L24.1|H23L24.1,0,0
CELE_F08B4.1|ints-6,2766,2740
CELE_F21D5.9|F21D5.9,63,62
CELE_F21D5.10|21ur-14823,0,0
CELE_F21D5.1|pgm-3,11545,10352
CELE_F21D5.2|otub-3,7070,6375
CELE_F21D5.3|F21D5.3,1085,773
CELE_F21D5.5|F21D5.5,1736,1941
CELE_F21D5.4|F21D5.4,351,270
CELE_F21D5.8|mrps-33,1021,892
CELE_F21D5.6|F21D5.6,2713,2618
CELE_F21D5.7|F21D5.7,7675,7219
CELE_F20C5.4|cdc-50.B,438,315
CELE_F20C5.5|F20C5.5,73,86
CELE_F20C5.2|klp-11,557,554
CELE_F20C5.1|parg-1,5184,4852
CELE_F20C5.3|elli-1,5306,4595
CELE_F20C5.11|F20C5.11,350,293
CELE_C33D9.13|C33D9.13,416,335
CELE_C33D9.11|21ur-14385,0,0
CELE_F20C5.6|F20C5.6,1025,1143
CELE_C33D9.9|C33D9.9,30,85
CELE_C33D9.6|C33D9.6,1125,1089
CELE_C33D9.5|C33D9.5,475,396
CELE_C33D9.8|C33D9.8,26,39
CELE_C33D9.3|C33D9.3,295,310
CELE_C33D9.1|exc-5,845,992
CELE_C49H3.5|ntl-4,11234,10897
CELE_C49H3.14|C49H3.14,0,0
CELE_F20D12.9|21ur-15510,0,0
CELE_F20D12.7|F20D12.7,0,0
CELE_F20D12.10|F20D12.10,0,0
CELE_F57H12.5|F57H12.5,50,0
CELE_F57H12.10|F57H12.10,0,0
CELE_F57H12.8|21ur-10739,0,0
CELE_Y42H9B.6|Y42H9B.6,0,0
CELE_Y42H9B.8|Y42H9B.8,0,0
CELE_Y42H9B.5|Y42H9B.5,0,0
CELE_Y42H9B.7|Y42H9B.7,0,0
CELE_Y42H9B.10|Y42H9B.10,0,0
CELE_Y42H9B.9|Y42H9B.9,0,0
CELE_C26B2.3|nhr-31,1855,1169
CELE_C26B2.12|C26B2.12,0,0
CELE_C26B2.10|21ur-14765,0,0
CELE_C26B2.9|21ur-8451,0,0
CELE_C26B2.15|C26B2.15,0,0
CELE_C26B2.14|C26B2.14,0,0
CELE_C26B2.11|C26B2.11,0,0
CELE_C26B2.13|C26B2.13,0,0
CELE_C18F3.5|21ur-10726,0,0
CELE_C18F3.8|C18F3.8,0,0
CELE_C18F3.10|C18F3.10,0,0
CELE_C18F3.9|C18F3.9,0,0
CELE_C18F3.6|C18F3.6,0,0
CELE_C18F3.11|C18F3.11,0,0
CELE_C18F3.12|C18F3.12,0,0
CELE_C18F3.2|sax-7,16785,15949
CELE_C18F3.7|C18F3.7,0,0
CELE_Y42H9AL.1|21ur-10187,0,0
CELE_Y42H9AR.6|21ur-14570,0,0
CELE_F42G8.13|21ur-12271,0,0
CELE_F42G8.18|F42G8.18,0,0
CELE_F42G8.14|21ur-13709,0,0
CELE_F42G8.17|mir-4920,0,0
CELE_B0218.9|21ur-10379,0,0
CELE_C07G1.11|C07G1.11,0,0
CELE_C07G1.9|21ur-13368,0,0
CELE_C07G1.10|C07G1.10,0,0
CELE_C07G1.3|pct-1,6606,6119
CELE_C07G1.13|C07G1.13,0,0
CELE_C07G1.12|C07G1.12,0,0
CELE_C07G1.14|C07G1.14,0,0
CELE_C07G1.7|C07G1.7,0,0
CELE_T09A12.3|ocr-2,47,57
CELE_T09A12.6|T09A12.6,0,0
CELE_H09I01.4|H09I01.4,0,0
CELE_H09I01.2|H09I01.2,0,0
CELE_H09I01.3|21ur-13979,0,0
CELE_K07H8.16|K07H8.16,0,0
CELE_K07H8.15|K07H8.15,0,0
CELE_K07H8.14|K07H8.14,0,0
CELE_F35H10.12|F35H10.12,0,0
CELE_F35H10.14|F35H10.14,0,0
CELE_F35H10.13|21ur-14517,0,0
CELE_F35H10.16|F35H10.16,0,0
CELE_F35H10.15|F35H10.15,0,0
CELE_F17E9.8|lgc-6,0,0
CELE_F17E9.17|F17E9.17,0,0
CELE_F17E9.7|lgc-5,0,0
CELE_F17E9.18|F17E9.18,0,0
CELE_F17E9.15|F17E9.15,0,0
CELE_F17E9.16|F17E9.16,0,0
CELE_F17E9.19|F17E9.19,0,0
CELE_D2096.15|21ur-14060,0,0
CELE_T26A8.5|srz-84,0,0
CELE_T26A8.3|T26A8.3,0,0
CELE_T26A8.6|T26A8.6,0,0
CELE_T01B11.9|21ur-12237,0,0
CELE_T01B11.10|linc-135,0,0
CELE_C28C12.11|C28C12.11,88,29
CELE_C28C12.13|sru-7,0,0
CELE_C49H3.4|C49H3.4,478,560
CELE_C49H3.10|xpo-3,6239,5885
CELE_C49H3.16|C49H3.16,26,17
CELE_C49H3.3|C49H3.3,2963,2577
CELE_C49H3.11|rps-2,65373,68468
CELE_C49H3.12|C49H3.12,44,63
CELE_F20D12.3|bbs-2,65,53
CELE_F20D12.5|exc-9,456,406
CELE_F20D12.8|21ur-11636,1,0
CELE_F20D12.4|czw-1,10487,10136
CELE_F20D12.12|F20D12.12,37,53
CELE_F20D12.2|mcm-3AP,5549,5668
CELE_F20D12.6|ceh-19,17,0
CELE_F20D12.1|csr-1,21071,19500
CELE_F57H12.6|F57H12.6,377,69
CELE_F57H12.3|ora-1,85,105
CELE_F57H12.2|unc-24,108,85
CELE_F57H12.1|arf-5,20424,18269
CELE_F57H12.7|mec-17,474,352
CELE_Y42H9B.4|21ur-9006,1,0
CELE_Y42H9B.1|col-115,204,56
CELE_Y42H9B.2|rig-4,7781,8243
CELE_Y42H9B.3|Y42H9B.3,4013,3673
CELE_C26B2.8|C26B2.8,29,0
CELE_C26B2.7|C26B2.7,887,874
CELE_C26B2.6|elpc-4,1721,1536
CELE_C26B2.1|dnc-4,1798,1864
CELE_C26B2.2|C26B2.2,43,17
CELE_C18F3.4|nsy-7,945,845
CELE_Y42H9AR.2|Y42H9AR.2,15,0
CELE_Y42H9AR.5|Y42H9AR.5,57,63
CELE_Y42H9AR.3|rabs-5,1360,1147
CELE_Y42H9AR.4|Y42H9AR.4,4366,4247
CELE_Y42H9AR.1|Y42H9AR.1,3975,4034
CELE_F42G8.9|irld-8,24,21
CELE_F42G8.8|F42G8.8,48,20
CELE_F42G8.15|21ur-8863,1,0
CELE_F42G8.7|erp-44.3,205,310
CELE_F42G8.19|ceph-41,42,30
CELE_F42G8.10|ndub-11,4237,3757
CELE_F42G8.6|moc-3,1536,1416
CELE_F42G8.11|sph-1,864,773
CELE_F42G8.12|isp-1,13392,13164
CELE_F42G8.5|islo-1,183,252
CELE_F42G8.4|pmk-3,899,831
CELE_F42G8.3|pmk-2,464,372
CELE_B0218.3|pmk-1,1291,1262
CELE_B0218.2|faah-2,3193,4921
CELE_B0218.1|faah-1,2347,2205
CELE_B0218.6|clec-51,750,1112
CELE_B0218.7|B0218.7,132,53
CELE_B0218.8|clec-52,1302,1440
CELE_C07G1.15|C07G1.15,13,3
CELE_C07G1.4|wsp-1,4281,4556
CELE_C07G1.8|glrx-22,1235,1129
CELE_C07G1.5|hgrs-1,6992,7166
CELE_C07G1.1|svh-1,61,74
CELE_C07G1.6|C07G1.6,56,20
CELE_T09A12.2|gpx-6,75,49
CELE_T09A12.5|serp-1.2,1754,1819
CELE_T09A12.4|nhr-66,6167,5177
CELE_T09A12.8|T09A12.8,3,0
CELE_T09A12.1|T09A12.1,29,17
CELE_K07H8.7|K07H8.7,45,29
CELE_K07H8.6|vit-6,1321124,1181431
CELE_K07H8.5|K07H8.5,26,0
CELE_K07H8.11|K07H8.11,23,0
CELE_K07H8.12|K07H8.12,64,72
CELE_K07H8.9|K07H8.9,1195,1407
CELE_K07H8.10|nucl-1,30804,29651
CELE_K07H8.3|daf-31,3746,3376
CELE_K07H8.2|K07H8.2,7042,6873
CELE_K07H8.1|tbce-1,2453,2472
CELE_F35H10.7|nprl-3,2695,2606
CELE_F35H10.6|F35H10.6,975,902
CELE_F35H10.5|F35H10.5,561,568
CELE_F35H10.4|vha-5,5487,4373
CELE_F35H10.10|F35H10.10,2393,1440
CELE_F35H10.3|spig-13,50,46
CELE_F35H10.2|nssp-43,81,76
CELE_F35H10.11|his-29,10,15
CELE_F35H10.1|his-30,8,0
CELE_F17E9.11|lys-10,44,335
CELE_F17E9.12|his-31,32,34
CELE_F17E9.10|his-32,149,123
CELE_F17E9.13|his-33,8,6
CELE_F17E9.9|his-34,10,15
CELE_F17E9.5|F17E9.5,424,134
CELE_F17E9.4|F17E9.4,5620,5605
CELE_F17E9.3|F17E9.3,16,13
CELE_F17E9.2|F17E9.2,75,63
CELE_F17E9.1|col-116,266,164
CELE_D2096.13|D2096.13,113,69
CELE_D2096.5|D2096.5,18,20
CELE_D2096.4|sqv-1,6415,6530
CELE_D2096.12|D2096.12,3230,3062
CELE_D2096.3|aagr-1,4827,3957
CELE_D2096.6|D2096.6,312,97
CELE_D2096.7|D2096.7,1410,1392
CELE_D2096.8|nap-1,28195,29250
CELE_D2096.14|D2096.14,2,0
CELE_D2096.2|praf-3,4349,4210
CELE_D2096.9|nssp-44,33,26
CELE_D2096.10|D2096.10,141,126
CELE_D2096.11|D2096.11,2174,2197
CELE_D2096.16|D2096.16,15,22
CELE_D2096.1|timm-17B.2,191,144
CELE_M116.2|M116.2,291,333
CELE_M116.4|sdz-25,474,442
CELE_M116.1|M116.1,480,440
CELE_M116.5|M116.5,3016,3108
CELE_T26A8.2|tmem-231,36,26
CELE_T26A8.4|T26A8.4,5570,5658
CELE_T26A8.1|pdtf-1,5959,5623
CELE_T01B11.2|eppl-1,2231,1328
CELE_T01B11.8|21ur-13958,1,0
CELE_T01B11.3|syx-4,1898,1775
CELE_T01B11.4|ant-1.4,128,25
CELE_T01B11.5|str-176,887,972
CELE_T01B11.7|oat-1,430,220
CELE_C28C12.7|spp-10,14302,12373
CELE_C28C12.8|hlh-12,30,29
CELE_C28C12.5|spp-8,16683,22611
CELE_C28C12.4|srlf-3,229,249
CELE_C28C12.12|C28C12.12,3340,3260
CELE_C28C12.9|acdh-13,2448,2275
CELE_C28C12.2|mesp-1,8924,9685
CELE_C28C12.1|C28C12.1,41,75
CELE_C28C12.10|tag-77,3289,3304
CELE_C09G4.5|mes-6,5230,4862
CELE_C09G4.4|C09G4.4,1478,1493
CELE_C09G4.3|cks-1,7901,7114
CELE_C53B4.12|C53B4.12,0,0
CELE_C53B4.9|C53B4.9,0,0
CELE_C53D6.16|C53D6.16,0,0
CELE_C53B4.8|mltn-12,50,37
CELE_C53D6.18|C53D6.18,0,0
CELE_C53D6.12|C53D6.12,0,0
CELE_C53D6.14|21ur-14941,0,0
CELE_C53D6.2|unc-129,559,486
CELE_C53B4.6|nstp-1,749,831
CELE_C53B4.7|bre-1,2088,1010
CELE_C53D6.11|C53D6.11,143,73
CELE_C53D6.9|srx-15,0,0
CELE_C53D6.3|acc-2,55,34
CELE_C53D6.4|txdc-15,2239,1935
CELE_C53D6.13|21ur-12219,0,0
CELE_C53D6.6|C53D6.6,600,632
CELE_C53D6.10|C53D6.10,39,9
CELE_C53D6.7|C53D6.7,468,436
CELE_Y73F4A.3|Y73F4A.3,308,245
CELE_Y73F4A.2|Y73F4A.2,702,595
CELE_Y73F4A.1|Y73F4A.1,447,340
CELE_ZC410.1|nhr-11,216,147
CELE_ZC410.4|twk-8,410,425
CELE_ZC410.2|mppb-1,2989,2762
CELE_ZC410.3|mans-4,2520,2552
CELE_C01F6.5|aly-1,1751,1639
CELE_F23B2.27|21ur-14566,0,0
CELE_F23B2.31|21ur-9188,0,0
CELE_C01F6.9|znf-706,2892,2652
CELE_C01F6.15|C01F6.15,0,0
CELE_ZC410.5|msa-1,1137,1317
CELE_ZC410.7|lpl-1,1352,1218
CELE_ZC410.10|mrpl-42,2134,1813
CELE_C01F6.8|icln-1,3264,2933
CELE_C01F6.1|cpna-3,4629,4287
CELE_C01F6.2|gldi-10,76,49
CELE_C01F6.3|cyp-31A1,719,498
CELE_C01F6.14|C01F6.14,71,30
CELE_C01F6.4|fem-3,2710,2618
CELE_T28C6.1|grsp-2,494,483
CELE_T11B7.7|linc-97,0,5
CELE_T11B7.3|col-118,994,741
CELE_T11B7.6|T11B7.6,0,0
CELE_C09G9.3|C09G9.3,0,0
CELE_C09G9.9|C09G9.9,0,0
CELE_C09G9.10|21ur-15139,0,0
CELE_C09G9.8|C09G9.8,14,13
CELE_C09G9.5|C09G9.5,31,32
CELE_D1046.8|21ur-15068,0,0
CELE_D1046.10|D1046.10,0,0
CELE_D1046.11|D1046.11,0,0
CELE_D1046.T1|D1046.t1,0,0
CELE_D1046.6|D1046.6,0,3
CELE_D1046.13|D1046.13,0,0
CELE_D1046.12|D1046.12,0,0
CELE_D1046.14|D1046.14,0,0
CELE_D1046.9|21ur-11902,0,0
CELE_D1046.15|D1046.15,0,0
CELE_C53B4.4|pdzd-8,9307,9815
CELE_T28C6.10|T28C6.10,32,44
CELE_T28C6.3|T28C6.3,198,155
CELE_T28C6.5|T28C6.5,51,0
CELE_T28C6.4|col-117,6340,1894
CELE_T28C6.6|col-3,5963,1811
CELE_T28C6.7|T28C6.7,7061,5900
CELE_T28C6.8|T28C6.8,471,365
CELE_T11B7.1|T11B7.1,660,647
CELE_T11B7.2|T11B7.2,59,42
CELE_T11B7.4|alp-1,3139,2034
CELE_T11B7.5|T11B7.5,250,239
CELE_C09G9.1|C09G9.1,5170,5046
CELE_C09G9.2|npp-23,3988,3672
CELE_C09G9.7|npax-4,76,78
CELE_C09G9.6|oma-1,17768,16442
CELE_C27B7.1|spr-2,6400,5896
CELE_C27B7.2|C27B7.2,972,838
CELE_C27B7.4|rad-54.L2,7197,7112
CELE_C27B7.5|egc-2,3813,3447
CELE_C27B7.6|C27B7.6,33,34
CELE_C27B7.7|C27B7.7,557,750
CELE_C27B7.9|C27B7.9,1212,2183
CELE_C27B7.8|rap-1,7113,6630
CELE_D1046.2|D1046.2,2728,2364
CELE_D1046.1|cfim-2,4882,5126
CELE_D1046.3|slc-25A26,1182,1369
CELE_D1046.4|D1046.4,115,87
CELE_D1046.5|tpra-1,1211,1238
CELE_D1046.17|anr-8,209,217
CELE_C53B4.3|C53B4.3,558,477
CELE_C53B4.5|col-119,69294,69971
CELE_C01F6.12|C01F6.12,0,0
CELE_C01F6.11|21ur-14054,0,0
CELE_C01F6.13|C01F6.13,0,0
CELE_C01F6.6|nrfl-1,5028,3125
CELE_F23B2.25|21ur-8552,0,0
CELE_F23B2.21|21ur-14828,0,0
CELE_F23B2.29|21ur-10351,0,0
CELE_F23B2.22|21ur-8153,0,0
CELE_F23B2.24|21ur-5883,0,0
CELE_F23B2.5|flp-1,911,814
CELE_F23B2.4|daf-10,87,76
CELE_F23B2.13|rpb-12,938,788
CELE_F23B2.7|F23B2.7,21,0
CELE_F23B2.10|F23B2.10,0,0
CELE_F23B2.6|aly-2,10588,9835
CELE_F23B2.11|pcp-3,2584,1491
CELE_C46C2.5|C46C2.5,1085,956
CELE_F23B2.12|pcp-2,6367,1966
CELE_C46C2.7|C46C2.7,435,378
CELE_C46C2.6|C46C2.6,0,0
CELE_C46C2.3|C46C2.3,24,18
CELE_C46C2.2|C46C2.2,5073,4583
CELE_Y11D7A.5|Y11D7A.5,75,24
CELE_Y11D7A.3|Y11D7A.3,989,771
CELE_Y11D7A.4|rab-28,68,37
CELE_C46C2.1|wnk-1,16154,17640
CELE_Y11D7A.7|Y11D7A.7,1195,1163
CELE_Y11D7A.9|bus-24,270,90
CELE_Y11D7A.10|Y11D7A.10,1747,1493
CELE_Y11D7A.19|Y11D7A.19,65,58
CELE_Y11D7A.11|col-120,846,233
CELE_Y11D7A.12|flh-1,6546,6524
CELE_Y11D7A.18|srg-52,0,0
CELE_Y11D7A.22|Y11D7A.22,0,0
CELE_Y11D7A.14|nmy-3,148,0
CELE_Y11D7A.13|flh-3,2734,2519
CELE_F49C12.6|F49C12.6,118,118
CELE_F49C12.7|F49C12.7,5022,2451
CELE_T20D3.1|clec-183,0,0
CELE_F49C12.9|F49C12.9,2762,2707
CELE_F49C12.8|rpn-7,15373,14528
CELE_F49C12.10|nemt-1,50,32
CELE_F49C12.11|F49C12.11,7664,6922
CELE_F49C12.12|F49C12.12,3607,3375
CELE_F49C12.13|vha-17,4704,3819
CELE_F49C12.14|nspg-11,406,246
CELE_F49C12.15|F49C12.15,623,237
CELE_T20D3.12|T20D3.12,0,0
CELE_T20D3.13|T20D3.13,0,0
CELE_T20D3.3|coa-4,1279,1244
CELE_T20D3.14|T20D3.14,1043,1120
CELE_T20D3.2|nspg-7.1,24488,12386
CELE_C10C5.2|fbxc-58,170,182
CELE_C10C5.7|nssp-45,37,59
CELE_C10C5.3|C10C5.3,198,266
CELE_C10C5.4|C10C5.4,646,1090
CELE_C10C5.5|C10C5.5,164,234
CELE_C10C5.11|C10C5.11,0,0
CELE_C10C5.10|C10C5.10,0,0
CELE_T20D3.5|slc-25A51,2309,2125
CELE_T20D3.6|T20D3.6,1323,1099
CELE_T20D3.7|vps-26,3673,3685
CELE_T20D3.8|pigc-1,1837,1867
CELE_C10C5.1|pezo-1,7236,3745
CELE_F56D5.3|F56D5.3,393,92
CELE_C10C5.6|daf-15,8902,9041
CELE_F56D5.1|col-121,987,786
CELE_F56D5.11|21ur-13782,0,0
CELE_F56D5.6|F56D5.6,2213,1863
CELE_F56D5.4|F56D5.4,1611,1727
CELE_F56D5.5|F56D5.5,297,339
CELE_F38E11.9|F38E11.9,251,182
CELE_F38E11.1|hsp-12.3,182,202
CELE_F38E11.17|21ur-14949,0,0
CELE_F38E11.2|hsp-12.6,197,193
CELE_F38E11.4|cutl-17,76,0
CELE_F38E11.3|cpin-1,335,261
CELE_F59B8.1|F59B8.1,0,28
CELE_F59B8.3|21ur-11607,0,0
CELE_F59B8.4|21ur-12821,0,0
CELE_F59B8.2|idh-1,21993,17872
CELE_F59B8.5|F59B8.5,3,4
CELE_F38E11.21|F38E11.21,0,0
CELE_F38E11.14|F38E11.14,0,0
CELE_F38E11.16|21ur-13951,0,0
CELE_F38E11.15|21ur-12874,0,0
CELE_F38E11.8|F38E11.8,0,0
CELE_F38E11.7|wrt-3,95,67
CELE_C33A12.12|gadr-2,259,234
CELE_C33A12.15|ttr-9,13,12
CELE_C33A12.16|C33A12.16,0,0
CELE_C33A12.6|ugt-21,247,55
CELE_C33A12.7|ethe-1,514,554
CELE_F38E11.25|F38E11.25,0,0
CELE_F38E11.19|21ur-15312,0,0
CELE_F38E11.6|F38E11.6,44,32
CELE_F38E11.23|F38E11.23,0,0
CELE_F38E11.20|21ur-8878,0,0
CELE_F38E11.18|21ur-9185,0,0
CELE_F38E11.5|copb-2,16040,15499
CELE_C33A12.4|C33A12.4,217,266
CELE_C33A12.3|C33A12.3,3035,3178
CELE_C33A12.21|smy-2,3,5
CELE_C33A12.22|smy-1,3,4
CELE_C33A12.19|C33A12.19,751,531
CELE_C33A12.2|nlp-35,101,111
CELE_C33A12.1|ndua-5,3544,3101
CELE_F56H11.3|elo-7,31,0
CELE_F56H11.2|F56H11.2,126,114
CELE_T05A1.5|T05A1.5,0,0
CELE_T05A1.17|T05A1.17,0,0
CELE_F56H11.1|fbl-1,786,670
CELE_T05A1.9|21ur-10113,0,0
CELE_T05A1.11|21ur-12747,0,0
CELE_F56H11.8|F56H11.8,0,0
CELE_F56H11.6|F56H11.6,0,0
CELE_F56H11.4|elo-1,11857,10241
CELE_T05A1.1|npr-2,48,72
CELE_T05A1.15|21ur-11101,0,0
CELE_T05A1.16|T05A1.16,0,0
CELE_T05A1.13|21ur-7023,0,0
CELE_T05A1.3|lron-14,72,69
CELE_T05A1.14|21ur-9476,1,0
CELE_T05A1.2|col-122,55970,67471
CELE_F27C8.5|pei-1,71,0
CELE_F27C8.6|trcs-1,23707,22436
CELE_F27C8.10|21ur-12906,0,0
CELE_F27C8.2|F27C8.2,55,38
CELE_F27C8.1|aat-1,741,615
CELE_F27C8.4|spp-18,7436,5751
CELE_W09C2.7|W09C2.7,17,8
CELE_W09C2.9|W09C2.9,6,0
CELE_W09C2.8|W09C2.8,0,0
CELE_W09C2.1|elt-1,1317,1391
CELE_W09C2.6|21ur-15550,0,0
CELE_F58G6.6|del-2,58,42
CELE_W09C2.13|W09C2.13,0,0
CELE_W09C2.3|mca-1,8381,8930
CELE_F58G6.2|srm-3,0,0
CELE_F58G6.9|chca-1,88,59
CELE_F58G6.3|F58G6.3,64,63
CELE_F58G6.7|F58G6.7,154,115
CELE_F58G6.8|degl-2,9,0
CELE_F58G6.1|amph-1,2332,2211
CELE_F58G6.4|acc-1,36,0
CELE_F58G6.10|21ur-15181,0,0
CELE_ZK1251.13|21ur-15257,1,1
CELE_ZK1251.14|ZK1251.14,0,0
CELE_ZK1251.2|ins-7,134,66
CELE_ZK1251.1|htas-1,62,19
CELE_ZK1251.3|ZK1251.3,16,0
CELE_ZK1251.5|ZK1251.5,35,15
CELE_F58G6.12|21ur-14817,0,0
CELE_F58G6.11|21ur-13186,0,0
CELE_ZK1251.15|ZK1251.15,0,0
CELE_F58G6.5|nhr-34,1448,1464
CELE_ZK1251.12|21ur-12950,1,0
CELE_ZK1251.7|sdz-36,42,22
CELE_ZK1251.6|msp-76,569,179
CELE_K01H12.2|ant-1.3,123,57
CELE_K01H12.1|dph-3,738,753
CELE_K01H12.4|K01H12.4,93,28
CELE_ZK1251.8|twk-9,66,42
CELE_K01H12.6|anr-11,0,0
CELE_ZK1251.9|dcaf-1,5104,4900
CELE_C28D4.9|nhr-138,748,705
CELE_C28D4.17|C28D4.17,4,4
CELE_C28D4.1|nhr-100,697,670
CELE_C28D4.2|cka-1,2512,2567
CELE_C28D4.8|C28D4.8,0,0
CELE_C28D4.4|C28D4.4,0,0
CELE_C28D4.7|C28D4.7,66,19
CELE_C28D4.5|C28D4.5,93,36
CELE_T13F2.12|ssp-36,15,0
CELE_T13F2.10|msp-79,398,151
CELE_T13F2.9|T13F2.9,355,106
CELE_C28D4.13|21ur-12235,0,0
CELE_H27C11.1|nhr-97,3576,2736
CELE_C28D4.10|C28D4.10,22,0
CELE_C28D4.3|gln-6,39807,34832
CELE_F32B6.7|ssp-32,22,0
CELE_F32B6.9|best-13,560,347
CELE_F32B6.8|tbc-3,5381,4712
CELE_F25H8.18|F25H8.18,0,0
CELE_F25H8.22|F25H8.22,0,0
CELE_F25H8.11|F25H8.11,0,0
CELE_F25H8.13|F25H8.13,0,0
CELE_F25H8.15|F25H8.15,0,0
CELE_F25H8.17|F25H8.17,0,0
CELE_F25H8.12|F25H8.12,0,0
CELE_F25H8.8|F25H8.8,0,0
CELE_F25H8.5|dur-1,735,661
CELE_F25H8.6|bed-3,442,301
CELE_F25H8.1|trmt-10A,1899,1855
CELE_F25H8.2|F25H8.2,2366,2231
CELE_T13H10.2|gtnt-44,25,32
CELE_F25H8.7|spe-29,0,0
CELE_T13H10.13|T13H10.13,0,0
CELE_T13H10.15|T13H10.15,0,0
CELE_T13H10.9|T13H10.9,0,0
CELE_T13H10.3|21ur-14873,0,0
CELE_T13H10.11|T13H10.11,0,0
CELE_T13H10.8|T13H10.8,0,0
CELE_T13H10.10|T13H10.10,0,0
CELE_T13H10.4|T13H10.4,0,0
CELE_T13H10.6|T13H10.6,0,0
CELE_T13H10.14|T13H10.14,0,0
CELE_T13H10.12|T13H10.12,0,0
CELE_F25H8.3|gon-1,1397,895
CELE_C47E12.11|C47E12.11,32,0
CELE_T13H10.1|kin-5,68,36
CELE_C47E12.15|21ur-13674,0,0
CELE_C47E12.10|C47E12.10,0,0
CELE_C47E12.12|C47E12.12,28,11
CELE_C47E12.9|C47E12.9,63,59
CELE_C47E12.8|dhp-2,1109,769
CELE_C47E12.7|rrp-1,1905,1831
CELE_T13F2.14|21ur-10119,0,0
CELE_T13F2.15|21ur-9485,0,0
CELE_T13F2.13|21ur-8989,0,0
CELE_W08D2.3|dct-15,0,0
CELE_W08D2.13|W08D2.13,0,0
CELE_W08D2.11|W08D2.11,0,0
CELE_W08D2.14|mir-4934,0,2
CELE_K07F5.7|K07F5.7,0,0
CELE_K07F5.20|K07F5.20,0,0
CELE_K07F5.19|21ur-11056,0,0
CELE_K07F5.21|K07F5.21,0,0
CELE_F32B6.12|21ur-13999,0,0
CELE_F32B6.10|ttbk-3,31,0
CELE_T13F2.11|msp-78,451,174
CELE_T13F2.8|cav-1,11682,11596
CELE_T13F2.7|sna-2,6683,6454
CELE_T13F2.6|T13F2.6,9201,8776
CELE_T13F2.3|pis-1,4335,4375
CELE_T13F2.2|T13F2.2,3328,3199
CELE_T13F2.1|fat-4,15087,13612
CELE_W08D2.4|fat-3,5837,5858
CELE_W08D2.1|egl-20,310,243
CELE_W08D2.5|catp-6,6072,5298
CELE_W08D2.12|W08D2.12,3,3
CELE_W08D2.6|col-123,191,19
CELE_W08D2.7|mtr-4,6353,6039
CELE_W08D2.9|W08D2.9,7,0
CELE_K07F5.1|msp-81,637,228
CELE_K07F5.2|msp-10,267,100
CELE_K07F5.3|msp-56,508,206
CELE_K07F5.5|nspd-2,411,88
CELE_K07F5.6|K07F5.6,54,0
CELE_K07F5.9|ssp-10,126,79
CELE_K07F5.11|ssq-1,689,243
CELE_K07F5.12|K07F5.12,859,812
CELE_K07F5.13|npp-1,6531,6048
CELE_K07F5.14|K07F5.14,2176,2117
CELE_K07F5.16|K07F5.16,232,187
CELE_K07F5.15|K07F5.15,3415,2937
CELE_K07F5.22|K07F5.22,162,125
CELE_F32B6.1|nhr-4,1232,1017
CELE_F32B6.3|prp-18,1798,1426
CELE_F32B6.2|mccc-1,7381,6423
CELE_F32B6.4|F32B6.4,133,18
CELE_F32B6.5|sss-1,395,121
CELE_F32B6.6|msp-77,384,118
CELE_C47E12.16|C47E12.16,0,0
CELE_C47E12.18|C47E12.18,0,0
CELE_C47E12.6|mam-2,170,0
CELE_C47E12.5|uba-1,37077,33470
CELE_F44D12.17|F44D12.17,0,0
CELE_F44D12.18|F44D12.18,2,0
CELE_F44D12.3|msd-1,165,77
CELE_F44D12.8|F44D12.8,41,0
CELE_F44D12.15|21ur-11264,0,0
CELE_F44D12.13|21ur-13164,0,0
CELE_F44D12.9|ent-7,354,327
CELE_F44D12.1|magu-4,1499,1348
CELE_F44D12.2|F44D12.2,515,439
CELE_F44D12.4|gipc-2,785,222
CELE_F44D12.16|F44D12.16,231,59
CELE_F44D12.5|msd-2,126,35
CELE_F44D12.6|F44D12.6,14,0
CELE_F44D12.7|msd-3,142,68
CELE_F44D12.11|F44D12.11,19,0
CELE_T04B2.1|T04B2.1,0,0
CELE_T04B2.6|dhs-31,124,153
CELE_T04B2.2|frk-1,56,0
CELE_T04B2.8|T04B2.8,0,0
CELE_T04B2.9|T04B2.9,0,0
CELE_T04B2.3|T04B2.3,108,133
CELE_T04B2.7|T04B2.7,44,0
CELE_C47E12.13|C47E12.13,54,10
CELE_C47E12.4|pyp-1,10477,8208
CELE_C47E12.3|C47E12.3,3005,2700
CELE_C47E12.2|C47E12.2,2567,2415
CELE_C47E12.1|sars-1,10948,10509
CELE_T04B2.5|ipla-7,2145,2235
CELE_W01B6.4|W01B6.4,7,0
CELE_W01B6.2|ttbk-4,95,28
CELE_W01B6.1|cwn-2,533,439
CELE_W01B6.6|W01B6.6,30,18
CELE_W01B6.14|21ur-14258,0,0
CELE_W01B6.15|W01B6.15,0,0
CELE_W01B6.7|col-2,306,212
CELE_W01B6.13|21ur-14295,1,0
CELE_C04G2.2|ttbk-5,66,31
CELE_C04G2.3|C04G2.3,86,27
CELE_C04G2.5|C04G2.5,25,0
CELE_C04G2.4|msp-36,547,140
CELE_C04G2.1|ttr-39,123,137
CELE_W01B6.9|ndc-80,5967,5694
CELE_C04G2.7|egl-38,88,82
CELE_C04G2.8|spch-1,301,89
CELE_C04G2.6|dis-3,5155,5231
CELE_C04G2.10|C04G2.10,230,159
CELE_C04G2.9|nsph-3.2,826,321
CELE_C04G2.14|C04G2.14,205,100
CELE_K08F4.5|K08F4.5,32,0
CELE_K08F4.12|K08F4.12,10,9
CELE_K08F4.11|gst-3,56,18
CELE_K08F4.8|msp-38,235,53
CELE_K08F4.15|K08F4.15,0,0
CELE_K08F4.6|gst-2,31,11
CELE_K08F4.7|gst-4,809,357
CELE_K08F4.1|ctf-18,5677,5444
CELE_K08F4.2|gtbp-1,20950,21089
CELE_K08F4.3|K08F4.3,4264,3788
CELE_K08F4.4|glt-3,232,256
CELE_T14G10.8|T14G10.8,197,179
CELE_T14G10.10|T14G10.10,0,0
CELE_K08F4.9|dhs-12,2210,1987
CELE_T14G10.7|pigs-1,4274,4315
CELE_T14G10.6|tsp-12,4740,4620
CELE_K04D7.4|ptrg-1,300,371
CELE_K04D7.13|K04D7.13,0,0
CELE_K04D7.12|K04D7.12,0,0
CELE_K04D7.11|K04D7.11,0,0
CELE_K04D7.16|K04D7.16,0,0
CELE_K04D7.14|K04D7.14,0,0
CELE_K04D7.3|gta-1,11414,9249
CELE_K04D7.5|gon-4,6150,6091
CELE_T14G10.9|T14G10.9,0,0
CELE_K04D7.9|K04D7.9,0,0
CELE_K04D7.10|K04D7.10,0,0
CELE_K04D7.8|K04D7.8,0,0
CELE_T14G10.5|copg-1,11751,10927
CELE_T14G10.4|ttr-54,365,354
CELE_T14G10.3|ttr-53,1620,1552
CELE_T14G10.1|pps-1,4246,3220
CELE_T14G10.2|pxf-1,7315,8147
CELE_K04D7.17|K04D7.17,5,6
CELE_K04D7.1|rack-1,66350,79316
CELE_K04D7.2|mspn-1,3577,3290
CELE_F01G10.5|F01G10.5,68,0
CELE_F01G10.4|F01G10.4,0,0
CELE_C24F3.2|C24F3.2,973,839
CELE_C24F3.3|nas-12,53,0
CELE_F01G10.6|F01G10.6,40,17
CELE_F01G10.11|F01G10.11,0,0
CELE_F01G10.3|ech-9,986,536
CELE_F01G10.21|linc-119,0,0
CELE_F01G10.2|ech-8,1142,993
CELE_F01G10.7|lipl-7,1210,1084
CELE_C24F3.5|abt-1,82,0
CELE_K04D7.6|K04D7.6,33,0
CELE_C24F3.4|qns-1,5180,4712
CELE_C24F3.6|col-124,44433,30835
CELE_C24F3.1|tram-1,7043,5971
CELE_Y43C5A.1|nspd-7,266,101
CELE_F01G10.8|daf-14,836,692
CELE_F01G10.9|F01G10.9,182,146
CELE_F01G10.1|tkt-1,19097,17918
CELE_F01G10.10|F01G10.10,194,158
CELE_Y43C5A.3|Y43C5A.3,1246,1226
CELE_Y43C5A.2|Y43C5A.2,9123,7317
CELE_Y43C5A.9|21ur-14358,0,0
CELE_Y43C5A.7|nssp-46,45,31
CELE_Y43C5A.4|Y43C5A.4,27,0
CELE_Y43C5A.5|thk-1,3533,3071
CELE_Y43C5A.6|rad-51,4209,3963
CELE_R09E10.13|R09E10.13,30,82
CELE_R09E10.7|ebax-1,4066,4041
CELE_R09E10.6|R09E10.6,785,236
CELE_R09E10.16|R09E10.16,0,0
CELE_R09E10.9|R09E10.9,0,0
CELE_R09E10.15|R09E10.15,0,0
CELE_R09E10.T1|R09E10.t1,0,0
CELE_R09E10.11|21ur-11419,0,0
CELE_R09E10.3|acs-18,81,40
CELE_R09E10.2|R09E10.2,36,10
CELE_R09E10.14|R09E10.14,0,0
CELE_R09E10.5|R09E10.5,2043,1496
CELE_Y43C5B.2|Y43C5B.2,21,0
CELE_Y43C5B.3|Y43C5B.3,89,43
CELE_R11A8.1|R11A8.1,1072,981
CELE_K11E8.1|unc-43,5477,4926
CELE_Y43C5B.4|21ur-14024,0,0
CELE_R09E10.1|R09E10.1,66,58
CELE_K11E8.7|K11E8.7,9,0
CELE_R11A8.2|gkow-1,4037,3821
CELE_R11A8.4|sir-2.1,4805,4775
CELE_R11A8.5|pges-2,3934,3675
CELE_R11A8.6|iars-1,12676,12336
CELE_R11A8.8|mpz-5,49,26
CELE_R10H10.4|R10H10.4,6,13
CELE_R10H10.5|gpa-7,310,288
CELE_R10H10.6|rfk-1,517,411
CELE_R10H10.9|21ur-13277,0,0
CELE_R11A8.7|mask-1,16425,15975
CELE_R10H10.1|nfu-1,2419,2469
CELE_R10H10.3|R10H10.3,4887,3890
CELE_R10H10.2|spe-26,157,54
CELE_R10H10.7|R10H10.7,2780,2748
CELE_F13B12.6|F13B12.6,4749,5055
CELE_F13B12.12|F13B12.12,0,0
CELE_F13B12.2|F13B12.2,178,193
CELE_F13B12.5|ins-1,145,91
CELE_F13B12.10|21ur-14374,0,0
CELE_F01D4.8|cyts-1,62,46
CELE_F13B12.7|F13B12.7,0,0
CELE_F13B12.3|F13B12.3,55,0
CELE_F13B12.4|F13B12.4,93,36
CELE_F01D4.6|mec-3,21,51
CELE_F01D4.1|ugt-43,94,106
CELE_F13B12.13|F13B12.13,0,0
CELE_F13B12.1|F13B12.1,9662,8919
CELE_F01D4.2|ugt-44,2992,2776
CELE_F01D4.3|F01D4.3,28,0
CELE_F01D4.4|egl-21,3143,2927
CELE_F01D4.5|F01D4.5,1261,1272
CELE_C02F4.12|C02F4.12,0,0
CELE_C02F4.7|21ur-15121,0,0
CELE_C02F4.4|C02F4.4,88,66
CELE_C02F4.5|C02F4.5,0,0
CELE_T07G12.16|21ur-8249,0,0
CELE_T07G12.1|cal-4,111,46
CELE_T07G12.18|21ur-12634,0,0
CELE_T07G12.3|T07G12.3,100,55
CELE_T07G12.5|svct-1,976,2551
CELE_C02F4.11|C02F4.11,0,0
CELE_C02F4.1|ced-5,6166,5943
CELE_C02F4.2|tax-6,5094,6070
CELE_C43F9.12|21ur-14629,1,0
CELE_C43F9.8|efn-2,361,411
CELE_C43F9.13|21ur-14652,0,0
CELE_C43F9.9|lgc-43,199,142
CELE_C43F9.11|C43F9.11,14,0
CELE_R09H10.1|R09H10.1,0,0
CELE_C43F9.4|C43F9.4,0,0
CELE_C43F9.5|C43F9.5,24,17
CELE_C43F9.6|nkb-2,103,0
CELE_C43F9.7|nssp-47,24,31
CELE_T07G12.6|zim-1,3390,3314
CELE_T07G12.12|him-8,2325,2102
CELE_T07G12.14|T07G12.14,5,0
CELE_T07G12.8|T07G12.8,238,243
CELE_T07G12.10|zim-2,2561,2524
CELE_T07G12.11|zim-3,2180,2106
CELE_R09H10.2|R09H10.2,142,89
CELE_R09H10.9|21ur-12290,0,0
CELE_R09H10.10|21ur-14756,0,0
CELE_R09H10.3|R09H10.3,2344,1616
CELE_F56C4.2|F56C4.2,0,0
CELE_F56C4.6|21ur-13774,0,0
CELE_F56C4.3|glb-19,60,24
CELE_K08C7.10|K08C7.10,0,0
CELE_K08C7.9|K08C7.9,0,0
CELE_K08C7.1|K08C7.1,389,390
CELE_K08C7.2|fmo-1,662,1439
CELE_K08C7.7|K08C7.7,49,42
CELE_R09H10.4|ptr-14,460,365
CELE_R09H10.7|R09H10.7,38,26
CELE_R09H10.5|R09H10.5,20503,9324
CELE_F56C4.4|F56C4.4,207,125
CELE_R102.1|R102.1,17,36
CELE_K08C7.6|K08C7.6,462,302
CELE_R102.3|R102.3,0,0
CELE_R102.15|R102.15,0,0
CELE_R102.2|R102.2,1153,925
CELE_K08C7.3|epi-1,10544,6073
CELE_R102.7|R102.7,0,0
CELE_R102.11|R102.11,59,25
CELE_R102.6|R102.6,82,71
CELE_R102.10|R102.10,34,20
CELE_ZC168.2|ZC168.2,54,35
CELE_ZC168.1|ncx-3,1478,1453
CELE_R102.4|R102.4,2691,1213
CELE_R102.12|21ur-12981,0,0
CELE_R102.5|allo-1,7249,7282
CELE_ZC168.3|orc-5,3266,3435
CELE_ZC168.5|grl-21,184,36
CELE_ZC168.6|ssp-34,132,45
CELE_T25B9.5|T25B9.5,0,0
CELE_T25B9.3|T25B9.3,62,53
CELE_T25B9.1|T25B9.1,560,305
CELE_T25B9.4|T25B9.4,34,0
CELE_T25B9.6|T25B9.6,42,0
CELE_T25B9.13|T25B9.13,0,0
CELE_T25B9.7|ugt-54,597,574
CELE_T25B9.11|T25B9.11,20,19
CELE_ZC168.4|cyb-1,15381,15516
CELE_T25B9.8|T25B9.8,780,888
CELE_C06G8.7|21ur-12963,0,0
CELE_C06G8.1|swt-3,689,428
CELE_T25B9.10|inpp-1,70,69
CELE_T25B9.9|T25B9.9,11158,8241
CELE_C06G8.2|pept-2,1186,934
CELE_C06G8.3|zipt-2.1,970,1070
CELE_R13.3|best-15,223,220
CELE_R13.2|npax-3,0,18
CELE_R13.9|R13.9,0,0
CELE_R13.4|miz-1,4185,4437
CELE_T11G6.7|T11G6.7,0,0
CELE_T11G6.11|T11G6.11,3,4
CELE_T11G6.4|T11G6.4,490,335
CELE_T11G6.10|mir-4924,0,0
CELE_T11G6.5|T11G6.5,6162,6391
CELE_T11G6.2|T11G6.2,1386,1207
CELE_T11G6.12|mir-8208,0,0
CELE_T11G6.3|T11G6.3,296,330
CELE_F13E9.3|fipr-15,0,0
CELE_F13E9.6|sdz-13,31,22
CELE_F13E9.13|F13E9.13,143,171
CELE_F13E9.5|F13E9.5,29,0
CELE_F13E9.15|nssp-49,292,440
CELE_ZK596.5|ZK596.5,0,0
CELE_ZK596.4|ZK596.4,0,0
CELE_ZK596.3|bus-10,32,21
CELE_ZK596.1|srlf-30,953,742
CELE_ZK596.2|ZK596.2,51,0
CELE_ZK593.12|mir-2210,0,0
CELE_ZK593.2|ZK593.2,154,183
CELE_ZK593.3|ZK593.3,96,85
CELE_T11G6.1|hars-1,6329,5925
CELE_T11G6.8|rbm-22,7651,7329
CELE_F13E9.1|nish-1,3987,3672
CELE_F13E9.11|F13E9.11,1581,1378
CELE_F13E9.12|nssp-48,15,8
CELE_ZK593.1|pyk-2,2732,2172
CELE_ZK593.9|ZK593.9,58,0
CELE_Y69E1A.1|Y69E1A.1,327,100
CELE_ZK593.8|fic-1,3240,3237
CELE_Y69E1A.2|nsph-3.1,480,180
CELE_Y69E1A.3|Y69E1A.3,25,0
CELE_Y69E1A.4|Y69E1A.4,20,0
CELE_Y69E1A.5|Y69E1A.5,785,689
CELE_Y69E1A.6|sri-19,0,0
CELE_Y69E1A.7|aqp-3,69,42
CELE_Y69E1A.14|Y69E1A.14,0,0
CELE_Y69E1A.8|Y69E1A.8,40,0
CELE_ZK593.4|rbr-2,6520,6611
CELE_ZK593.5|dnc-1,7901,7676
CELE_ZK593.7|lsm-7,2077,1478
CELE_ZK593.6|lgg-2,7071,8121
CELE_Y43E12A.2|Y43E12A.2,949,1153
CELE_F13H10.5|F13H10.5,208,123
CELE_Y43E12A.3|Y43E12A.3,1051,1122
CELE_F13H10.1|F13H10.1,0,14
CELE_F13H10.9|F13H10.9,41,43
CELE_Y43E12A.1|cyb-2.1,7654,7341
CELE_F13H10.6|F13H10.6,836,827
CELE_F13H10.2|ndx-9,2214,1969
CELE_F13H10.3|F13H10.3,4147,3923
CELE_C08F8.4|mboa-4,85,50
CELE_C08F8.15|C08F8.15,47,63
CELE_C08F8.12|C08F8.12,0,0
CELE_C08F8.5|fbxb-9,52,38
CELE_C08F8.6|C08F8.6,118,42
CELE_C08F8.10|C08F8.10,0,0
CELE_C08F8.8|nhr-67,174,144
CELE_C08F8.3|C08F8.3,4598,4418
CELE_C08F8.7|rap-3,88,69
CELE_C08F8.9|C08F8.9,553,363
CELE_R07H5.4|sdz-27,1661,1550
CELE_R07H5.16|R07H5.16,0,0
CELE_R07H5.11|R07H5.11,445,413
CELE_R07H5.2|cpt-2,9508,8668
CELE_R07H5.1|prx-14,2778,2622
CELE_R07H5.3|nuaf-3,932,917
CELE_R07H5.10|zip-6,0,0
CELE_R07H5.9|R07H5.9,50,62
CELE_R07H5.8|adk-1,11450,10002
CELE_C05C12.6|C05C12.6,18,57
CELE_C05C12.10|C05C12.10,0,0
CELE_C29F4.6|21ur-14670,0,0
CELE_C29F4.1|col-125,3920,1177
CELE_C29F4.2|best-7,876,463
CELE_C05C12.4|C05C12.4,1743,1715
CELE_C05C12.5|C05C12.5,50,25
CELE_F54D1.1|F54D1.1,41,20
CELE_F54D1.2|col-126,386,231
CELE_C05C12.3|gtl-1,2233,2191
CELE_C05C12.1|C05C12.1,42,0
CELE_F54D1.4|nhr-7,117,168
CELE_F54D1.3|col-127,385,119
CELE_F54D1.13|21ur-12489,0,0
CELE_F54D1.12|21ur-12986,0,0
CELE_F54D1.15|21ur-11320,0,0
CELE_F54D1.14|21ur-10898,0,0
CELE_F54D1.16|21ur-15560,0,0
CELE_F54D1.5|gtl-2,177,158
CELE_F54D1.6|F54D1.6,3517,3271
CELE_F36H1.7|mir-51,0,0
CELE_F36H1.17|F36H1.17,0,0
CELE_F36H1.8|mir-53,0,0
CELE_F36H1.14|F36H1.14,0,0
CELE_F36H1.16|F36H1.16,0,0
CELE_F36H1.4|lin-3,3056,3032
CELE_Y5F2A.3|Y5F2A.3,0,0
CELE_M7.15|M7.15,0,0
CELE_M7.14|M7.14,0,0
CELE_M7.13|str-3,0,0
CELE_M7.9|srlf-18,0,0
CELE_M7.10|srlf-17,0,0
CELE_T05E11.7|T05E11.7,0,0
CELE_T05E11.10|T05E11.10,0,0
CELE_F01G4.7|anr-13,0,0
CELE_C08F8.13|C08F8.13,0,0
CELE_F13H10.4|mogs-1,8051,7302
CELE_F13H10.11|F13H10.11,3,0
CELE_F13H10.8|F13H10.8,2374,1744
CELE_F36H1.6|alh-3,8751,8445
CELE_F36H1.5|hrg-4,93,45
CELE_F36H1.15|F36H1.15,4,0
CELE_F36H1.10|hrg-6,67,23
CELE_F36H1.13|F36H1.13,3,0
CELE_F36H1.1|fkb-1,4949,3849
CELE_F36H1.2|kdin-1,6134,5532
CELE_F36H1.11|F36H1.11,39,14
CELE_F36H1.3|F36H1.3,47,0
CELE_Y5F2A.1|ttr-16,13552,11820
CELE_Y5F2A.2|ttr-17,2411,2332
CELE_Y5F2A.4|Y5F2A.4,2424,2354
CELE_M7.5|atg-7,3295,3505
CELE_M7.1|let-70,25408,25062
CELE_M7.2|klc-1,7710,6882
CELE_M7.3|bcc-1,156,172
CELE_M7.7|M7.7,40,0
CELE_M7.8|M7.8,247,321
CELE_M7.12|M7.12,173,147
CELE_T05E11.8|srlf-24,99,92
CELE_T05E11.9|T05E11.9,5136,4789
CELE_T05E11.6|pigk-1,2110,1912
CELE_T05E11.1|rps-5,43605,40600
CELE_T05E11.2|clc-9,111,54
CELE_T05E11.5|imp-2,13615,11558
CELE_T05E11.3|enpl-1,41164,34049
CELE_T05E11.4|spo-11,2060,1707
CELE_F01G4.1|swsn-4,18913,17519
CELE_F01G4.2|ard-1,5798,5320
CELE_F01G4.3|skih-2,4019,4169
CELE_F01G4.4|F01G4.4,3229,2783
CELE_F01G4.5|pigq-1,966,943
CELE_F01G4.6|F01G4.6,41537,42218
CELE_C08F8.1|pfd-1,3028,2597
CELE_C08F8.2|C08F8.2,2926,2629
CELE_B0035.20|B0035.20,0,0
CELE_B0035.14|dnj-1,4513,4371
CELE_B0035.16|mttu-1,450,437
CELE_B0035.15|B0035.15,1604,1384
CELE_B0035.13|B0035.13,4212,4942
CELE_B0035.1|znf-207,6541,6836
CELE_B0035.2|dnj-2,2384,2187
CELE_B0035.3|B0035.3,3143,2775
CELE_B0035.22|B0035.22,4,1
CELE_B0035.4|pfd-4,2879,2314
CELE_B0035.5|gspd-1,4362,3718
CELE_B0035.7|his-47,57,53
CELE_B0035.8|his-48,146,198
CELE_B0035.9|his-46,100,120
CELE_B0035.18|B0035.18,756,785
CELE_B0035.6|edg-1,4549,4302
CELE_F54E12.5|his-57,97,98
CELE_T01G1.5|T01G1.5,0,0
CELE_T01G1.6|T01G1.6,0,0
CELE_T01G1.7|T01G1.7,0,0
CELE_B0035.10|his-45,89,86
CELE_B0035.21|B0035.21,7,0
CELE_B0035.11|leo-1,5660,5316
CELE_B0035.12|sart-3,7551,7075
CELE_F54E12.2|F54E12.2,16141,15241
CELE_F54E12.1|his-55,103,102
CELE_F54E12.3|his-56,110,141
CELE_F54E12.4|his-58,177,228
CELE_T01G1.1|klp-12,8848,8148
CELE_T01G1.2|T01G1.2,181,239
CELE_T01G1.4|T01G1.4,1532,1607
CELE_T01G1.3|sec-31,8163,8564
CELE_H02I12.3|tag-89,71,90
CELE_H02I12.4|dsl-6,383,341
CELE_H02I12.6|his-66,184,239
CELE_H02I12.7|his-65,91,91
CELE_H02I12.9|21ur-12556,0,0
CELE_H02I12.5|memi-3,6235,5434
CELE_F22B3.1|his-64,97,85
CELE_H02I12.8|cyp-31A2,5179,5043
CELE_F22B3.2|his-63,124,89
CELE_H02I12.1|cbd-1,98492,97953
CELE_F22B3.8|F22B3.8,26,0
CELE_F22B3.4|gfat-2,39899,36837
CELE_C10C6.3|C10C6.3,0,0
CELE_C10C6.2|npr-3,54,28
CELE_C10C6.7|C10C6.7,95,129
CELE_C10C6.9|C10C6.9,357,397
CELE_C10C6.1|kin-4,14171,13861
CELE_F22B3.11|21ur-11997,0,0
CELE_F22B3.14|F22B3.14,0,0
CELE_F22B3.21|F22B3.21,0,0
CELE_F22B3.12|F22B3.12,0,0
CELE_F22B3.17|F22B3.17,0,0
CELE_F22B3.16|F22B3.16,0,0
CELE_F22B3.18|F22B3.18,0,0
CELE_F22B3.20|F22B3.20,0,0
CELE_M04B2.9|21ur-15164,0,0
CELE_M04B2.5|twk-25,327,316
CELE_M04B2.6|nlp-88,120,157
CELE_M04B2.4|M04B2.4,2405,2205
CELE_M04B2.3|gfl-1,1823,1691
CELE_C10C6.11|C10C6.11,0,0
CELE_H21P03.8|H21P03.8,0,0
CELE_H21P03.7|H21P03.7,0,0
CELE_H21P03.6|H21P03.6,0,0
CELE_H21P03.5|H21P03.5,0,0
CELE_H21P03.4|H21P03.4,0,0
CELE_H21P03.10|H21P03.10,0,0
CELE_C10C6.13|C10C6.13,5,0
CELE_C10C6.5|wht-2,4037,3800
CELE_C10C6.6|catp-8,8740,8319
CELE_C10C6.8|C10C6.8,2,3
CELE_H21P03.1|mbf-1,5330,4626
CELE_H21P03.2|nse-4,3097,3125
CELE_H21P03.3|sms-1,6460,6039
CELE_F12F6.17|F12F6.17,0,0
CELE_F12F6.9|col-128,96,31
CELE_F12F6.8|F12F6.8,100,77
CELE_M04B2.13|M04B2.13,0,0
CELE_M04B2.7|M04B2.7,22,0
CELE_M04B2.1|mep-1,12628,12437
CELE_M04B2.2|thum-3,1060,1076
CELE_F12F6.7|pold-2,5044,4417
CELE_F12F6.6|sec-24.1,11833,11553
CELE_F12F6.19|F12F6.19,0,0
CELE_F12F6.18|F12F6.18,0,0
CELE_F12F6.20|F12F6.20,0,0
CELE_F40F11.3|F40F11.3,1713,1441
CELE_F12F6.5|srgp-1,14864,14370
CELE_F12F6.3|rib-1,2615,2661
CELE_F12F6.1|F12F6.1,10537,9792
CELE_F40F11.6|F40F11.6,2,0
CELE_F40F11.5|F40F11.5,0,0
CELE_F40F11.2|mig-38,7433,7254
CELE_F40F11.1|rps-11,48302,50052
CELE_Y24F12A.3|Y24F12A.3,289,229
CELE_Y24F12A.4|Y24F12A.4,542,495
CELE_F58B3.1|lys-4,427,1465
CELE_F58B3.11|21ur-8714,1,0
CELE_Y24F12A.2|ragc-1,6831,5981
CELE_Y24F12A.1|Y24F12A.1,3168,3010
CELE_F58B3.4|F58B3.4,3076,2891
CELE_F58B3.5|mars-1,11715,11803
CELE_ZK809.1|ZK809.1,65,31
CELE_F58B3.6|F58B3.6,6260,6188
CELE_F58B3.7|rbm-17,1817,1562
CELE_F58B3.9|ttr-50,9256,7998
CELE_ZK809.7|prx-2,203,171
CELE_ZK809.8|ZK809.8,3954,3642
CELE_ZK809.2|acl-3,1558,1549
CELE_ZK809.3|ndub-6,7022,7097
CELE_ZK809.4|ent-1,8193,8664
CELE_ZK809.9|ZK809.9,87,81
CELE_ZK809.5|ZK809.5,5154,4821
CELE_ZK809.10|ZK809.10,9,9
CELE_ZK792.1|ZK792.1,1313,1048
CELE_ZK792.8|atg-4.2,814,850
CELE_ZK792.9|ZK792.9,0,0
CELE_ZK792.2|inx-8,6084,6043
CELE_ZK792.3|inx-9,1207,1039
CELE_ZK792.4|ZK792.4,85,89
CELE_ZK792.10|ZK792.10,3,2
CELE_ZK792.12|ZK792.12,2,2
CELE_T22B3.3|T22B3.3,62,29
CELE_ZK792.7|ZK792.7,222,230
CELE_T22B3.1|dpy-20,54,0
CELE_T22B3.2|alg-3,348,122
CELE_ZK792.5|ZK792.5,3475,3340
CELE_ZK792.6|let-60,5424,5393
CELE_K01A6.5|K01A6.5,0,0
CELE_K01A6.8|K01A6.8,0,0
CELE_K01A6.7|K01A6.7,0,12
CELE_K01A6.6|K01A6.6,60,63
CELE_K01A6.20|K01A6.20,0,0
CELE_K01A6.11|K01A6.11,0,0
CELE_K01A6.9|K01A6.9,0,0
CELE_K01A6.16|K01A6.16,0,0
CELE_K01A6.17|K01A6.17,0,0
CELE_K01A6.T1|K01A6.t1,0,0
CELE_K01A6.14|K01A6.14,0,0
CELE_K01A6.22|mir-8207,0,0
CELE_K01A6.18|K01A6.18,0,0
CELE_K01A6.2|magi-1,3962,3778
CELE_T12A7.1|gem-4,962,1136
CELE_T12A7.6|T12A7.6,273,294
CELE_T12A7.3|scl-18,0,0
CELE_T12A7.2|T12A7.2,797,729
CELE_T12A7.4|lips-5,339,234
CELE_H01G02.2|dyf-18,18,0
CELE_T12A7.8|21ur-9478,0,0
CELE_T12A7.11|T12A7.11,0,0
CELE_H01G02.3|H01G02.3,184,153
CELE_H01G02.8|H01G02.8,0,0
CELE_H01G02.11|H01G02.11,0,0
CELE_H01G02.9|H01G02.9,0,0
CELE_H01G02.12|H01G02.12,0,0
CELE_H01G02.6|H01G02.6,0,0
CELE_T12A7.5|lpr-2,406,470
CELE_H01G02.4|H01G02.4,0,0
CELE_H01G02.1|H01G02.1,479,417
CELE_M117.9|M117.9,0,0
CELE_M117.13|M117.13,0,0
CELE_M117.1|M117.1,811,732
CELE_M117.12|M117.12,0,2
CELE_M117.8|M117.8,0,0
CELE_M117.6|M117.6,176,219
CELE_M117.4|M117.4,52,35
CELE_M117.5|fbxb-4,69,78
CELE_M117.7|M117.7,62,45
CELE_F38H4.11|21ur-15540,0,0
CELE_F38H4.2|fbxb-3,200,218
CELE_F38H4.3|F38H4.3,160,128
CELE_F38H4.6|F38H4.6,18,0
CELE_F38H4.4|F38H4.4,75,0
CELE_M117.2|par-5,47389,41490
CELE_C29E6.3|pph-2,44,0
CELE_C29E6.2|trpa-1,317,300
CELE_C29E6.13|C29E6.13,0,0
CELE_C29E6.8|C29E6.8,0,0
CELE_C29E6.7|mir-124,0,0
CELE_C29E6.11|C29E6.11,0,5
CELE_C29E6.15|C29E6.15,0,0
CELE_C29E6.16|C29E6.16,0,0
CELE_C29E6.17|C29E6.17,0,0
CELE_C29E6.14|C29E6.14,0,0
CELE_C29E6.1|let-653,893,831
CELE_C29E6.9|C29E6.9,0,0
CELE_C29E6.5|nhr-43,260,281
CELE_VZK822L.2|VZK822L.2,47,80
CELE_F38H4.16|F38H4.16,0,0
CELE_F38H4.13|F38H4.13,0,0
CELE_F38H4.7|tag-30,3258,3227
CELE_F38H4.5|F38H4.5,16,0
CELE_F38H4.8|ech-2,1247,1238
CELE_F38H4.9|let-92,20930,20353
CELE_F38H4.10|mob-1,1568,1603
CELE_ZK822.10|ZK822.10,5,4
CELE_ZK822.1|ZK822.1,351,371
CELE_ZK822.8|ZK822.8,13,26
CELE_ZK822.2|srlf-31,1536,1500
CELE_ZK822.9|ZK822.9,0,0
CELE_VZK822L.1|fat-6,22760,33875
CELE_ZK822.3|nhx-9,518,316
CELE_ZK822.6|srlf-33,38,32
CELE_ZK822.4|srlf-32,2335,2221
CELE_ZK822.7|21ur-13858,0,0
CELE_ZK822.5|slc-5A12,632,700
CELE_ZK829.1|ZK829.1,26,19
CELE_ZK829.2|hdl-1,41,0
CELE_ZK829.5|tbx-36,928,810
CELE_ZK829.8|srj-1,0,0
CELE_ZK829.4|gdh-1,42361,42458
CELE_ZK829.6|tgt-1,1934,1914
CELE_ZK829.7|ZK829.7,6612,6232
CELE_ZK617.3|spe-17,17,8
CELE_T12G3.7|tgn-38,2693,2398
CELE_ZK617.1|unc-22,6382,5193
CELE_ZK617.21|ZK617.21,0,0
CELE_ZK617.20|ZK617.20,0,0
CELE_ZK617.17|ZK617.17,0,0
CELE_ZK617.12|ZK617.12,0,0
CELE_ZK617.15|ZK617.15,0,0
CELE_ZK617.13|ZK617.13,0,0
CELE_ZK617.7|ZK617.7,0,0
CELE_ZK617.6|21ur-14642,0,0
CELE_ZK617.9|ZK617.9,0,0
CELE_ZK617.22|ZK617.22,0,0
CELE_ZK617.24|ZK617.24,0,0
CELE_ZK617.16|ZK617.16,0,0
CELE_ZK617.5|21ur-9410,0,0
CELE_ZK617.19|ZK617.19,0,0
CELE_ZK617.10|ZK617.10,0,0
CELE_ZK617.T1|ZK617.t1,0,0
CELE_ZK617.14|ZK617.14,0,0
CELE_ZK617.25|ZK617.25,0,0
CELE_ZK617.11|ZK617.11,0,0
CELE_ZK617.23|ZK617.23,0,0
CELE_ZK829.9|ZK829.9,6587,5740
CELE_T12G3.6|T12G3.6,4718,4382
CELE_T12G3.5|mrpl-51,2978,2879
CELE_T12G3.1|sqst-1,7491,8750
CELE_T12G3.10|T12G3.10,0,0
CELE_T12G3.2|T12G3.2,4533,3937
CELE_T12G3.4|T12G3.4,1720,1740
CELE_T12G3.8|bre-5,932,854
CELE_K08E4.5|bath-37,36,46
CELE_K08E4.7|K08E4.7,30,17
CELE_K08E4.6|tmed-1,3098,2957
CELE_K08E4.12|K08E4.12,0,0
CELE_K08E4.11|K08E4.11,0,0
CELE_K08E4.1|spt-5,14076,13984
CELE_K08E4.2|K08E4.2,873,696
CELE_K08E4.3|K08E4.3,943,942
CELE_F11A10.9|F11A10.9,0,0
CELE_F11A10.1|lex-1,13575,13286
CELE_F11A10.2|repo-1,2769,2462
CELE_F11A10.7|rbm-34,2109,2001
CELE_F11A10.6|F11A10.6,1458,1221
CELE_F11A10.3|mig-32,3671,3479
CELE_F11A10.8|cpsf-4,3742,3766
CELE_F11A10.5|F11A10.5,6443,6382
CELE_F11A10.4|mon-2,5290,5145
CELE_M18.3|M18.3,1849,1552
CELE_M18.1|col-129,10448,4292
CELE_M18.2|dlc-2,318,349
CELE_M18.5|ddb-1,7178,7266
CELE_M18.6|M18.6,1966,1661
CELE_B0001.10|B0001.10,0,0
CELE_M18.7|aly-3,10742,9896
CELE_M18.8|dhhc-6,3845,3618
CELE_B0001.12|B0001.12,0,0
CELE_B0001.11|B0001.11,0,0
CELE_B0001.1|lin-24,2878,3067
CELE_B0001.4|B0001.4,3608,3636
CELE_F20B10.3|F20B10.3,31,19
CELE_B0001.9|21ur-15547,0,0
CELE_B0001.6|eri-12,3429,3091
CELE_F20B10.8|F20B10.8,0,0
CELE_F20B10.7|F20B10.7,0,0
CELE_F20B10.6|F20B10.6,0,0
CELE_F20B10.5|F20B10.5,0,0
CELE_F20B10.12|F20B10.12,0,0
CELE_F20B10.11|F20B10.11,0,0
CELE_F20B10.1|nlr-1,1270,1243
CELE_F20B10.2|F20B10.2,191,208
CELE_B0001.8|B0001.8,2744,2649
CELE_B0001.5|B0001.5,2684,2687
CELE_B0001.3|B0001.3,3446,3263
CELE_B0001.2|B0001.2,7176,6321
CELE_B0001.7|B0001.7,4020,3949
CELE_F35G2.3|F35G2.3,43,69
CELE_F35G2.5|F35G2.5,22,29
CELE_Y39C12A.1|mlt-3,280,254
CELE_Y39C12A.13|21ur-10699,1,1
CELE_F35G2.6|21ur-8543,0,0
CELE_F35G2.4|phy-2,1132,840
CELE_Y39C12A.3|sre-18,0,0
CELE_Y39C12A.11|21ur-8512,0,0
CELE_Y39C12A.9|Y39C12A.9,128,138
CELE_Y39C12A.8|dnj-26,872,795
CELE_C42C1.1|sre-14,0,0
CELE_C42C1.17|21ur-13227,0,0
CELE_C42C1.2|ppm-1.H,50,57
CELE_F35G2.16|F35G2.16,0,0
CELE_F35G2.20|F35G2.20,0,0
CELE_F35G2.18|F35G2.18,0,0
CELE_F35G2.8|F35G2.8,0,0
CELE_F35G2.21|F35G2.21,0,0
CELE_F35G2.14|F35G2.14,0,0
CELE_F35G2.19|F35G2.19,0,0
CELE_F35G2.11|F35G2.11,0,0
CELE_F35G2.7|F35G2.7,0,0
CELE_F35G2.1|F35G2.1,11891,12904
CELE_F35G2.2|marb-1,2097,1725
CELE_C42C1.14|rpl-34,20440,19211
CELE_C42C1.4|vps-8,3856,3710
CELE_C42C1.5|tag-335,2934,2578
CELE_C42C1.13|vkmt-1,765,773
CELE_C42C1.11|ltah-1.1,3597,3631
CELE_C42C1.12|C42C1.12,844,724
CELE_K09E10.1|oac-57,159,79
CELE_K09E10.5|K09E10.5,0,0
CELE_K09E10.4|21ur-15290,0,0
CELE_K09E10.2|oac-58,226,75
CELE_F19B6.3|F19B6.3,33,0
CELE_C42C1.19|C42C1.19,1510,1382
CELE_C42C1.10|hpo-12,1922,1906
CELE_C42C1.15|erl-1,1460,1478
CELE_C42C1.9|C42C1.9,85,57
CELE_C42C1.8|C42C1.8,5446,5496
CELE_C42C1.7|oac-59,541,447
CELE_F19B6.4|wht-5,51,0
CELE_F19B6.2|ufd-1,5479,5148
CELE_F19B6.1|F19B6.1,10364,9977
CELE_ZC518.1|best-22,401,259
CELE_ZC518.2|sec-24.2,6055,5594
CELE_ZC518.8|ZC518.8,2,4
CELE_ZC518.6|ZC518.6,0,0
CELE_ZC518.3|ccr-4,25170,24137
CELE_F28D1.6|F28D1.6,67,69
CELE_F28D1.1|wdr-46,4760,4856
CELE_F28D1.2|atz-1,1653,1471
CELE_F28D1.4|thn-3,0,0
CELE_F28D1.3|thn-1,31,35
CELE_F28D1.5|thn-2,676,938
CELE_F28D1.11|dpm-3,1441,1255
CELE_F28D1.9|acs-20,950,747
CELE_F28D1.7|rps-23,56557,52506
CELE_F28D1.10|gex-3,5332,4857
CELE_F08G5.3|F08G5.3,162,125
CELE_F08G5.9|F08G5.9,0,0
CELE_F08G5.16|F08G5.16,0,0
CELE_F08G5.15|F08G5.15,0,0
CELE_F08G5.T3|F08G5.t3,0,0
CELE_F08G5.21|F08G5.21,0,0
CELE_F08G5.T2|F08G5.t2,0,0
CELE_F08G5.1|dsb-1,3138,2778
CELE_F08G5.2|acl-13,32,0
CELE_F08G5.8|21ur-14999,0,0
CELE_F08G5.13|F08G5.13,0,0
CELE_F08G5.14|F08G5.14,0,0
CELE_F08G5.17|F08G5.17,0,0
CELE_F08G5.19|F08G5.19,0,0
CELE_F08G5.10|F08G5.10,0,2
CELE_F08G5.12|F08G5.12,0,0
CELE_F08G5.5|ugt-65,223,77
CELE_F08G5.4|col-130,885,299
CELE_F08G5.7|clec-184,31,45
CELE_C25G4.1|clec-185,32,27
CELE_C25G4.17|C25G4.17,0,0
CELE_C25G4.2|C25G4.2,1398,1447
CELE_F08G5.6|irg-4,28549,16446
CELE_C25G4.6|smz-1,211,84
CELE_C25G4.4|spe-44,830,800
CELE_C25G4.7|C25G4.7,16,0
CELE_C25G4.8|C25G4.8,32,0
CELE_C25G4.3|C25G4.3,750,785
CELE_C25G4.5|dpy-26,8402,7683
CELE_T04A11.8|sru-19,0,0
CELE_C25G4.10|igdb-2,4276,4016
CELE_T04A11.1|T04A11.1,115,80
CELE_T04A11.2|T04A11.2,152,106
CELE_T04A11.3|igdb-1,1834,1775
CELE_T04A11.4|T04A11.4,107,81
CELE_T04A11.5|T04A11.5,98,84
CELE_T04A11.6|him-6,3121,2830
CELE_F53B2.5|F53B2.5,50,38
CELE_F53B2.8|F53B2.8,1997,4568
CELE_ZK795.5|21ur-10979,1,0
CELE_F53B2.6|ham-1,1374,1510
CELE_ZK795.9|anr-56,0,0
CELE_ZK795.6|ZK795.6,6,17
CELE_ZK795.7|ZK795.7,0,0
CELE_ZK795.8|ZK795.8,0,0
CELE_ZK795.1|ipmk-1,360,349
CELE_ZK795.2|ZK795.2,120,31
CELE_ZK795.3|ZK795.3,1893,1807
CELE_K08E7.10|K08E7.10,20,15
CELE_K08E7.1|eak-7,4980,4414
CELE_K08E7.2|hsb-1,2737,2248
CELE_K08E7.8|K08E7.8,37,39
CELE_K08E7.5|K08E7.5,302,55
CELE_K08E7.6|K08E7.6,104,44
CELE_K08E7.7|cul-6,272,189
CELE_K08E7.3|let-99,4506,4063
CELE_K08E7.4|K08E7.4,7,0
CELE_K08E7.13|K08E7.13,0,0
CELE_K08E7.11|K08E7.11,0,0
CELE_K08E7.12|K08E7.12,0,0
CELE_K08E7.T1|K08E7.t1,0,0
CELE_K08E7.9|pgp-1,988,521
CELE_Y55D9A.2|Y55D9A.2,2947,2666
CELE_Y55D9A.1|efa-6,6761,6858
CELE_C01C7.1|ark-1,2926,3027
CELE_C26H9A.1|vha-7,6161,5435
CELE_VT23B5.1|VT23B5.1,0,0
CELE_C26H9A.2|wdfy-3,2350,2303
CELE_T23B5.4|T23B5.4,474,440
CELE_T23B5.1|prmt-9,6373,6336
CELE_C27D8.1|C27D8.1,176,68
CELE_T23F6.1|idpp-7,88,38
CELE_T23B5.5|T23B5.5,0,0
CELE_T23B5.3|T23B5.3,4543,4441
CELE_C27D8.4|C27D8.4,1628,1534
CELE_C27D8.3|C27D8.3,1659,1357
CELE_C27D8.2|C27D8.2,130,43
CELE_T23F6.8|21ur-15145,0,0
CELE_T23F6.6|mir-265,0,0
CELE_T23F6.5|T23F6.5,28,0
CELE_C36H8.1|C36H8.1,103,60
CELE_T23F6.2|T23F6.2,0,0
CELE_T23F6.3|T23F6.3,77,40
CELE_T23F6.4|rbd-1,3152,3327
CELE_C36H8.2|inx-6,215,273
CELE_C36H8.3|flp-9,679,786
CELE_ZK897.1|unc-31,155,80
CELE_ZK897.2|ZK897.2,0,0
CELE_ZK897.8|ZK897.8,0,0
CELE_ZK897.3|ZK897.3,0,0
CELE_ZK897.9|ZK897.9,0,0
CELE_ZK897.4|ZK897.4,0,0
CELE_F07C6.3|F07C6.3,553,430
CELE_F07C6.2|F07C6.2,120,83
CELE_F07C6.7|F07C6.7,0,0
CELE_F07C6.1|pin-2,300,294
CELE_F07C6.4|F07C6.4,5014,5563
CELE_M02B1.4|M02B1.4,38,22
CELE_M02B1.2|txt-19,425,374
CELE_M02B1.3|M02B1.3,7051,6188
CELE_M02B1.1|srf-3,956,598
CELE_C32H11.13|dct-19,55,0
CELE_F55G11.13|F55G11.13,0,0
CELE_F55G11.1|F55G11.1,21,20
CELE_ZK896.12|21ur-15562,0,0
CELE_K08D8.9|K08D8.9,0,0
CELE_K08D8.10|K08D8.10,0,0
CELE_K08D8.8|K08D8.8,0,0
CELE_K08D8.2|K08D8.2,0,0
CELE_K08D8.4|K08D8.4,1507,212
CELE_C32H11.14|21ur-13325,0,0
CELE_C32H11.16|C32H11.16,0,0
CELE_ZK896.9|nstp-5,3885,3773
CELE_ZK896.8|gcy-18,105,78
CELE_ZK896.7|clec-186,5632,2770
CELE_ZK896.6|clec-187,943,588
CELE_ZK896.1|ZK896.1,53,22
CELE_ZK896.5|ZK896.5,319,120
CELE_ZK896.4|ZK896.4,511,218
CELE_ZK896.3|ZK896.3,145,88
CELE_K08D8.6|K08D8.6,7215,3280
CELE_K08D8.1|K08D8.1,58,44
CELE_K08D8.12|K08D8.12,79,65
CELE_K08D8.7|K08D8.7,135,137
CELE_K08D8.3|K08D8.3,487,149
CELE_K08D8.5|K08D8.5,956,461
CELE_C32H11.1|irg-6,4645,2963
CELE_C32H11.3|C32H11.3,422,191
CELE_C32H11.4|C32H11.4,53907,14452
CELE_C32H11.5|srlf-4,37,17
CELE_C32H11.6|srlf-5,32,0
CELE_C32H11.7|C32H11.7,199,169
CELE_C32H11.8|srlf-6,29,0
CELE_C32H11.9|cld-1,15581,3941
CELE_C32H11.10|dod-21,17461,4468
CELE_C32H11.11|C32H11.11,24,0
CELE_C32H11.12|dod-24,101457,52380
CELE_K10D11.2|K10D11.2,48,0
CELE_K10D11.3|K10D11.3,522,386
CELE_K10D11.6|K10D11.6,983,533
CELE_K10D11.5|K10D11.5,989,300
CELE_F55G11.11|21ur-14360,0,0
CELE_F55G11.6|F55G11.6,407,115
CELE_F55G11.7|F55G11.7,88,43
CELE_F55G11.8|F55G11.8,6173,2710
CELE_F55G11.5|dod-22,690,457
CELE_F55G11.2|F55G11.2,22488,9567
CELE_F55G11.3|F55G11.3,331,34
CELE_F55G11.4|mbug-1,51284,25601
CELE_K10D11.1|dod-17,7373,2708
CELE_F49E11.T1|F49E11.t1,0,0
CELE_F49E11.T2|F49E11.t2,0,0
CELE_F49E11.6|scl-11,12,20
CELE_F49E11.5|scl-10,0,0
CELE_F49E11.1|mbk-2,25651,24165
CELE_K10D11.8|21ur-15150,1,0
CELE_F49E11.2|F49E11.2,70,64
CELE_F49E11.11|scl-3,152,91
CELE_C39E9.2|scl-5,222,226
CELE_C39E9.3|col-131,51,40
CELE_F49E11.10|scl-2,6896,10220
CELE_C39E9.4|scl-6,124,39
CELE_C39E9.15|21ur-12375,0,0
CELE_C39E9.17|C39E9.17,0,0
CELE_C39E9.8|C39E9.8,4343,4083
CELE_C39E9.7|C39E9.7,251,258
CELE_C39E9.18|C39E9.18,0,0
CELE_C39E9.19|C39E9.19,0,0
CELE_C39E9.10|spin-2,228,227
CELE_C39E9.11|prcc-1,4397,4354
CELE_C39E9.12|C39E9.12,4384,4234
CELE_B0564.11|rde-11,1844,1831
CELE_B0564.4|best-2,0,0
CELE_B0564.2|B0564.2,1021,803
CELE_B0564.3|best-1,71,67
CELE_B0564.12|21ur-13873,0,0
CELE_B0564.10|unc-30,115,119
CELE_TIN-9.2|tin-9.2,0,0
CELE_C39E9.13|rfc-3,7289,7132
CELE_C39E9.14|dli-1,3016,2827
CELE_EXOS-4.1|exos-4.1,2310,2304
CELE_B0564.7|fask-1,2086,1879
CELE_F09E8.1|spe-43,12,0
CELE_B0564.6|B0564.6,176,169
CELE_B0564.9|B0564.9,164,192
CELE_F09E8.8|nlp-79,101,86
CELE_F09E8.2|crld-1,2129,2043
CELE_F09E8.5|scl-14,84,11
CELE_F58D2.3|F58D2.3,27,52
CELE_F09E8.7|lev-1,171,79
CELE_F09E8.6|nas-14,134,68
CELE_F58D2.1|gadr-1,67,51
CELE_F09E8.3|msh-5,2490,2575
CELE_F58D2.4|F58D2.4,27,34
CELE_F58D2.5|F58D2.5,8,13
CELE_F58D2.2|F58D2.2,125,68
CELE_C48D1.1|C48D1.1,406,453
CELE_C48D1.9|C48D1.9,22,29
CELE_C48D1.3|cho-1,78,82
CELE_C48D1.2|ced-3,10880,10857
CELE_C48D1.12|C48D1.12,2,0
CELE_C48D1.5|C48D1.5,237,241
CELE_JC8.17|JC8.17,20,8
CELE_JC8.2|pwp-1,4630,4939
CELE_JC8.6|lin-54,5083,4888
CELE_JC8.13|tag-115,1708,1798
CELE_JC8.3|rpl-12,52934,47173
CELE_JC8.4|JC8.4,504,502
CELE_JC8.5|cox-11,1446,1420
CELE_JC8.7|JC8.7,1633,1676
CELE_JC8.8|ttr-51,8401,8229
CELE_JC8.14|ttr-45,3247,3400
CELE_JC8.10|unc-26,2571,2759
CELE_JC8.12|bus-12,99,74
CELE_JC8.16|JC8.16,22,23
CELE_Y67H2A.1|cpsf-3,4279,4292
CELE_Y67H2A.10|Y67H2A.10,4336,4556
CELE_Y67H2A.2|Y67H2A.2,3968,3369
CELE_Y67H2A.4|micu-1,3306,3444
CELE_Y67H2A.5|kdp-1,12193,10942
CELE_Y67H2A.6|csn-6,3778,3706
CELE_Y67H2A.7|Y67H2A.7,1966,1834
CELE_Y67H2A.8|fat-1,15766,14526
CELE_Y67H2A.9|Y67H2A.9,241,59
CELE_W02A2.2|far-6,3715,3526
CELE_W02A2.3|pqn-74,632,258
CELE_W02A2.1|fat-2,36161,27633
CELE_W02A2.9|W02A2.9,178,166
CELE_W02A2.12|W02A2.12,11,10
CELE_W02A2.6|rec-8,2683,2796
CELE_W02A2.7|mex-5,41315,39879
CELE_W02A2.8|W02A2.8,43,18
CELE_Y62E10A.4|srsx-25,17,18
CELE_Y62E10A.5|agt-1,1044,977
CELE_Y62E10A.1|rplp-2.2,14668,12350
CELE_Y62E10A.2|popl-7,3108,2882
CELE_Y62E10A.24|Y62E10A.24,277,359
CELE_Y62E10A.6|Y62E10A.6,1402,1223
CELE_Y62E10A.8|mau-8,1530,1554
CELE_Y62E10A.10|emc-3,4148,3945
CELE_Y62E10A.9|rab-19,1263,1064
CELE_Y62E10A.20|Y62E10A.20,635,575
CELE_F52G2.5|21ur-6256,0,0
CELE_F52G2.8|21ur-7017,0,0
CELE_F52G2.6|21ur-14238,0,0
CELE_F52G2.9|21ur-13874,0,0
CELE_F52G2.3|F52G2.3,404,476
CELE_Y45F10B.52|21ur-12362,0,0
CELE_Y45F10B.3|Y45F10B.3,30,7
CELE_Y45F10B.34|21ur-9860,0,0
CELE_Y45F10B.2|Y45F10B.2,23,0
CELE_Y45F10B.22|21ur-3338,0,0
CELE_Y45F10B.28|21ur-2046,0,0
CELE_Y45F10B.39|21ur-11676,0,0
CELE_Y45F10B.37|21ur-13599,0,0
CELE_Y45F10B.53|21ur-12722,0,0
CELE_Y45F10B.23|21ur-3530,0,0
CELE_Y45F10B.59|Y45F10B.59,22,34
CELE_F52G2.7|21ur-9641,0,0
CELE_Y45F10B.49|21ur-13931,0,0
CELE_Y45F10B.38|21ur-8042,0,0
CELE_Y45F10B.60|Y45F10B.60,0,0
CELE_Y45F10B.61|Y45F10B.61,0,0
CELE_Y45F10B.44|21ur-7597,0,0
CELE_Y45F10B.58|21ur-11001,0,0
CELE_Y45F10B.10|qui-1,190,152
CELE_Y45F10B.36|21ur-5696,0,0
CELE_Y45F10B.13|Y45F10B.13,612,364
CELE_C08F11.103|21ur-15499,0,0
CELE_C08F11.50|21ur-1007,0,0
CELE_C08F11.105|21ur-13296,0,0
CELE_C08F11.85|21ur-7756,0,0
CELE_C08F11.89|21ur-11435,0,0
CELE_C08F11.57|21ur-7166,0,0
CELE_C08F11.59|21ur-6301,0,0
CELE_C08F11.64|21ur-10104,0,0
CELE_C08F11.23|21ur-5112,0,0
CELE_C08F11.41|21ur-2289,0,0
CELE_C08F11.83|21ur-13133,0,0
CELE_C08F11.54|21ur-814,0,0
CELE_C08F11.70|21ur-10266,0,0
CELE_C08F11.82|21ur-14890,0,0
CELE_C08F11.58|21ur-13266,0,0
CELE_C08F11.93|21ur-7527,0,0
CELE_C08F11.115|21ur-13229,0,0
CELE_C08F11.69|21ur-12207,0,0
CELE_C08F11.114|21ur-14463,0,0
CELE_C08F11.36|21ur-162,0,0
CELE_C08F11.2|C08F11.2,0,0
CELE_C08F11.3|C08F11.3,114,168
CELE_C08F11.96|21ur-6707,0,0
CELE_C08F11.104|21ur-8414,0,0
CELE_C08F11.27|21ur-2411,0,0
CELE_C08F11.1|C08F11.1,102,155
CELE_C08F11.4|sru-21,0,0
CELE_C08F11.32|21ur-1181,0,0
CELE_C08F11.33|21ur-3733,0,0
CELE_C08F11.81|21ur-5683,0,0
CELE_C08F11.60|21ur-5865,0,0
CELE_C08F11.100|21ur-10454,0,0
CELE_C08F11.87|21ur-5977,0,0
CELE_C08F11.68|21ur-13483,0,0
CELE_C08F11.45|21ur-599,0,0
CELE_C08F11.20|21ur-1754,0,0
CELE_C08F11.78|21ur-5969,0,0
CELE_C08F11.116|C08F11.116,15,34
CELE_C08F11.34|21ur-4267,1,0
CELE_C08F11.65|21ur-7616,1,0
CELE_C08F11.84|21ur-11135,1,0
CELE_C08F11.80|21ur-9997,0,0
CELE_C08F11.38|21ur-4428,0,0
CELE_C08F11.13|C08F11.13,1661,2447
CELE_C08F11.95|21ur-12100,1,2
CELE_C08F11.43|21ur-5399,0,0
CELE_C08F11.5|fbxa-98,325,249
CELE_C08F11.6|C08F11.6,11,16
CELE_C08F11.55|21ur-8299,0,0
CELE_C08F11.35|21ur-3204,0,0
CELE_C08F11.109|21ur-14412,0,0
CELE_C08F11.113|21ur-12469,0,0
CELE_C08F11.106|21ur-11484,0,0
CELE_C08F11.63|21ur-6295,0,0
CELE_C08F11.71|21ur-13796,0,0
CELE_C08F11.74|21ur-10882,0,0
CELE_C08F11.112|21ur-5868,0,0
CELE_C08F11.47|21ur-4647,0,0
CELE_C08F11.90|21ur-13583,0,0
CELE_C08F11.56|21ur-8129,0,0
CELE_C08F11.66|21ur-15123,0,0
CELE_C08F11.51|21ur-1672,0,0
CELE_C08F11.9|srz-29,0,0
CELE_C08F11.62|21ur-13618,0,0
CELE_C08F11.108|21ur-13222,0,0
CELE_C08F11.99|21ur-6587,0,0
CELE_C08F11.8|ugt-22,12559,7375
CELE_C08F11.73|21ur-6806,1,0
CELE_C08F11.98|21ur-7217,2,0
CELE_K09B11.17|21ur-15591,0,0
CELE_K09B11.5|K09B11.5,43,0
CELE_K09B11.18|21ur-15246,0,0
CELE_K09B11.20|K09B11.20,0,0
CELE_K09B11.11|K09B11.11,0,0
CELE_K09B11.12|K09B11.12,0,0
CELE_K09B11.13|K09B11.13,0,0
CELE_K09B11.14|K09B11.14,0,0
CELE_K09B11.19|K09B11.19,0,0
CELE_K09B11.15|K09B11.15,0,0
CELE_K09B11.16|K09B11.16,0,0
CELE_Y38H8A.9|21ur-15078,0,0
CELE_Y38H8A.10|Y38H8A.10,0,0
CELE_Y38H8A.11|Y38H8A.11,0,0
CELE_Y62E10A.23|Y62E10A.23,210,169
CELE_Y62E10A.11|mdt-9,2134,1745
CELE_Y62E10A.12|lsm-3,1451,1360
CELE_Y62E10A.13|Y62E10A.13,2842,2105
CELE_Y62E10A.14|memi-2,5242,4608
CELE_Y62E10A.15|cyp-31A5,3750,3297
CELE_Y62E10A.19|Y62E10A.19,197,106
CELE_Y62E10A.16|gcl-1,753,831
CELE_Y62E10A.17|aptf-2,1389,1238
CELE_K09B11.1|pik-1,1374,1484
CELE_K09B11.2|nol-9,1210,1212
CELE_K09B11.4|K09B11.4,32,19
CELE_K09B11.10|mam-3,200,94
CELE_K09B11.9|uso-1,3894,3529
CELE_Y38H8A.7|Y38H8A.7,710,733
CELE_Y38H8A.8|Y38H8A.8,98,92
CELE_Y38H8A.12|Y38H8A.12,9,9
CELE_Y38H8A.5|fezf-1,36,0
CELE_Y38H8A.4|Y38H8A.4,56,23
CELE_Y38H8A.3|ttbk-8.1,130,41
CELE_Y45F10A.6|tbc-9,6347,6738
CELE_Y38H8A.1|Y38H8A.1,164,102
CELE_Y45F10A.7|Y45F10A.7,466,326
CELE_Y45F10A.5|nlp-17,261,171
CELE_Y45F10A.4|seld-1,511,632
CELE_Y45F10A.3|afmd-2,337,461
CELE_Y45F10A.2|puf-3,26160,25152
CELE_F52G2.1|dcap-2,3339,3582
CELE_F52G2.2|rsd-2,8351,7761
CELE_C08F11.10|C08F11.10,75,25
CELE_C08F11.40|21ur-3188,1,0
CELE_C08F11.28|21ur-3984,0,1
CELE_C08F11.25|21ur-1600,0,0
CELE_C08F11.77|21ur-10126,1,0
CELE_C08F11.26|21ur-372,1,1
CELE_C08F11.102|21ur-10017,1,1
CELE_C08F11.11|ule-4,25209,19605
CELE_C08F11.16|C08F11.16,0,0
CELE_Y45F10C.21|Y45F10C.21,0,0
CELE_Y45F10C.10|21ur-15394,0,0
CELE_Y45F10C.13|21ur-6868,0,0
CELE_Y45F10C.9|21ur-15613,0,0
CELE_Y45F10C.17|21ur-10169,0,0
CELE_Y45F10C.19|21ur-6726,0,0
CELE_C08F11.12|C08F11.12,4003,2538
CELE_Y45F10C.6|Y45F10C.6,51,53
CELE_Y45F10C.2|Y45F10C.2,4090,2572
CELE_Y45F10C.4|Y45F10C.4,2318,1471
CELE_T23G4.86|21ur-10494,0,0
CELE_T23G4.96|21ur-7427,0,0
CELE_T23G4.82|21ur-11638,0,0
CELE_T23G4.110|21ur-8699,0,0
CELE_T23G4.114|21ur-12449,0,0
CELE_T23G4.9|21ur-1674,0,0
CELE_T23G4.44|21ur-3315,0,0
CELE_T23G4.7|21ur-4117,0,0
CELE_T23G4.85|21ur-10258,0,0
CELE_T23G4.124|21ur-12006,0,0
CELE_T23G4.121|21ur-5580,0,0
CELE_T23G4.47|21ur-2988,0,0
CELE_T23G4.61|21ur-8569,0,0
CELE_T23G4.59|21ur-6474,0,0
CELE_T23G4.2|T23G4.2,22,0
CELE_T23G4.127|T23G4.127,0,0
CELE_T23G4.53|21ur-14338,0,0
CELE_T23G4.75|21ur-11143,0,0
CELE_T23G4.66|21ur-6742,0,0
CELE_T23G4.101|21ur-8802,0,0
CELE_T23G4.108|21ur-9350,0,0
CELE_T23G4.62|21ur-15444,0,0
CELE_T23G4.50|21ur-5222,0,0
CELE_T23G4.89|21ur-10809,0,0
CELE_T23G4.90|21ur-14123,0,0
CELE_T23G4.119|21ur-10527,0,0
CELE_T23G4.97|21ur-7322,0,0
CELE_T23G4.31|21ur-4313,0,0
CELE_T23G4.76|21ur-11562,0,0
CELE_T23G4.11|21ur-500,0,0
CELE_T23G4.99|21ur-12317,0,0
CELE_Y45F10C.3|fbxa-215,9792,8903
CELE_T23G4.3|nyn-1,1339,1247
CELE_C47A4.40|21ur-1800,0,0
CELE_C47A4.1|C47A4.1,35,0
CELE_T23G4.95|21ur-9164,0,0
CELE_T23G4.92|21ur-14590,0,0
CELE_T23G4.1|tlp-1,949,876
CELE_T23G4.21|21ur-763,1,0
CELE_C47A4.3|C47A4.3,23,0
CELE_C47A4.5|C47A4.5,18,0
CELE_C47A4.4|C47A4.4,10,0
CELE_C47A4.20|21ur-4681,0,0
CELE_C47A4.45|21ur-2749,0,0
CELE_C47A4.70|21ur-4757,0,0
CELE_C47A4.112|21ur-9073,0,0
CELE_C47A4.97|21ur-10856,0,0
CELE_C47A4.51|21ur-4072,0,0
CELE_C47A4.136|21ur-10283,0,0
CELE_C47A4.49|21ur-1610,0,0
CELE_C47A4.36|21ur-3242,0,0
CELE_C47A4.102|21ur-10431,0,0
CELE_C47A4.79|21ur-5733,0,0
CELE_C47A4.111|21ur-15083,0,0
CELE_C47A4.89|21ur-10007,0,0
CELE_C47A4.133|21ur-8325,0,0
CELE_C47A4.105|21ur-9413,0,0
CELE_C47A4.31|21ur-4917,0,0
CELE_C47A4.13|21ur-1067,0,0
CELE_C47A4.69|21ur-949,0,0
CELE_C47A4.62|21ur-1548,0,0
CELE_C47A4.77|21ur-6919,0,0
CELE_C47A4.66|21ur-5092,0,0
CELE_C47A4.48|21ur-2894,0,0
CELE_C47A4.18|21ur-4,0,0
CELE_C47A4.125|21ur-8211,0,0
CELE_C47A4.90|21ur-8049,0,0
CELE_C47A4.98|21ur-13964,0,0
CELE_C47A4.130|21ur-9104,0,0
CELE_C47A4.28|21ur-5259,0,0
CELE_C47A4.33|21ur-429,0,0
CELE_C47A4.92|21ur-10420,0,0
CELE_C47A4.2|ent-4,1220,500
CELE_C47A4.85|21ur-6746,1,0
CELE_Y45F10D.2|Y45F10D.2,15,19
CELE_Y45F10D.13|sorb-1,356,244
CELE_C47A4.118|21ur-10408,0,0
CELE_C47A4.113|21ur-7538,0,0
CELE_C47A4.34|21ur-1676,0,0
CELE_C47A4.68|21ur-1366,0,0
CELE_C47A4.129|21ur-9968,0,0
CELE_C47A4.115|21ur-13708,0,0
CELE_C47A4.12|21ur-3032,0,0
CELE_C47A4.14|21ur-894,0,0
CELE_C47A4.38|21ur-1930,0,0
CELE_C47A4.93|21ur-9608,0,0
CELE_C47A4.100|21ur-7560,0,0
CELE_F56F12.22|21ur-10516,0,0
CELE_F56F12.23|21ur-6876,0,0
CELE_F56F12.27|21ur-7647,0,0
CELE_F56F12.34|21ur-6363,0,0
CELE_F56F12.20|21ur-7408,0,0
CELE_F56F12.3|21ur-337,0,0
CELE_F56F12.30|21ur-12241,0,0
CELE_F56F12.18|21ur-7916,0,0
CELE_F56F12.19|21ur-10278,0,0
CELE_F56F12.12|21ur-1850,0,0
CELE_F56F12.36|21ur-14591,0,0
CELE_F56F12.32|21ur-6271,0,0
CELE_F56F12.14|21ur-14266,0,0
CELE_F56F12.33|21ur-6397,0,0
CELE_F56F12.35|21ur-7553,0,0
CELE_F56F12.10|21ur-1817,0,0
CELE_F56F12.7|21ur-5090,0,0
CELE_F56F12.16|21ur-8890,0,0
CELE_F56F12.31|21ur-5918,0,0
CELE_F56F12.21|21ur-15664,0,0
CELE_F56F12.6|21ur-1129,0,0
CELE_F56F12.11|21ur-1516,0,0
CELE_F56F12.24|21ur-10511,0,0
CELE_F56F12.26|21ur-6918,0,0
CELE_F56F12.17|21ur-6901,0,0
CELE_F56F12.25|21ur-15629,0,0
CELE_F56F12.5|21ur-3572,0,0
CELE_F56F12.8|21ur-3913,0,0
CELE_F56F12.9|21ur-4392,0,0
CELE_F56F12.13|21ur-3514,0,0
CELE_F56F12.15|21ur-9298,0,0
CELE_F56F12.2|21ur-5244,0,0
CELE_F56F12.29|21ur-12204,0,0
CELE_F56F12.28|21ur-9668,0,0
CELE_F56F12.4|21ur-1715,0,0
CELE_Y45F10D.113|21ur-6376,0,0
CELE_Y45F10D.108|21ur-13069,0,0
CELE_Y45F10D.135|21ur-15649,0,0
CELE_Y45F10D.51|21ur-2760,0,0
CELE_Y45F10D.42|21ur-1730,0,0
CELE_Y45F10D.64|21ur-10256,0,0
CELE_Y45F10D.107|21ur-9830,0,0
CELE_Y45F10D.122|21ur-12818,0,0
CELE_Y45F10D.87|21ur-11556,0,0
CELE_Y45F10D.55|21ur-2693,0,0
CELE_Y45F10D.22|21ur-3871,0,0
CELE_Y45F10D.45|21ur-236,0,0
CELE_Y45F10D.38|21ur-4393,0,0
CELE_Y45F10D.32|21ur-1692,0,0
CELE_Y45F10D.65|21ur-6972,0,0
CELE_Y45F10D.97|21ur-13370,0,0
CELE_Y45F10D.24|21ur-2584,0,0
CELE_Y45F10D.76|21ur-7820,0,0
CELE_Y45F10D.115|21ur-11009,0,0
CELE_Y45F10D.139|21ur-14016,0,0
CELE_Y45F10D.29|21ur-647,0,0
CELE_Y45F10D.71|21ur-15187,0,0
CELE_Y45F10D.48|21ur-2575,0,0
CELE_Y45F10D.54|21ur-3943,0,0
CELE_Y45F10D.96|21ur-6299,0,0
CELE_Y45F10D.23|21ur-2017,0,0
CELE_Y45F10D.116|21ur-12408,0,0
CELE_Y45F10D.82|21ur-12356,0,0
CELE_Y45F10D.37|21ur-708,0,0
CELE_Y45F10D.120|21ur-14526,0,0
CELE_Y45F10D.85|21ur-8720,0,0
CELE_Y45F10D.95|21ur-11282,0,0
CELE_Y45F10D.98|21ur-7034,0,0
CELE_Y45F10D.35|21ur-742,0,0
CELE_Y45F10D.73|21ur-6631,0,0
CELE_Y45F10D.86|21ur-8189,0,0
CELE_Y45F10D.49|21ur-5145,0,0
CELE_Y45F10D.62|21ur-14880,0,0
CELE_Y45F10D.66|21ur-6056,0,0
CELE_Y45F10D.117|21ur-5870,0,0
CELE_Y45F10D.128|21ur-9512,0,0
CELE_Y45F10D.137|21ur-5931,0,0
CELE_Y45F10D.20|21ur-3781,1,0
CELE_Y45F10D.103|21ur-13516,0,0
CELE_Y45F10D.18|21ur-4575,0,0
CELE_Y45F10D.100|21ur-9977,0,0
CELE_Y45F10D.88|21ur-14555,0,0
CELE_Y45F10D.39|21ur-4912,0,0
CELE_Y45F10D.77|21ur-14288,0,0
CELE_Y45F10D.50|21ur-3235,0,0
CELE_Y45F10D.75|21ur-5596,0,0
CELE_Y45F10D.52|21ur-4636,0,0
CELE_Y45F10D.80|21ur-15426,0,0
CELE_Y45F10D.112|21ur-5626,0,0
CELE_Y45F10D.25|21ur-158,0,0
CELE_Y45F10D.78|21ur-11115,0,0
CELE_Y45F10D.129|21ur-9089,0,0
CELE_B0513.7|B0513.7,60,28
CELE_B0513.12|B0513.12,19,28
CELE_H08M01.8|21ur-529,0,0
CELE_H08M01.115|21ur-5901,0,0
CELE_H08M01.40|21ur-4877,0,0
CELE_H08M01.12|21ur-4951,0,0
CELE_H08M01.112|21ur-6182,0,0
CELE_H08M01.90|21ur-11389,0,0
CELE_H08M01.35|21ur-3933,0,0
CELE_H08M01.68|21ur-14821,0,0
CELE_H08M01.22|21ur-268,0,0
CELE_H08M01.52|21ur-1148,0,0
CELE_H08M01.111|21ur-7789,0,0
CELE_H08M01.10|21ur-2220,0,0
CELE_H08M01.114|21ur-13822,0,0
CELE_H08M01.98|21ur-5854,0,0
CELE_H08M01.88|21ur-15403,0,0
CELE_H08M01.47|21ur-1654,0,0
CELE_H08M01.118|21ur-11813,0,0
CELE_H08M01.70|21ur-5692,0,0
CELE_H08M01.86|21ur-11917,0,0
CELE_H08M01.28|21ur-464,0,0
CELE_H08M01.56|21ur-14214,0,0
CELE_H08M01.45|21ur-5041,0,0
CELE_H08M01.82|21ur-15214,0,0
CELE_H08M01.32|21ur-3814,0,0
CELE_H08M01.16|21ur-3258,0,0
CELE_H08M01.29|21ur-1869,0,0
CELE_H08M01.21|21ur-1112,0,0
CELE_H08M01.69|21ur-11128,0,0
CELE_H08M01.73|21ur-6247,0,0
CELE_H08M01.42|21ur-2389,0,0
CELE_H08M01.91|21ur-8399,0,0
CELE_H08M01.63|21ur-12692,0,0
CELE_H08M01.106|21ur-10852,0,0
CELE_H08M01.25|21ur-2471,0,0
CELE_H08M01.59|21ur-10935,0,0
CELE_H08M01.9|21ur-1433,0,0
CELE_H08M01.75|21ur-15230,0,0
CELE_H08M01.36|21ur-642,0,0
CELE_H08M01.93|21ur-12809,0,0
CELE_H08M01.6|21ur-5063,0,0
CELE_H08M01.4|21ur-687,0,0
CELE_H08M01.3|21ur-3009,0,0
CELE_H08M01.65|21ur-14122,0,0
CELE_H08M01.5|21ur-4538,0,0
CELE_H08M01.79|21ur-11868,0,0
CELE_H08M01.44|21ur-4755,0,0
CELE_H08M01.18|21ur-2892,0,0
CELE_H08M01.64|21ur-8446,0,0
CELE_H08M01.96|21ur-15614,0,0
CELE_H08M01.117|21ur-15263,0,0
CELE_H08M01.26|21ur-3419,0,0
CELE_H08M01.7|21ur-1134,0,0
CELE_H08M01.13|21ur-1141,0,0
CELE_H08M01.84|21ur-9740,0,0
CELE_H08M01.103|21ur-8775,0,0
CELE_H08M01.60|21ur-5581,0,0
CELE_H08M01.104|21ur-7151,0,0
CELE_H08M01.2|rga-5,552,577
CELE_H08M01.1|H08M01.1,37,22
CELE_H08M01.92|21ur-6778,2,2
CELE_H08M01.66|21ur-10387,1,1
CELE_H08M01.77|21ur-7426,1,0
CELE_B0513.59|21ur-8107,0,0
CELE_B0513.74|21ur-10500,0,0
CELE_B0513.48|21ur-7173,0,0
CELE_B0513.42|21ur-2095,0,0
CELE_B0513.66|21ur-15221,0,0
CELE_B0513.14|21ur-2779,0,0
CELE_B0513.49|21ur-11045,0,0
CELE_B0513.40|21ur-1921,0,0
CELE_B0513.72|21ur-6745,0,0
CELE_B0513.69|21ur-12444,0,0
CELE_B0513.87|21ur-7913,0,0
CELE_B0513.9|vamp-8,198,295
CELE_B0513.27|21ur-296,1,0
CELE_B0513.64|21ur-6372,2,2
CELE_B0513.28|21ur-27,1,1
CELE_B0513.83|21ur-15594,0,0
CELE_B0513.80|21ur-7060,0,1
CELE_B0513.51|21ur-12638,0,0
CELE_B0513.67|21ur-14362,0,0
CELE_B0513.T1|B0513.t1,0,0
CELE_B0513.60|21ur-6702,0,0
CELE_B0513.81|21ur-9543,0,0
CELE_B0513.43|21ur-7671,0,1
CELE_B0513.45|21ur-11991,0,0
CELE_B0513.85|21ur-6095,0,0
CELE_B0513.30|21ur-5407,0,0
CELE_B0513.82|21ur-9656,0,0
CELE_B0513.68|21ur-7585,0,0
CELE_B0513.36|21ur-1417,0,0
CELE_B0513.15|21ur-2193,0,0
CELE_B0513.18|21ur-4407,0,0
CELE_B0513.61|21ur-12249,0,0
CELE_B0513.70|21ur-9699,0,1
CELE_B0513.52|21ur-14101,0,0
CELE_B0513.16|21ur-755,0,0
CELE_B0513.75|21ur-11242,0,0
CELE_B0513.63|21ur-11082,0,0
CELE_B0513.5|prdh-1,1632,2042
CELE_Y45F10D.94|21ur-13659,0,0
CELE_Y45F10D.84|21ur-9555,0,0
CELE_Y45F10D.36|21ur-3312,0,0
CELE_Y45F10D.119|21ur-15366,0,0
CELE_Y45F10D.60|21ur-12835,0,0
CELE_Y45F10D.91|21ur-8715,0,0
CELE_Y45F10D.12|rpl-18,45240,49792
CELE_Y45F10D.3|gly-10,4780,4534
CELE_Y45F10D.11|lact-9,846,621
CELE_Y45F10D.4|iscu-1,2630,2425
CELE_Y45F10D.10|icap-1,206,180
CELE_Y45F10D.9|sas-6,4264,3974
CELE_Y45F10D.7|Y45F10D.7,2199,2140
CELE_Y45F10D.6|Y45F10D.6,106,125
CELE_B0513.4|B0513.4,6541,5947
CELE_B0513.3|rpl-29,17785,15295
CELE_B0513.2|thoc-7,2864,2710
CELE_Y37A1A.128|21ur-12003,0,0
CELE_Y37A1A.46|21ur-679,0,0
CELE_Y37A1A.119|21ur-14393,0,0
CELE_Y37A1A.89|21ur-5917,0,0
CELE_Y37A1A.133|21ur-13913,0,0
CELE_Y37A1A.27|21ur-3602,0,0
CELE_Y37A1A.17|21ur-5446,0,0
CELE_Y37A1A.34|21ur-890,0,0
CELE_Y37A1A.87|21ur-7593,0,0
CELE_Y37A1A.18|21ur-2328,0,0
CELE_Y37A1A.114|21ur-9566,0,0
CELE_Y37A1A.107|21ur-14661,0,0
CELE_Y37A1A.77|21ur-10561,0,0
CELE_Y37A1A.44|21ur-1852,0,0
CELE_Y37A1A.56|21ur-1946,0,0
CELE_Y37A1A.91|21ur-5559,0,0
CELE_Y37A1A.52|21ur-1719,0,0
CELE_Y37A1A.31|21ur-3274,0,0
CELE_Y37A1A.117|21ur-7393,0,0
CELE_Y37A1A.78|21ur-10329,0,0
CELE_Y37A1A.9|21ur-1220,0,0
CELE_Y37A1A.30|21ur-4103,0,0
CELE_Y37A1A.111|21ur-8709,0,0
CELE_Y37A1A.3|Y37A1A.3,232,224
CELE_Y37A1A.130|21ur-12783,0,0
CELE_Y37A1A.144|21ur-14528,0,0
CELE_Y37A1A.14|21ur-1651,0,0
CELE_Y37A1A.12|21ur-2944,0,0
CELE_Y37A1A.39|21ur-3401,0,1
CELE_Y37A1A.125|21ur-5862,0,0
CELE_Y37A1A.96|21ur-10224,0,0
CELE_Y37A1A.41|21ur-5248,0,0
CELE_Y37A1A.45|21ur-1874,0,0
CELE_Y37A1A.127|21ur-14734,0,0
CELE_Y37A1A.142|21ur-7726,0,0
CELE_Y37A1A.70|21ur-3917,0,0
CELE_Y37A1A.7|21ur-1922,0,0
CELE_Y37A1A.104|21ur-6818,0,0
CELE_Y37A1A.137|21ur-5922,0,0
CELE_Y37A1A.84|21ur-13783,0,0
CELE_Y37A1A.106|21ur-6741,0,1
CELE_Y37A1A.5|21ur-527,0,0
CELE_Y37A1A.90|21ur-14069,0,0
CELE_Y37A1A.147|21ur-12936,0,0
CELE_Y37A1A.139|21ur-5518,0,0
CELE_Y37A1A.115|21ur-10321,0,0
CELE_Y37A1A.112|21ur-12729,0,0
CELE_Y37A1A.83|21ur-8907,0,0
CELE_Y37A1A.132|21ur-9533,0,0
CELE_Y37A1A.58|21ur-3542,0,0
CELE_Y37A1A.21|21ur-558,0,0
CELE_Y37A1A.20|21ur-926,0,0
CELE_Y37A1A.67|21ur-4180,0,0
CELE_Y37A1A.121|21ur-6404,0,0
CELE_Y37A1A.2|Y37A1A.2,272,274
CELE_B0513.26|21ur-3387,0,0
CELE_B0513.24|21ur-5027,0,0
CELE_B0513.37|21ur-4889,0,0
CELE_B0513.20|21ur-1259,0,0
CELE_B0513.55|21ur-14046,0,0
CELE_B0513.44|21ur-6720,0,0
CELE_B0513.21|21ur-406,0,0
CELE_B0513.13|21ur-1446,0,0
CELE_B0513.41|21ur-4195,0,0
CELE_B0513.62|21ur-15565,0,0
CELE_B0513.31|21ur-5378,0,0
CELE_B0513.1|lin-66,9238,9306
CELE_Y37A1A.122|21ur-14948,0,0
CELE_Y37A1A.4|Y37A1A.4,1261,992
CELE_Y37A1A.32|21ur-3923,0,0
CELE_Y37A1A.38|21ur-2028,0,0
CELE_Y37A1A.86|21ur-12902,0,0
CELE_Y37A1A.75|21ur-6309,0,0
CELE_Y37A1A.29|21ur-5043,0,0
CELE_Y37A1A.98|21ur-12065,0,0
CELE_Y37A1A.47|21ur-3883,0,0
CELE_C27H2.95|21ur-6803,0,0
CELE_C27H2.94|21ur-6189,0,0
CELE_C27H2.106|21ur-12016,0,0
CELE_C27H2.80|21ur-7227,0,0
CELE_C27H2.107|21ur-10725,0,0
CELE_C27H2.97|21ur-5811,0,0
CELE_C27H2.51|21ur-3179,0,0
CELE_C27H2.37|21ur-4257,0,0
CELE_C27H2.6|21ur-213,0,0
CELE_C27H2.70|21ur-8975,0,0
CELE_C27H2.11|21ur-5266,0,0
CELE_C27H2.89|21ur-15509,0,0
CELE_C27H2.63|21ur-5615,0,0
CELE_C27H2.49|21ur-3268,0,0
CELE_C27H2.47|21ur-1393,0,0
CELE_C27H2.65|21ur-13079,0,0
CELE_C27H2.24|21ur-4228,0,0
CELE_C27H2.46|21ur-2375,0,0
CELE_C27H2.85|21ur-8155,0,0
CELE_C27H2.71|21ur-6609,0,0
CELE_C27H2.108|21ur-6573,0,0
CELE_C27H2.50|21ur-3915,0,0
CELE_C27H2.77|21ur-11252,0,0
CELE_C27H2.42|21ur-4406,0,0
CELE_C27H2.93|21ur-13718,0,0
CELE_C27H2.56|21ur-4034,0,0
CELE_C27H2.73|21ur-11714,0,0
CELE_C27H2.52|21ur-264,0,0
CELE_C27H2.100|21ur-13644,0,0
CELE_C27H2.34|21ur-1757,0,0
CELE_C27H2.101|21ur-6201,0,0
CELE_C27H2.91|21ur-9124,0,0
CELE_C27H2.18|21ur-666,0,0
CELE_C27H2.67|21ur-13936,0,0
CELE_C27H2.15|21ur-823,0,0
CELE_C27H2.104|21ur-13490,0,0
CELE_C27H2.23|21ur-2698,0,0
CELE_C27H2.27|21ur-3129,0,0
CELE_C27H2.61|21ur-9948,0,0
CELE_C27H2.25|21ur-1474,0,0
CELE_C27H2.87|21ur-12643,0,0
CELE_C27H2.103|21ur-13983,0,0
CELE_C27H2.57|21ur-13957,0,0
CELE_C27H2.59|21ur-7579,0,0
CELE_C27H2.20|21ur-2934,0,0
CELE_C27H2.33|21ur-4641,0,0
CELE_C27H2.102|21ur-7113,0,0
CELE_C27H2.111|21ur-9831,0,0
CELE_C27H2.8|21ur-447,0,0
CELE_C27H2.72|21ur-7083,0,0
CELE_C27H2.112|21ur-13284,0,0
CELE_C27H2.38|21ur-3569,0,0
CELE_C27H2.78|21ur-14581,0,0
CELE_C27H2.43|21ur-998,0,0
CELE_C27H2.79|21ur-14852,0,0
CELE_C27H2.35|21ur-2917,0,0
CELE_C27H2.60|21ur-6825,0,0
CELE_C27H2.41|21ur-1588,0,0
CELE_C27H2.58|21ur-11255,0,0
CELE_C27H2.40|21ur-3720,0,0
CELE_C27H2.92|21ur-14483,0,0
CELE_C27H2.21|21ur-5105,0,0
CELE_C27H2.36|21ur-1388,0,0
CELE_C27H2.83|21ur-14366,0,0
CELE_C27H2.22|21ur-2554,0,0
CELE_C27H2.39|21ur-1472,0,0
CELE_C27H2.76|21ur-10532,0,0
CELE_C27H2.96|21ur-7388,0,0
CELE_C27H2.29|21ur-5012,0,0
CELE_C27H2.64|21ur-15337,0,0
CELE_C27H2.17|21ur-1925,0,0
CELE_C27H2.81|21ur-9252,0,0
CELE_C27H2.14|21ur-3531,0,0
CELE_C27H2.9|21ur-2638,0,0
CELE_C27H2.84|21ur-6757,0,0
CELE_C27H2.110|21ur-9887,0,0
CELE_C27H2.88|21ur-10625,0,0
CELE_C27H2.13|21ur-1936,0,0
CELE_C27H2.68|21ur-6523,0,0
CELE_C27H2.99|21ur-11323,0,0
CELE_C27H2.66|21ur-12624,0,0
CELE_C27H2.45|21ur-2460,0,0
CELE_C27H2.26|21ur-639,0,0
CELE_C27H2.7|21ur-805,0,0
CELE_C27H2.32|21ur-2115,0,0
CELE_C27H2.98|21ur-7488,0,0
CELE_C27H2.54|21ur-4829,0,0
CELE_C27H2.48|21ur-5368,0,0
CELE_C27H2.12|21ur-2035,0,0
CELE_C27H2.55|21ur-3760,0,0
CELE_C27H2.44|21ur-3497,0,0
CELE_C27H2.74|21ur-14675,0,0
CELE_C27H2.53|21ur-316,0,0
CELE_C27H2.109|21ur-9637,0,0
CELE_C27H2.105|21ur-15685,0,0
CELE_C27H2.19|21ur-3100,0,0
CELE_C27H2.30|21ur-3875,0,0
CELE_C27H2.82|21ur-5599,0,0
CELE_C27H2.86|21ur-6688,0,0
CELE_C27H2.16|21ur-3076,0,0
CELE_C27H2.75|21ur-13103,0,0
CELE_Y37A1B.310|21ur-10156,0,0
CELE_Y37A1B.15|gei-18,15,20
CELE_Y37A1B.68|21ur-181,0,0
CELE_Y37A1B.100|21ur-4217,0,0
CELE_Y37A1B.63|21ur-1879,0,0
CELE_Y37A1B.180|21ur-7150,0,0
CELE_Y37A1B.319|21ur-6334,0,0
CELE_Y37A1B.86|21ur-2838,0,0
CELE_Y37A1B.314|21ur-12222,0,0
CELE_Y37A1B.185|21ur-12154,0,0
CELE_Y37A1B.203|21ur-6270,1,0
CELE_Y37A1B.98|21ur-1737,0,0
CELE_Y37A1B.53|21ur-1342,0,0
CELE_Y37A1B.320|21ur-10423,0,0
CELE_Y37A1B.191|21ur-11253,0,0
CELE_Y37A1B.85|21ur-3331,0,0
CELE_Y37A1B.196|21ur-13348,0,0
CELE_Y37A1B.70|21ur-2741,0,0
CELE_Y37A1B.76|21ur-656,0,0
CELE_Y37A1B.175|21ur-9531,0,0
CELE_Y37A1B.273|21ur-14567,0,0
CELE_Y37A1B.92|21ur-637,0,0
CELE_Y37A1B.242|21ur-8854,0,0
CELE_Y37A1B.24|21ur-1612,0,0
CELE_Y37A1B.256|21ur-11792,0,0
CELE_Y37A1B.40|21ur-3788,0,0
CELE_Y37A1B.261|21ur-8962,0,0
CELE_Y37A1B.25|21ur-133,0,0
CELE_Y37A1B.167|21ur-8690,0,0
CELE_Y37A1B.28|21ur-1502,0,0
CELE_Y37A1B.133|21ur-4517,0,0
CELE_Y37A1B.224|21ur-7107,0,0
CELE_Y37A1B.247|21ur-6635,0,0
CELE_Y37A1B.272|21ur-6518,0,0
CELE_Y37A1B.101|21ur-4882,0,0
CELE_Y37A1B.298|21ur-10543,0,0
CELE_Y37A1B.26|21ur-520,0,0
CELE_Y37A1B.81|21ur-1778,0,0
CELE_Y37A1B.241|21ur-9437,0,0
CELE_Y37A1B.50|21ur-3578,0,0
CELE_Y37A1B.65|21ur-2766,0,0
CELE_Y37A1B.240|21ur-7983,0,0
CELE_Y37A1B.253|21ur-10218,0,0
CELE_Y37A1B.176|21ur-13311,0,0
CELE_Y37A1B.74|21ur-2865,0,0
CELE_Y37A1B.34|21ur-1092,0,0
CELE_Y37A1B.35|21ur-2421,0,0
CELE_Y37A1B.148|21ur-2432,0,0
CELE_Y37A1B.165|21ur-7833,0,0
CELE_Y37A1B.290|21ur-15137,0,0
CELE_Y37A1B.225|21ur-6318,0,0
CELE_Y37A1B.132|21ur-896,0,0
CELE_Y37A1B.58|21ur-5432,0,0
CELE_Y37A1B.316|21ur-13504,0,0
CELE_Y37A1B.264|21ur-11606,0,0
CELE_Y37A1B.210|21ur-7383,0,0
CELE_Y37A1B.219|21ur-6941,0,0
CELE_Y37A1B.83|21ur-1182,0,0
CELE_Y37A1B.27|21ur-5413,0,0
CELE_Y37A1B.161|21ur-9632,0,0
CELE_Y37A1B.178|21ur-7301,0,0
CELE_Y37A1B.120|21ur-3617,0,0
CELE_Y37A1B.309|21ur-10703,0,0
CELE_Y37A1B.117|21ur-3153,0,0
CELE_Y37A1B.139|21ur-5245,0,0
CELE_Y37A1B.116|21ur-965,0,0
CELE_Y37A1B.248|21ur-14666,0,0
CELE_Y37A1B.278|21ur-7414,0,0
CELE_Y37A1B.198|21ur-7353,0,0
CELE_Y37A1B.11|egl-23,221,203
CELE_Y37A1B.154|21ur-6008,0,0
CELE_Y37A1B.265|21ur-9648,0,0
CELE_Y37A1B.112|21ur-5328,0,0
CELE_Y37A1B.222|21ur-6433,0,0
CELE_Y37A1B.168|21ur-12833,0,0
CELE_Y37A1B.220|21ur-10137,0,0
CELE_Y37A1B.329|21ur-11477,0,0
CELE_Y37A1B.103|21ur-1110,0,0
CELE_Y37A1B.171|21ur-10206,0,0
CELE_Y37A1B.200|21ur-12477,0,0
CELE_Y37A1B.327|21ur-7297,0,0
CELE_Y37A1B.234|21ur-12446,0,0
CELE_Y37A1B.142|21ur-4279,0,0
CELE_Y37A1B.19|21ur-3726,0,0
CELE_Y37A1B.108|21ur-3633,0,0
CELE_Y37A1B.90|21ur-989,0,0
CELE_Y37A1B.204|21ur-6824,0,0
CELE_Y37A1B.305|21ur-12631,0,0
CELE_Y37A1B.321|21ur-6754,0,0
CELE_Y37A1B.206|21ur-14456,0,0
CELE_Y37A1B.192|21ur-15204,0,0
CELE_Y37A1B.166|21ur-12387,0,0
CELE_Y37A1B.235|21ur-9059,0,0
CELE_Y37A1B.105|21ur-3431,0,0
CELE_Y37A1B.66|21ur-2042,0,0
CELE_Y37A1B.285|21ur-10498,0,0
CELE_Y37A1B.88|21ur-3869,0,0
CELE_Y37A1B.274|21ur-10953,0,0
CELE_Y37A1B.315|21ur-8156,0,0
CELE_Y37A1B.147|21ur-4354,0,0
CELE_Y37A1B.127|21ur-4104,0,0
CELE_Y37A1B.89|21ur-2949,0,0
CELE_Y37A1B.325|21ur-12743,0,0
CELE_Y37A1B.97|21ur-5220,0,0
CELE_Y37A1B.294|21ur-12314,0,0
CELE_Y37A1B.41|21ur-4644,0,0
CELE_Y37A1B.306|21ur-15041,0,0
CELE_Y37A1B.104|21ur-314,0,0
CELE_Y37A1B.186|21ur-8199,0,0
CELE_Y37A1B.284|21ur-14427,0,0
CELE_Y37A1B.119|21ur-4562,0,0
CELE_Y37A1B.229|21ur-12357,0,0
CELE_Y37A1B.283|21ur-9178,0,0
CELE_Y37A1B.64|21ur-465,0,0
CELE_Y37A1B.231|21ur-7381,0,0
CELE_Y37A1B.43|21ur-2203,0,0
CELE_Y37A1B.179|21ur-6539,1,0
CELE_Y37A1B.232|21ur-11946,0,0
CELE_Y37A1B.239|21ur-6767,0,0
CELE_Y37A1B.233|21ur-10416,0,0
CELE_Y37A1B.136|21ur-2393,0,0
CELE_Y37A1B.7|Y37A1B.7,217,96
CELE_C27H2.69|21ur-5985,0,0
CELE_C27H2.28|21ur-1080,0,0
CELE_Y37A1B.183|21ur-6566,0,0
CELE_Y37A1B.209|21ur-15438,0,0
CELE_Y37A1B.287|21ur-7241,0,0
CELE_Y37A1B.87|21ur-4308,0,0
CELE_Y37A1B.169|21ur-6895,0,0
CELE_Y37A1B.292|21ur-8253,0,0
CELE_Y37A1B.252|21ur-12120,0,0
CELE_Y37A1B.17|dnbp-1,3085,2886
CELE_Y37A1B.5|semo-1,1356,1061
CELE_Y37A1B.123|21ur-2893,0,0
CELE_Y37A1B.39|21ur-745,0,0
CELE_Y37A1B.38|21ur-653,0,0
CELE_Y37A1B.262|21ur-14630,0,0
CELE_Y37A1B.207|21ur-10485,0,0
CELE_Y37A1B.279|21ur-5655,0,0
CELE_Y37A1B.135|21ur-5347,0,0
CELE_Y37A1B.157|21ur-14243,0,0
CELE_Y37A1B.269|21ur-11643,0,0
CELE_Y37A1B.121|21ur-787,0,0
CELE_Y37A1B.75|21ur-975,0,0
CELE_Y37A1B.55|21ur-557,0,0
CELE_Y37A1B.128|21ur-4346,0,0
CELE_Y37A1B.159|21ur-7394,0,0
CELE_Y37A1B.174|21ur-5769,0,0
CELE_Y37A1B.218|21ur-14181,0,0
CELE_Y37A1B.230|21ur-8684,0,0
CELE_Y37A1B.227|21ur-6595,0,0
CELE_Y37A1B.61|21ur-3353,0,0
CELE_Y37A1B.80|21ur-199,0,0
CELE_Y37A1B.260|21ur-8123,0,0
CELE_Y37A1B.228|21ur-13283,0,0
CELE_Y37A1B.114|21ur-2230,0,0
CELE_Y37A1B.102|21ur-3151,0,0
CELE_Y37A1B.20|21ur-2337,0,0
CELE_Y37A1B.318|21ur-6354,0,0
CELE_Y37A1B.299|21ur-6344,0,1
CELE_Y37A1B.188|21ur-8849,0,0
CELE_Y37A1B.276|21ur-9213,1,0
CELE_Y37A1B.2|lst-4,6699,8134
CELE_Y37A1B.1|ccar-1,18350,18059
CELE_F52B11.1|cfp-1,4780,4554
CELE_F52B11.2|F52B11.2,1968,1726
CELE_F52B11.33|21ur-4611,0,0
CELE_F52B11.19|21ur-5419,0,0
CELE_F52B11.15|21ur-1346,0,0
CELE_F52B11.17|21ur-2167,0,0
CELE_F52B11.97|21ur-8202,0,0
CELE_F52B11.98|21ur-11793,0,0
CELE_F52B11.22|21ur-1017,0,0
CELE_F52B11.34|21ur-3589,0,0
CELE_F52B11.81|21ur-6865,0,0
CELE_F52B11.54|21ur-14141,0,0
CELE_F52B11.80|21ur-10835,0,0
CELE_F52B11.28|21ur-3502,0,0
CELE_F52B11.30|21ur-300,0,0
CELE_F52B11.53|21ur-14226,0,0
CELE_F52B11.11|21ur-4885,0,0
CELE_F52B11.3|noah-2,8208,7249
CELE_F52B11.4|col-133,2258,614
CELE_F52B11.55|21ur-13673,0,0
CELE_F52B11.71|21ur-8646,0,0
CELE_F52B11.70|21ur-5750,0,0
CELE_F52B11.5|F52B11.5,135,110
CELE_H12I19.20|21ur-3571,0,0
CELE_H12I19.68|21ur-11324,0,0
CELE_H12I19.102|21ur-6409,0,0
CELE_H12I19.98|21ur-9296,0,0
CELE_H12I19.24|21ur-2064,0,0
CELE_H12I19.4|oac-37,0,0
CELE_H12I19.116|H12I19.116,0,0
CELE_R05A10.28|21ur-4408,0,0
CELE_R05A10.26|21ur-3173,0,0
CELE_R05A10.20|21ur-2940,0,0
CELE_R05A10.96|21ur-6938,1,0
CELE_R05A10.38|21ur-2833,0,0
CELE_R05A10.13|21ur-5323,0,0
CELE_R05A10.90|21ur-11305,0,0
CELE_R05A10.40|21ur-3909,0,0
CELE_R05A10.104|21ur-5709,0,0
CELE_R05A10.64|21ur-13986,0,0
CELE_R05A10.81|21ur-7007,0,0
CELE_R05A10.33|21ur-3014,0,0
CELE_R05A10.109|21ur-6994,0,0
CELE_R05A10.80|21ur-7069,0,0
CELE_R05A10.107|21ur-6014,0,0
CELE_R05A10.92|21ur-7246,0,0
CELE_R05A10.31|21ur-2022,0,0
CELE_R05A10.56|21ur-5373,0,0
CELE_R05A10.77|21ur-6788,0,0
CELE_R05A10.16|21ur-487,0,0
CELE_R05A10.105|21ur-5674,0,0
CELE_R05A10.46|21ur-1229,0,0
CELE_R05A10.4|R05A10.4,35,27
CELE_R05A10.78|21ur-8176,0,0
CELE_R05A10.39|21ur-4095,0,0
CELE_R05A10.93|21ur-8557,0,0
CELE_R05A10.74|21ur-11538,0,0
CELE_R05A10.75|21ur-15297,0,0
CELE_R05A10.114|21ur-11807,0,0
CELE_R05A10.86|21ur-10003,0,0
CELE_R05A10.47|21ur-59,0,0
CELE_R05A10.88|21ur-14967,0,0
CELE_R05A10.29|21ur-60,0,0
CELE_R05A10.95|21ur-12784,0,0
CELE_R05A10.34|21ur-4988,0,0
CELE_R05A10.3|R05A10.3,141,167
CELE_R05A10.66|21ur-7737,0,0
CELE_R05A10.51|21ur-3269,0,0
CELE_R05A10.103|21ur-6117,0,0
CELE_R05A10.99|21ur-14013,0,0
CELE_R05A10.23|21ur-169,0,0
CELE_R05A10.62|21ur-8436,0,0
CELE_R05A10.100|21ur-9053,0,0
CELE_R05A10.45|21ur-2609,0,0
CELE_R05A10.91|21ur-13110,0,0
CELE_R05A10.97|21ur-5890,0,0
CELE_R05A10.32|21ur-5169,0,0
CELE_R05A10.2|R05A10.2,206,138
CELE_K01G12.22|K01G12.22,0,0
CELE_R05A10.57|21ur-4046,0,0
CELE_R05A10.102|21ur-7834,0,0
CELE_R05A10.85|21ur-13452,0,0
CELE_R05A10.82|21ur-7161,0,0
CELE_R05A10.111|21ur-14541,0,0
CELE_R05A10.18|21ur-3157,0,0
CELE_R05A10.58|21ur-3876,0,0
CELE_R05A10.69|21ur-9390,0,0
CELE_R05A10.25|21ur-1362,0,0
CELE_R05A10.59|21ur-4485,0,0
CELE_R05A10.84|21ur-8429,0,0
CELE_R05A10.10|R05A10.10,0,0
CELE_K01G12.4|K01G12.4,0,0
CELE_K01G12.10|21ur-7764,0,0
CELE_K01G12.7|21ur-1149,0,0
CELE_K01G12.8|21ur-1745,0,0
CELE_K01G12.9|21ur-4929,0,0
CELE_K01G12.18|21ur-7934,0,0
CELE_K01G12.12|21ur-11721,0,0
CELE_K01G12.6|21ur-4868,0,0
CELE_K01G12.21|21ur-10164,0,0
CELE_K01G12.20|21ur-10857,0,0
CELE_K01G12.3|K01G12.3,448,468
CELE_F52B11.45|21ur-11316,0,0
CELE_Y37A1C.1|nkcc-1,6174,5758
CELE_Y37A1C.2|21ur-9362,0,0
CELE_H12I19.36|21ur-1337,0,0
CELE_H12I19.108|21ur-6862,0,0
CELE_H12I19.64|21ur-8615,0,0
CELE_H12I19.34|21ur-4044,0,0
CELE_H12I19.105|21ur-10478,0,0
CELE_H12I19.33|21ur-3716,0,0
CELE_H12I19.100|21ur-15091,0,0
CELE_H12I19.23|21ur-1085,0,0
CELE_H12I19.88|21ur-7267,0,0
CELE_H12I19.103|21ur-10565,0,0
CELE_H12I19.91|21ur-7097,0,0
CELE_H12I19.72|21ur-6096,0,0
CELE_H12I19.56|21ur-14840,0,0
CELE_H12I19.66|21ur-6529,0,0
CELE_H12I19.113|21ur-14210,0,0
CELE_H12I19.65|21ur-8333,0,0
CELE_H12I19.18|21ur-2995,0,0
CELE_H12I19.11|21ur-3115,0,0
CELE_H12I19.95|21ur-7021,0,0
CELE_H12I19.84|21ur-7125,0,0
CELE_H12I19.67|21ur-7175,0,0
CELE_H12I19.74|21ur-10503,0,0
CELE_H12I19.60|21ur-6593,0,0
CELE_H12I19.42|21ur-1999,0,0
CELE_H12I19.13|21ur-1799,0,0
CELE_F52B11.6|ins-34,438,427
CELE_F02H6.11|21ur-5228,0,1
CELE_F02H6.2|F02H6.2,1860,1670
CELE_F02H6.15|21ur-2743,0,0
CELE_F02H6.39|21ur-11660,0,0
CELE_F02H6.52|21ur-7517,0,0
CELE_Y64G10A.146|21ur-5310,0,0
CELE_Y64G10A.123|21ur-5179,0,0
CELE_Y64G10A.289|21ur-9876,0,0
CELE_Y64G10A.129|21ur-3506,0,0
CELE_Y64G10A.310|21ur-7417,0,0
CELE_Y64G10A.163|21ur-3461,0,0
CELE_Y64G10A.281|21ur-14172,0,0
CELE_Y64G10A.114|21ur-3484,0,0
CELE_Y64G10A.40|21ur-1602,0,0
CELE_Y64G10A.39|21ur-3174,0,0
CELE_Y64G10A.14|mir-798,0,0
CELE_Y64G10A.273|21ur-11582,0,0
CELE_Y64G10A.269|21ur-8416,0,0
CELE_Y64G10A.212|21ur-7914,0,0
CELE_Y64G10A.342|21ur-8006,0,0
CELE_Y64G10A.253|21ur-8241,0,0
CELE_Y64G10A.345|21ur-8294,0,0
CELE_Y64G10A.102|21ur-4008,0,0
CELE_Y64G10A.160|21ur-4957,0,0
CELE_Y64G10A.189|21ur-11583,0,0
CELE_Y64G10A.100|21ur-5380,0,0
CELE_Y64G10A.141|21ur-5409,0,0
CELE_Y64G10A.239|21ur-6695,0,0
CELE_Y64G10A.25|21ur-2345,0,0
CELE_Y64G10A.124|21ur-2496,0,0
CELE_Y64G10A.274|21ur-7231,0,0
CELE_Y64G10A.144|21ur-5321,0,0
CELE_Y64G10A.13|Y64G10A.13,0,0
CELE_Y64G10A.294|21ur-9121,0,0
CELE_Y64G10A.171|21ur-5773,0,0
CELE_Y64G10A.205|21ur-11626,0,0
CELE_Y64G10A.75|21ur-1251,0,0
CELE_Y64G10A.131|21ur-841,0,0
CELE_Y64G10A.169|21ur-15215,0,0
CELE_Y64G10A.15|21ur-1293,0,0
CELE_Y64G10A.235|21ur-14798,0,0
CELE_Y64G10A.26|21ur-1647,0,0
CELE_Y64G10A.6|ilcr-1,348,425
CELE_Y64G10A.32|21ur-391,1,0
CELE_F02H6.47|21ur-11222,0,0
CELE_F02H6.9|21ur-279,0,0
CELE_F02H6.59|21ur-10309,0,0
CELE_F02H6.10|21ur-4662,0,0
CELE_F02H6.42|21ur-6845,0,0
CELE_F02H6.44|21ur-6019,0,0
CELE_F02H6.62|21ur-10922,0,0
CELE_F02H6.60|21ur-5665,0,0
CELE_F02H6.68|21ur-5537,0,0
CELE_F02H6.69|21ur-13639,0,0
CELE_F02H6.34|21ur-5517,0,0
CELE_F02H6.40|21ur-10600,0,1
CELE_F02H6.56|21ur-7740,0,0
CELE_F02H6.8|21ur-4784,0,0
CELE_F02H6.5|sqrd-1,232,233
CELE_F02H6.50|21ur-14359,0,0
CELE_F02H6.51|21ur-14235,0,0
CELE_F02H6.58|21ur-11223,0,0
CELE_F02H6.57|21ur-13624,0,0
CELE_F02H6.27|21ur-278,0,1
CELE_F02H6.30|21ur-2507,0,0
CELE_F02H6.66|21ur-14177,0,0
CELE_F02H6.64|21ur-10097,0,0
CELE_F02H6.29|21ur-1334,0,0
CELE_F02H6.53|21ur-11684,0,0
CELE_F02H6.46|21ur-10273,0,0
CELE_F02H6.32|21ur-5260,0,0
CELE_F02H6.54|21ur-15671,0,0
CELE_F02H6.20|21ur-1098,0,0
CELE_F02H6.65|21ur-6630,0,0
CELE_F02H6.19|21ur-5163,0,0
CELE_F02H6.43|21ur-11194,0,0
CELE_F02H6.14|21ur-1019,0,0
CELE_F02H6.1|F02H6.1,319,297
CELE_F02H6.3|F02H6.3,2293,2237
CELE_F02H6.4|F02H6.4,1505,1223
CELE_F02H6.21|21ur-2670,1,0
CELE_Y64G10A.7|Y64G10A.7,689,676
CELE_Y64G10A.199|21ur-15527,0,0
CELE_Y64G10A.108|21ur-1270,0,0
CELE_Y64G10A.59|21ur-4700,0,0
CELE_Y64G10A.250|21ur-8079,0,0
CELE_Y64G10A.67|21ur-2586,0,0
CELE_Y64G10A.252|21ur-14523,0,0
CELE_Y64G10A.329|21ur-9212,0,0
CELE_Y64G10A.321|21ur-13636,0,0
CELE_Y64G10A.70|21ur-5076,0,0
CELE_Y64G10A.27|21ur-2819,0,0
CELE_Y64G10A.57|21ur-2744,0,0
CELE_Y64G10A.246|21ur-7281,0,0
CELE_Y64G10A.188|21ur-12603,0,0
CELE_Y64G10A.303|21ur-15080,0,0
CELE_Y64G10A.333|21ur-12064,0,0
CELE_Y64G10A.91|21ur-4853,0,0
CELE_Y64G10A.319|21ur-13362,0,0
CELE_Y64G10A.54|21ur-4337,0,0
CELE_Y64G10A.203|21ur-7690,0,0
CELE_Y64G10A.270|21ur-6065,0,0
CELE_Y64G10A.116|21ur-1578,0,0
CELE_Y64G10A.45|21ur-2149,0,0
CELE_Y64G10A.121|21ur-5101,0,0
CELE_Y64G10A.301|21ur-15453,0,0
CELE_Y64G10A.287|21ur-7718,0,0
CELE_Y64G10A.213|21ur-12104,0,0
CELE_Y64G10A.285|21ur-8344,0,0
CELE_Y64G10A.264|21ur-6169,0,0
CELE_Y64G10A.317|21ur-5939,0,0
CELE_Y64G10A.99|21ur-4168,0,0
CELE_Y64G10A.236|21ur-11362,0,0
CELE_Y64G10A.282|21ur-8360,0,0
CELE_Y64G10A.349|21ur-7108,0,0
CELE_Y64G10A.117|21ur-4157,0,0
CELE_Y64G10A.138|21ur-4946,0,0
CELE_Y64G10A.137|21ur-1552,0,0
CELE_Y64G10A.139|21ur-904,0,0
CELE_Y64G10A.241|21ur-8052,0,0
CELE_Y64G10A.277|21ur-9088,0,0
CELE_Y64G10A.258|21ur-13891,0,0
CELE_Y64G10A.77|21ur-562,0,0
CELE_Y64G10A.30|21ur-1659,0,0
CELE_Y64G10A.261|21ur-11535,0,0
CELE_Y64G10A.156|21ur-1900,0,0
CELE_Y64G10A.89|21ur-3742,0,0
CELE_Y64G10A.295|21ur-12678,0,0
CELE_Y64G10A.140|21ur-626,0,0
CELE_Y64G10A.271|21ur-12179,0,0
CELE_Y64G10A.80|21ur-3552,0,0
CELE_Y64G10A.92|21ur-2224,0,0
CELE_Y64G10A.85|21ur-5188,0,0
CELE_Y64G10A.249|21ur-8061,0,0
CELE_Y64G10A.71|21ur-2884,0,0
CELE_Y64G10A.272|21ur-5480,0,0
CELE_Y64G10A.24|21ur-5013,0,0
CELE_Y64G10A.58|21ur-320,0,0
CELE_Y64G10A.278|21ur-13987,0,0
CELE_Y64G10A.350|21ur-6958,0,0
CELE_Y64G10A.87|21ur-1391,0,0
CELE_Y64G10A.33|21ur-1420,0,0
CELE_Y64G10A.332|21ur-14538,0,0
CELE_Y64G10A.351|21ur-9434,0,0
CELE_Y64G10A.53|21ur-24,0,0
CELE_Y64G10A.316|21ur-7623,0,0
CELE_Y64G10A.288|21ur-6646,0,0
CELE_Y64G10A.293|21ur-7531,0,0
CELE_Y64G10A.331|21ur-13862,0,0
CELE_Y64G10A.232|21ur-8193,0,0
CELE_Y64G10A.290|21ur-8469,0,0
CELE_Y64G10A.185|21ur-6638,0,0
CELE_Y64G10A.215|21ur-8672,0,0
CELE_Y64G10A.291|21ur-13254,0,0
CELE_Y64G10A.172|21ur-6287,0,0
CELE_Y64G10A.309|21ur-7282,0,0
CELE_Y64G10A.344|21ur-6795,0,0
CELE_Y64G10A.298|21ur-14213,0,0
CELE_Y64G10A.55|21ur-5364,0,0
CELE_Y64G10A.262|21ur-5695,0,0
CELE_Y64G10A.136|21ur-251,0,0
CELE_Y64G10A.336|21ur-9966,0,0
CELE_Y64G10A.81|21ur-4854,0,0
CELE_Y64G10A.228|21ur-10963,0,0
CELE_Y64G10A.65|21ur-468,0,0
CELE_Y64G10A.207|21ur-10385,0,0
CELE_Y64G10A.313|21ur-10042,0,0
CELE_Y64G10A.83|21ur-4382,0,0
CELE_Y64G10A.46|21ur-3543,0,0
CELE_Y64G10A.311|21ur-15255,0,0
CELE_Y64G10A.151|21ur-3030,0,0
CELE_Y64G10A.218|21ur-15421,0,0
CELE_Y64G10A.355|Y64G10A.355,0,0
CELE_Y64G10A.247|21ur-14542,0,0
CELE_Y64G10A.267|21ur-9219,0,0
CELE_Y64G10A.245|21ur-13836,0,0
CELE_Y64G10A.280|21ur-13095,0,0
CELE_Y64G10A.145|21ur-2823,0,0
CELE_Y64G10A.155|21ur-4642,0,0
CELE_Y64G10A.330|21ur-7026,0,0
CELE_Y64G10A.50|21ur-4643,0,0
CELE_Y64G10A.259|21ur-13524,0,0
CELE_Y64G10A.305|21ur-5804,0,0
CELE_Y64G10A.275|21ur-10087,0,0
CELE_Y64G10A.166|21ur-12132,0,0
CELE_Y64G10A.164|21ur-317,0,0
CELE_Y64G10A.126|21ur-1166,0,0
CELE_Y67A10A.133|21ur-1006,0,0
CELE_Y67A10A.233|21ur-5536,0,0
CELE_Y67A10A.169|21ur-12924,0,0
CELE_Y67A10A.266|21ur-8204,0,0
CELE_Y67A10A.79|21ur-1631,0,0
CELE_Y64G10A.98|21ur-3730,1,0
CELE_Y64G10A.149|21ur-1023,1,0
CELE_Y67A10A.112|21ur-761,0,0
CELE_Y67A10A.44|21ur-2153,0,0
CELE_Y67A10A.314|21ur-5604,0,0
CELE_Y67A10A.287|21ur-14197,0,0
CELE_Y67A10A.338|21ur-9815,0,0
CELE_Y67A10A.11|Y67A10A.11,0,0
CELE_Y67A10A.121|21ur-879,0,0
CELE_Y67A10A.3|Y67A10A.3,0,0
CELE_Y67A10A.191|21ur-7656,0,0
CELE_Y67A10A.341|21ur-12320,0,0
CELE_Y67A10A.276|21ur-11915,0,0
CELE_Y67A10A.22|21ur-4821,0,0
CELE_Y67A10A.227|21ur-11189,0,0
CELE_Y67A10A.324|21ur-8782,0,0
CELE_Y67A10A.102|21ur-3874,0,0
CELE_Y67A10A.17|21ur-3239,0,0
CELE_Y67A10A.122|21ur-4505,0,0
CELE_Y67A10A.26|21ur-3731,0,0
CELE_Y67A10A.178|21ur-13042,0,0
CELE_Y67A10A.4|fbxa-83,442,361
CELE_Y67A10A.77|21ur-138,1,0
CELE_Y67A10A.273|21ur-9650,1,0
CELE_Y67A10A.14|Y67A10A.14,7,0
CELE_Y67A10A.265|21ur-7798,0,0
CELE_Y67A10A.317|21ur-13427,0,0
CELE_Y67A10A.41|21ur-1326,0,0
CELE_Y67A10A.181|21ur-9851,0,0
CELE_Y67A10A.207|21ur-8305,0,0
CELE_Y67A10A.10|srlf-28,296,268
CELE_Y67A10A.160|21ur-13868,0,0
CELE_Y67A10A.31|21ur-729,0,0
CELE_Y67A10A.65|21ur-283,0,0
CELE_Y67A10A.216|21ur-14130,0,0
CELE_Y67A10A.294|21ur-5746,0,0
CELE_Y67A10A.310|21ur-9227,0,0
CELE_Y67A10A.251|21ur-12741,0,0
CELE_Y67A10A.244|21ur-10683,0,0
CELE_Y67A10A.33|21ur-5313,0,0
CELE_Y67A10A.283|21ur-6165,0,0
CELE_Y67A10A.267|21ur-14984,0,0
CELE_Y67A10A.144|21ur-5160,0,0
CELE_Y67A10A.253|21ur-10932,0,0
CELE_Y67A10A.140|21ur-5042,0,0
CELE_Y67A10A.225|21ur-9955,0,0
CELE_Y67A10A.220|21ur-13597,0,0
CELE_Y67A10A.286|21ur-7312,0,0
CELE_Y67A10A.243|21ur-9623,0,0
CELE_Y67A10A.128|21ur-1938,0,0
CELE_Y67A10A.6|ssu-2,120,81
CELE_Y67A10A.315|21ur-6815,0,0
CELE_Y67A10A.92|21ur-4423,0,0
CELE_Y67A10A.325|21ur-8888,0,0
CELE_Y67A10A.312|21ur-11971,0,0
CELE_Y67A10A.29|21ur-3360,0,0
CELE_Y67A10A.268|21ur-15172,0,0
CELE_Y67A10A.250|21ur-7497,0,0
CELE_Y67A10A.75|21ur-3721,0,0
CELE_Y67A10A.62|21ur-4435,0,0
CELE_Y67A10A.28|21ur-2023,0,0
CELE_Y67A10A.249|21ur-6982,0,0
CELE_Y67A10A.45|21ur-4086,0,0
CELE_Y67A10A.20|21ur-1049,0,0
CELE_Y67A10A.142|21ur-4167,0,0
CELE_Y67A10A.23|21ur-2085,0,0
CELE_Y67A10A.177|21ur-12043,0,0
CELE_Y67A10A.100|21ur-3517,0,0
CELE_Y67A10A.129|21ur-4790,0,0
CELE_Y67A10A.199|21ur-14056,0,0
CELE_Y67A10A.147|21ur-6438,0,0
CELE_Y67A10A.278|21ur-8379,0,0
CELE_Y67A10A.139|21ur-35,0,0
CELE_Y67A10A.89|21ur-3343,0,0
CELE_Y67A10A.94|21ur-1062,0,0
CELE_Y67A10A.135|21ur-2518,0,0
CELE_Y67A10A.200|21ur-14399,0,0
CELE_Y67A10A.87|21ur-2166,0,0
CELE_Y67A10A.84|21ur-3469,0,0
CELE_Y67A10A.30|21ur-2556,0,0
CELE_Y67A10A.42|21ur-4795,0,0
CELE_Y67A10A.291|21ur-13629,0,0
CELE_Y67A10A.24|21ur-710,0,0
CELE_Y67A10A.143|21ur-4905,0,0
CELE_Y67A10A.183|21ur-10004,0,0
CELE_Y67A10A.145|21ur-952,0,0
CELE_Y67A10A.104|21ur-3400,0,0
CELE_Y67A10A.152|21ur-5496,0,0
CELE_Y67A10A.304|21ur-8377,0,0
CELE_Y67A10A.110|21ur-3042,0,0
CELE_Y67A10A.302|21ur-12883,0,0
CELE_Y67A10A.322|21ur-13582,0,0
CELE_Y67A10A.134|21ur-4281,0,0
CELE_Y67A10A.156|21ur-15376,0,0
CELE_Y67A10A.85|21ur-3406,0,0
CELE_Y67A10A.241|21ur-12181,0,0
CELE_Y67A10A.329|21ur-13132,0,0
CELE_Y67A10A.252|21ur-11167,0,0
CELE_Y67A10A.93|21ur-3878,0,0
CELE_Y67A10A.69|21ur-2891,0,0
CELE_Y67A10A.246|21ur-10940,0,0
CELE_Y67A10A.124|21ur-859,0,0
CELE_Y67A10A.63|21ur-1644,0,0
CELE_Y67A10A.76|21ur-208,0,0
CELE_Y67A10A.328|21ur-5963,0,0
CELE_Y67A10A.257|21ur-10878,0,0
CELE_Y67A10A.197|21ur-10407,0,0
CELE_Y67A10A.223|21ur-10608,0,0
CELE_Y67A10A.162|21ur-9394,0,0
CELE_Y67A10A.7|Y67A10A.7,77,85
CELE_Y67A10A.8|paqr-3,40,19
CELE_Y67A10A.296|21ur-8262,0,0
CELE_Y67A10A.32|21ur-491,0,0
CELE_Y67A10A.256|21ur-7395,0,0
CELE_Y67A10A.119|21ur-466,0,0
CELE_Y67A10A.146|21ur-8062,0,0
CELE_Y67A10A.228|21ur-12015,0,0
CELE_Y67A10A.50|21ur-175,0,0
CELE_Y67A10A.277|21ur-10681,0,0
CELE_Y67A10A.109|21ur-2240,0,0
CELE_Y67A10A.158|21ur-7697,0,0
CELE_Y67A10A.285|21ur-14594,0,0
CELE_Y67A10A.254|21ur-11976,0,0
CELE_Y67A10A.68|21ur-581,0,0
CELE_Y67A10A.262|21ur-14962,0,0
CELE_Y67A10A.37|21ur-3454,0,0
CELE_Y67A10A.184|21ur-10045,0,0
CELE_Y67A10A.342|Y67A10A.342,0,0
CELE_Y67A10A.311|21ur-10870,0,0
CELE_Y67A10A.59|21ur-1797,0,0
CELE_Y67A10A.306|21ur-7894,0,0
CELE_Y67A10A.80|21ur-1981,0,0
CELE_Y67A10A.18|21ur-5345,0,0
CELE_Y67A10A.316|21ur-14809,0,0
CELE_Y67A10A.39|21ur-147,0,0
CELE_Y67A10A.211|21ur-8622,0,0
CELE_Y67A10A.339|21ur-8222,0,0
CELE_Y67A10A.157|21ur-7933,0,0
CELE_Y67A10A.74|21ur-1783,0,0
CELE_Y67A10A.138|21ur-567,0,0
CELE_Y67A10A.111|21ur-5351,0,0
CELE_Y67A10A.150|21ur-5944,0,0
CELE_Y67A10A.279|21ur-14879,0,0
CELE_Y67A10A.234|21ur-11227,0,0
CELE_Y67A10A.98|21ur-1443,0,0
CELE_Y67A10A.46|21ur-3723,0,0
CELE_Y67A10A.60|21ur-961,0,0
CELE_Y67A10A.123|21ur-688,0,0
CELE_Y67A10A.51|21ur-3183,0,0
CELE_Y67A10A.153|21ur-10694,0,0
CELE_Y67A10A.9|clc-8,310,308
CELE_F55B11.6|F55B11.6,13,10
CELE_F55B11.102|21ur-12077,0,0
CELE_F55B11.43|21ur-4947,0,0
CELE_F55B11.57|21ur-4769,0,0
CELE_F55B11.69|21ur-13638,0,0
CELE_F55B11.124|21ur-9331,0,0
CELE_F55B11.40|21ur-5423,0,0
CELE_F55B11.52|21ur-3333,0,0
CELE_F55B11.81|21ur-13366,0,0
CELE_F55B11.7|F55B11.7,18,0
CELE_F55B11.75|21ur-13521,0,0
CELE_F55B11.13|21ur-2479,0,0
CELE_F55B11.118|21ur-6038,0,0
CELE_F55B11.84|21ur-8983,0,0
CELE_F55B11.70|21ur-12389,0,0
CELE_F55B11.105|21ur-9086,0,0
CELE_F55B11.85|21ur-5960,0,0
CELE_F55B11.59|21ur-5219,0,0
CELE_F55B11.29|21ur-4802,0,0
CELE_F55B11.50|21ur-3692,0,0
CELE_F55B11.83|21ur-5509,0,0
CELE_F55B11.86|21ur-10577,0,0
CELE_F55B11.65|21ur-14605,0,0
CELE_F55B11.56|21ur-3420,0,0
CELE_F55B11.101|21ur-9154,0,0
CELE_F55B11.33|21ur-3598,0,0
CELE_F55B11.78|21ur-7152,0,0
CELE_F55B11.16|21ur-9,0,0
CELE_F55B11.27|21ur-2270,0,1
CELE_F55B11.26|21ur-785,0,0
CELE_F55B11.25|21ur-5275,0,0
CELE_F55B11.125|21ur-12095,0,0
CELE_F55B11.79|21ur-5921,0,0
CELE_F55B11.21|21ur-3887,0,0
CELE_F55B11.41|21ur-3325,0,0
CELE_F55B11.94|21ur-13023,0,0
CELE_F55B11.9|21ur-5367,0,0
CELE_F55B11.49|21ur-2456,0,0
CELE_F55B11.12|21ur-1190,0,0
CELE_F55B11.31|21ur-4568,0,0
CELE_F55B11.32|21ur-5235,0,0
CELE_F55B11.30|21ur-4147,0,0
CELE_F55B11.92|21ur-12050,0,0
CELE_F55B11.93|21ur-12579,0,0
CELE_F55B11.35|21ur-418,0,0
CELE_F55B11.89|21ur-15205,0,0
CELE_F55B11.54|21ur-3881,0,0
CELE_F55B11.120|21ur-8071,0,0
CELE_F55B11.28|21ur-3056,0,0
CELE_F55B11.11|21ur-4793,0,0
CELE_F55B11.77|21ur-6422,0,0
CELE_F55B11.128|21ur-10531,0,0
CELE_F55B11.112|21ur-15406,0,0
CELE_F55B11.76|21ur-14336,0,0
CELE_F55B11.97|21ur-6050,0,0
CELE_F55B11.91|21ur-10026,0,0
CELE_F55B11.60|21ur-8417,0,0
CELE_F55B11.63|21ur-11923,0,0
CELE_F55B11.15|21ur-3120,0,0
CELE_F55B11.95|21ur-6700,0,0
CELE_F55B11.48|21ur-4676,0,0
CELE_F55B11.96|21ur-10962,0,0
CELE_F55B11.117|21ur-6960,0,0
CELE_F55B11.131|21ur-13022,0,0
CELE_F55B11.72|21ur-10173,0,0
CELE_F55B11.122|21ur-6805,0,0
CELE_F55B11.127|21ur-10212,0,0
CELE_F55B11.116|21ur-11287,0,0
CELE_F55B11.34|21ur-1811,0,0
CELE_F55B11.36|21ur-4878,0,0
CELE_F55B11.47|21ur-3236,0,0
CELE_F55B11.109|21ur-15100,0,0
CELE_F55B11.44|21ur-2534,0,0
CELE_F55B11.23|21ur-2611,0,0
CELE_F55B11.22|21ur-1681,0,0
CELE_F55B11.1|xdh-1,2289,2090
CELE_F55B11.74|21ur-12640,0,0
CELE_F55B11.67|21ur-9235,0,0
CELE_F55B11.107|21ur-8511,0,0
CELE_F55B11.2|F55B11.2,5024,4576
CELE_F55B11.71|21ur-13728,0,0
CELE_F55B11.3|F55B11.3,3166,3086
CELE_F55B11.5|F55B11.5,260,255
CELE_F55B11.90|21ur-12346,0,0
CELE_F55B11.99|21ur-9619,0,0
CELE_F55B11.45|21ur-4387,0,0
CELE_F55B11.4|F55B11.4,2412,1667
CELE_F55B11.114|21ur-11493,1,1
CELE_LLC1.1|tra-3,1998,2102
CELE_LLC1.97|21ur-6206,0,0
CELE_LLC1.19|21ur-1077,0,0
CELE_LLC1.32|21ur-598,0,0
CELE_LLC1.103|21ur-11894,0,0
CELE_LLC1.119|21ur-9102,0,0
CELE_LLC1.104|21ur-14853,0,0
CELE_LLC1.100|21ur-10214,0,0
CELE_LLC1.43|21ur-1679,0,0
CELE_LLC1.33|21ur-442,0,0
CELE_LLC1.45|21ur-1487,0,0
CELE_LLC1.78|21ur-6311,0,0
CELE_LLC1.41|21ur-4245,0,0
CELE_LLC1.28|21ur-852,0,0
CELE_LLC1.16|21ur-1871,0,0
CELE_LLC1.61|21ur-12972,0,0
CELE_LLC1.86|21ur-9493,0,0
CELE_LLC1.68|21ur-12096,0,0
CELE_LLC1.92|21ur-14073,0,0
CELE_LLC1.6|21ur-1438,0,0
CELE_LLC1.75|21ur-8754,0,0
CELE_LLC1.13|21ur-3472,0,0
CELE_LLC1.29|21ur-1081,0,0
CELE_LLC1.44|21ur-1842,0,0
CELE_LLC1.112|21ur-8112,0,0
CELE_LLC1.59|21ur-12791,1,0
CELE_LLC1.10|21ur-5258,0,0
CELE_LLC1.117|21ur-11848,0,0
CELE_LLC1.76|21ur-7680,0,0
CELE_LLC1.17|21ur-3688,0,0
CELE_LLC1.118|21ur-7484,0,0
CELE_LLC1.91|21ur-10590,0,0
CELE_LLC1.52|21ur-8919,0,0
CELE_LLC1.65|21ur-12122,0,0
CELE_LLC1.11|21ur-726,0,0
CELE_LLC1.82|21ur-12114,0,0
CELE_LLC1.107|21ur-7019,0,0
CELE_LLC1.42|21ur-5077,0,0
CELE_LLC1.71|21ur-10487,0,0
CELE_LLC1.85|21ur-10054,0,0
CELE_LLC1.55|21ur-11730,0,0
CELE_LLC1.110|21ur-14972,0,0
CELE_LLC1.111|21ur-9482,0,0
CELE_LLC1.12|21ur-3382,0,0
CELE_LLC1.88|21ur-6142,0,0
CELE_LLC1.95|21ur-8658,0,0
CELE_LLC1.56|21ur-13462,0,0
CELE_LLC1.74|21ur-15207,0,0
CELE_LLC1.47|21ur-8833,0,0
CELE_LLC1.9|21ur-400,0,0
CELE_LLC1.37|21ur-5017,0,0
CELE_LLC1.116|21ur-6432,0,0
CELE_LLC1.84|21ur-11537,0,0
CELE_LLC1.94|21ur-10920,0,0
CELE_LLC1.34|21ur-898,0,0
CELE_LLC1.62|21ur-9432,0,0
CELE_LLC1.98|21ur-13183,0,0
CELE_LLC1.35|21ur-3363,0,0
CELE_LLC1.48|21ur-12052,0,0
CELE_LLC1.89|21ur-13476,0,0
CELE_LLC1.5|21ur-719,0,0
CELE_LLC1.40|21ur-3824,0,0
CELE_LLC1.20|21ur-3995,0,0
CELE_LLC1.2|nspg-9,12827,7797
CELE_Y57G11A.107|21ur-9221,0,0
CELE_Y57G11A.75|21ur-4573,0,0
CELE_Y57G11A.134|21ur-7876,0,0
CELE_Y57G11A.192|21ur-8953,0,0
CELE_Y57G11A.86|21ur-6912,0,0
CELE_Y57G11A.111|21ur-13795,0,0
CELE_Y57G11A.30|21ur-1301,0,0
CELE_Y57G11A.160|21ur-14454,0,0
CELE_Y57G11A.44|21ur-4875,0,0
CELE_Y57G11A.45|21ur-3159,0,0
CELE_Y57G11A.76|21ur-3193,0,0
CELE_Y57G11A.157|21ur-11467,0,0
CELE_Y57G11A.55|21ur-4450,0,0
CELE_Y57G11A.25|21ur-3354,0,0
CELE_Y57G11A.102|21ur-9665,0,0
CELE_Y57G11A.169|21ur-5971,0,0
CELE_Y57G11A.221|21ur-10633,0,0
CELE_Y57G11A.46|21ur-1667,0,1
CELE_Y57G11A.4|Y57G11A.4,411,226
CELE_LLC1.3|dld-1,11972,10819
CELE_Y57G11A.26|21ur-4592,0,0
CELE_T27E7.37|21ur-485,0,0
CELE_T27E7.53|21ur-6673,0,0
CELE_T27E7.48|21ur-8608,0,0
CELE_T27E7.33|21ur-1794,0,0
CELE_T27E7.40|21ur-8570,0,0
CELE_T27E7.69|21ur-6342,0,0
CELE_T27E7.71|21ur-10394,0,0
CELE_T27E7.70|21ur-13971,0,0
CELE_T27E7.73|21ur-8966,0,0
CELE_T27E7.10|T27E7.10,35,46
CELE_Y57G11A.2|Y57G11A.2,464,129
CELE_T27E7.1|T27E7.1,208,92
CELE_T27E7.26|21ur-738,0,0
CELE_Y57G11B.164|21ur-11375,0,0
CELE_Y57G11B.1|pals-30,20,0
CELE_Y57G11A.91|21ur-9748,0,0
CELE_Y57G11A.207|21ur-9869,0,0
CELE_Y57G11A.150|21ur-8300,0,0
CELE_Y57G11A.212|21ur-14691,0,0
CELE_Y57G11A.58|21ur-2437,0,0
CELE_Y57G11A.41|21ur-2671,0,0
CELE_Y57G11A.196|21ur-10142,0,0
CELE_Y57G11A.17|21ur-3114,0,0
CELE_Y57G11A.170|21ur-8425,0,0
CELE_Y57G11A.38|21ur-5000,0,0
CELE_Y57G11A.180|21ur-6765,0,0
CELE_Y57G11A.133|21ur-12533,0,0
CELE_Y57G11A.191|21ur-10637,0,0
CELE_Y57G11A.31|21ur-346,0,0
CELE_Y57G11A.149|21ur-7736,0,0
CELE_Y57G11A.125|21ur-7528,0,0
CELE_Y57G11A.36|21ur-2494,0,0
CELE_Y57G11A.139|21ur-11601,0,0
CELE_Y57G11A.9|21ur-2719,0,0
CELE_Y57G11A.161|21ur-6950,0,0
CELE_Y57G11A.103|21ur-6349,0,0
CELE_Y57G11A.226|Y57G11A.226,0,0
CELE_Y57G11A.109|21ur-8141,0,0
CELE_Y57G11A.57|21ur-5142,0,0
CELE_Y57G11A.13|21ur-1968,0,0
CELE_Y57G11A.85|21ur-12443,0,0
CELE_Y57G11A.172|21ur-12571,0,0
CELE_Y57G11A.156|21ur-15338,0,0
CELE_Y57G11A.193|21ur-5511,0,0
CELE_Y57G11A.210|21ur-6082,0,0
CELE_Y57G11A.153|21ur-9428,0,0
CELE_Y57G11A.120|21ur-6444,0,0
CELE_Y57G11A.123|21ur-15110,0,0
CELE_Y57G11A.22|21ur-4748,0,0
CELE_Y57G11A.146|21ur-9471,0,0
CELE_Y57G11A.155|21ur-11716,0,0
CELE_Y57G11A.185|21ur-5828,0,0
CELE_Y57G11A.213|21ur-5764,0,0
CELE_Y57G11A.78|21ur-4272,0,0
CELE_Y57G11A.80|21ur-1793,0,0
CELE_Y57G11A.53|21ur-4819,0,0
CELE_Y57G11A.16|21ur-5450,0,0
CELE_Y57G11A.144|21ur-11791,0,0
CELE_Y57G11A.154|21ur-14299,0,0
CELE_Y57G11A.24|21ur-5227,0,0
CELE_Y57G11A.130|21ur-8595,0,0
CELE_Y57G11A.42|21ur-1675,0,0
CELE_Y57G11A.94|21ur-10101,0,0
CELE_Y57G11A.225|Y57G11A.225,0,0
CELE_Y57G11A.128|21ur-14707,0,0
CELE_Y57G11A.72|21ur-1115,0,0
CELE_Y57G11A.163|21ur-7869,0,0
CELE_Y57G11A.118|21ur-6679,0,0
CELE_Y57G11A.56|21ur-3708,0,0
CELE_Y57G11A.181|21ur-12905,0,0
CELE_Y57G11A.211|21ur-6479,0,0
CELE_Y57G11A.174|21ur-9071,0,0
CELE_Y57G11A.178|21ur-5778,0,0
CELE_Y57G11A.87|21ur-9701,0,0
CELE_Y57G11A.159|21ur-13269,0,0
CELE_Y57G11A.204|21ur-6559,0,0
CELE_Y57G11A.175|21ur-6112,0,0
CELE_Y57G11A.79|21ur-1668,0,0
CELE_Y57G11A.92|21ur-8443,0,0
CELE_Y57G11A.165|21ur-8496,0,0
CELE_Y57G11A.59|21ur-3746,0,0
CELE_Y57G11A.152|21ur-9995,0,0
CELE_Y57G11A.208|21ur-6208,0,0
CELE_Y57G11A.138|21ur-5690,0,0
CELE_Y57G11A.100|21ur-8523,0,0
CELE_Y57G11A.73|21ur-3125,0,0
CELE_Y57G11A.74|21ur-1196,0,0
CELE_Y57G11A.90|21ur-13793,0,0
CELE_Y57G11A.110|21ur-13761,0,0
CELE_Y57G11A.40|21ur-2238,0,0
CELE_Y57G11A.214|21ur-7117,0,0
CELE_Y57G11A.121|21ur-5625,0,0
CELE_Y57G11A.51|21ur-600,0,0
CELE_Y57G11A.136|21ur-7256,0,0
CELE_Y57G11A.141|21ur-13361,0,0
CELE_Y57G11A.64|21ur-2062,0,0
CELE_Y57G11A.39|21ur-1515,0,0
CELE_Y57G11A.201|21ur-14507,0,0
CELE_Y57G11A.48|21ur-3358,0,0
CELE_Y57G11A.18|21ur-4554,0,0
CELE_Y57G11A.19|21ur-4464,0,0
CELE_Y57G11A.54|21ur-907,0,0
CELE_Y57G11A.114|21ur-9293,0,0
CELE_Y57G11A.105|21ur-7487,0,0
CELE_Y57G11A.8|21ur-3942,0,0
CELE_Y57G11A.222|21ur-6364,0,0
CELE_Y57G11A.183|21ur-7599,0,0
CELE_Y57G11A.49|21ur-2498,0,0
CELE_Y57G11A.143|21ur-9659,0,0
CELE_Y57G11A.113|21ur-13477,0,0
CELE_Y57G11A.187|21ur-12535,0,0
CELE_Y57G11A.119|21ur-9027,0,0
CELE_Y57G11A.127|21ur-10580,0,0
CELE_Y57G11A.43|21ur-4220,0,0
CELE_Y57G11A.1|tag-273,2926,2170
CELE_Y57G11A.47|21ur-5327,2,1
CELE_Y57G11B.97|glb-34,0,0
CELE_Y57G11B.220|21ur-8664,0,0
CELE_Y57G11B.212|21ur-6685,0,0
CELE_Y57G11B.131|21ur-10954,0,0
CELE_Y57G11B.87|21ur-1155,0,0
CELE_Y57G11B.75|21ur-1805,0,0
CELE_Y57G11B.36|21ur-469,0,0
CELE_Y57G11B.112|21ur-7311,0,0
CELE_Y57G11B.136|21ur-6219,0,0
CELE_Y57G11B.144|21ur-14993,0,0
CELE_Y57G11B.40|21ur-1943,0,0
CELE_Y57G11B.155|21ur-7895,1,0
CELE_Y57G11B.43|21ur-2146,0,0
CELE_Y57G11B.148|21ur-12985,0,0
CELE_Y57G11B.107|21ur-13402,0,0
CELE_Y57G11B.47|21ur-682,0,0
CELE_Y57G11B.35|21ur-4524,0,0
CELE_Y57G11B.104|21ur-7847,0,0
CELE_Y57G11B.210|21ur-6221,0,0
CELE_Y57G11B.92|21ur-2962,0,0
CELE_Y57G11B.211|21ur-10320,1,1
CELE_Y57G11B.2|Y57G11B.2,270,335
CELE_Y57G11B.3|Y57G11B.3,15,0
CELE_Y57G11B.223|Y57G11B.223,6,0
CELE_Y57G11B.8|Y57G11B.8,17,16
CELE_Y57G11B.71|21ur-1822,0,0
CELE_Y57G11B.132|21ur-7944,0,0
CELE_Y57G11B.154|21ur-7129,0,0
CELE_Y57G11B.57|21ur-635,0,0
CELE_Y57G11B.7|irld-18,26,0
CELE_F13G11.73|21ur-14944,0,0
CELE_Y57G11B.4|Y57G11B.4,0,0
CELE_Y57G11B.34|21ur-3653,0,0
CELE_Y57G11B.5|Y57G11B.5,6113,5413
CELE_F13G11.58|21ur-12113,0,0
CELE_F13G11.4|21ur-3736,0,0
CELE_F13G11.97|21ur-5675,0,0
CELE_F13G11.62|21ur-9243,0,0
CELE_F13G11.80|21ur-9192,0,0
CELE_F13G11.2|irld-4,16,0
CELE_F13G11.139|21ur-5782,0,0
CELE_F13G11.56|21ur-14927,0,0
CELE_F13G11.38|21ur-4363,0,0
CELE_F13G11.116|21ur-9380,0,0
CELE_F13G11.107|21ur-7056,0,0
CELE_F13G11.78|21ur-15353,0,0
CELE_F13G11.57|21ur-9910,0,0
CELE_F13G11.126|21ur-6869,0,0
CELE_F13G11.144|F13G11.144,0,0
CELE_F13G11.1|dmd-6,2959,2874
CELE_F13G11.120|21ur-8883,1,0
CELE_F13G11.130|21ur-8115,1,1
CELE_F13G11.103|21ur-6044,1,0
CELE_F13G11.18|21ur-5138,1,1
CELE_Y57G11C.140|21ur-3237,0,0
CELE_Y57G11C.86|21ur-2424,0,0
CELE_Y57G11C.724|21ur-15517,0,0
CELE_Y57G11C.61|21ur-2918,0,0
CELE_Y57G11C.260|21ur-2301,0,0
CELE_Y57G11C.340|21ur-864,0,0
CELE_Y57G11C.541|21ur-6285,0,0
CELE_Y57G11C.736|21ur-12171,0,0
CELE_Y57G11C.440|21ur-3886,0,0
CELE_Y57G11C.301|21ur-2543,0,0
CELE_Y57G11C.1127|21ur-8423,0,0
CELE_Y57G11C.388|21ur-2858,0,0
CELE_Y57G11C.83|21ur-4541,0,0
CELE_Y57G11C.39|srlf-27,16,12
CELE_Y57G11C.538|21ur-6980,0,0
CELE_Y57G11C.320|21ur-2044,0,0
CELE_Y57G11C.138|21ur-2882,0,0
CELE_Y57G11C.293|21ur-3085,0,0
CELE_Y57G11C.814|21ur-11383,0,0
CELE_Y57G11C.253|21ur-845,0,0
CELE_Y57G11C.85|21ur-2594,0,0
CELE_Y57G11C.914|21ur-6524,0,0
CELE_Y57G11C.318|21ur-5346,0,0
CELE_Y57G11C.668|21ur-8776,0,0
CELE_Y57G11C.932|21ur-9092,0,0
CELE_Y57G11C.804|21ur-13451,0,0
CELE_Y57G11C.261|21ur-2862,0,0
CELE_Y57G11C.120|21ur-351,0,0
CELE_Y57G11C.646|21ur-10545,0,0
CELE_Y57G11C.786|21ur-8532,0,0
CELE_Y57G11C.791|21ur-12509,0,0
CELE_Y57G11C.428|21ur-4411,0,0
CELE_Y57G11C.938|21ur-8130,0,0
CELE_Y57G11C.454|21ur-2107,0,0
CELE_Y57G11C.486|21ur-1459,0,0
CELE_Y57G11C.624|21ur-11526,0,0
CELE_Y57G11C.368|21ur-4169,0,0
CELE_Y57G11C.662|21ur-14026,0,0
CELE_Y57G11C.876|21ur-6482,0,0
CELE_Y57G11C.387|21ur-2317,0,0
CELE_Y57G11C.609|21ur-9782,0,0
CELE_Y57G11C.274|21ur-3227,0,0
CELE_Y57G11C.780|21ur-6610,0,0
CELE_Y57G11C.965|21ur-8663,0,0
CELE_Y57G11C.744|21ur-15572,0,0
CELE_Y57G11C.1111|21ur-15656,0,0
CELE_Y57G11C.732|21ur-8943,0,0
CELE_Y57G11C.200|21ur-928,0,0
CELE_Y57G11C.790|21ur-15094,0,0
CELE_Y57G11C.593|21ur-9812,0,0
CELE_Y57G11C.534|21ur-15473,0,0
CELE_Y57G11C.960|21ur-7410,0,0
CELE_Y57G11C.809|21ur-7707,0,0
CELE_Y57G11C.955|21ur-9933,0,0
CELE_Y57G11C.472|21ur-1604,0,0
CELE_Y57G11C.685|21ur-11481,0,0
CELE_Y57G11C.67|21ur-553,0,0
CELE_Y57G11C.543|21ur-14283,0,0
CELE_Y57G11C.659|21ur-15605,0,0
CELE_Y57G11C.996|21ur-6418,0,0
CELE_Y57G11C.651|21ur-8583,0,0
CELE_Y57G11C.452|21ur-2364,0,0
CELE_Y57G11C.763|21ur-7171,0,0
CELE_Y57G11C.218|21ur-1086,0,0
CELE_Y57G11C.597|21ur-6945,0,0
CELE_Y57G11C.913|21ur-7299,0,0
CELE_Y57G11C.1074|21ur-5983,0,0
CELE_Y57G11C.256|21ur-1838,0,0
CELE_Y57G11C.1068|21ur-9022,0,0
CELE_Y57G11C.32|talp-3,65,36
CELE_F13G11.3|ule-2,7368,6543
CELE_Y57G11C.37|anoh-2,341,315
CELE_Y57G11C.132|21ur-5343,0,0
CELE_Y57G11C.578|21ur-6426,0,0
CELE_Y57G11C.537|21ur-11291,0,0
CELE_Y57G11C.322|21ur-722,0,0
CELE_Y57G11C.279|21ur-4321,0,0
CELE_Y57G11C.539|21ur-13643,0,0
CELE_Y57G11C.1057|21ur-5608,0,0
CELE_Y57G11C.907|21ur-13120,0,0
CELE_Y57G11C.275|21ur-723,0,0
CELE_Y57G11C.710|21ur-8350,0,0
CELE_Y57G11C.215|21ur-1253,0,0
CELE_Y57G11C.164|21ur-868,0,0
CELE_Y57G11C.548|21ur-6442,0,0
CELE_Y57G11C.364|21ur-5436,0,0
CELE_Y57G11C.497|21ur-979,0,0
CELE_Y57G11C.1040|21ur-9856,0,0
CELE_Y57G11C.893|21ur-13789,0,0
CELE_Y57G11C.1110|21ur-8449,0,0
CELE_Y57G11C.487|21ur-4866,0,0
CELE_Y57G11C.603|21ur-12935,0,0
CELE_Y57G11C.729|21ur-14529,0,0
CELE_Y57G11C.308|21ur-435,0,0
CELE_Y57G11C.1027|21ur-10766,0,0
CELE_Y57G11C.803|21ur-9550,0,0
CELE_Y57G11C.901|21ur-6909,0,0
CELE_Y57G11C.833|21ur-9345,0,0
CELE_Y57G11C.639|21ur-8880,0,0
CELE_Y57G11C.1001|21ur-8606,0,0
CELE_Y57G11C.326|21ur-2105,0,0
CELE_Y57G11C.321|21ur-4468,0,0
CELE_Y57G11C.701|21ur-9341,0,0
CELE_Y57G11C.1072|21ur-13522,0,0
CELE_Y57G11C.568|21ur-14072,0,0
CELE_Y57G11C.524|21ur-8205,0,0
CELE_Y57G11C.752|21ur-11935,0,0
CELE_Y57G11C.235|21ur-2001,0,0
CELE_Y57G11C.821|21ur-7703,0,0
CELE_Y57G11C.1088|21ur-14268,0,0
CELE_Y57G11C.884|21ur-7601,0,0
CELE_Y57G11C.882|21ur-6009,0,0
CELE_Y57G11C.396|21ur-2654,0,0
CELE_Y57G11C.919|21ur-9666,0,0
CELE_Y57G11C.427|21ur-3659,0,0
CELE_Y57G11C.679|21ur-14865,0,0
CELE_Y57G11C.115|21ur-5358,0,0
CELE_Y57G11C.352|21ur-819,0,0
CELE_Y57G11C.556|21ur-12733,0,0
CELE_Y57G11C.354|21ur-4216,0,0
CELE_Y57G11C.764|21ur-6714,0,0
CELE_Y57G11C.109|21ur-554,0,0
CELE_Y57G11C.421|21ur-4219,0,0
CELE_Y57G11C.573|21ur-10480,0,0
CELE_Y57G11C.847|21ur-5545,0,0
CELE_Y57G11C.457|21ur-2049,0,0
CELE_Y57G11C.187|21ur-4523,0,0
CELE_Y57G11C.234|21ur-5264,0,0
CELE_Y57G11C.526|21ur-10220,0,0
CELE_Y57G11C.933|21ur-15163,0,0
CELE_Y57G11C.1030|21ur-9961,0,0
CELE_Y57G11C.80|21ur-3674,0,0
CELE_Y57G11C.1091|21ur-12172,0,0
CELE_Y57G11C.891|21ur-8992,0,0
CELE_Y57G11C.258|21ur-5308,0,0
CELE_Y57G11C.1016|21ur-8813,0,0
CELE_Y57G11C.869|21ur-5821,0,0
CELE_Y57G11C.224|21ur-4764,0,0
CELE_Y57G11C.217|21ur-2436,0,0
CELE_Y57G11C.105|21ur-4605,0,0
CELE_Y57G11C.757|21ur-7635,0,0
CELE_Y57G11C.993|21ur-13450,0,0
CELE_Y57G11C.522|21ur-11471,0,0
CELE_Y57G11C.300|21ur-3722,0,0
CELE_Y57G11C.33|Y57G11C.33,1785,1513
CELE_Y57G11C.40|Y57G11C.40,31,32
CELE_Y57G11C.277|21ur-1100,0,0
CELE_Y57G11C.917|21ur-15002,0,0
CELE_Y57G11C.461|21ur-3214,0,0
CELE_Y57G11C.245|21ur-2061,0,0
CELE_Y57G11C.406|21ur-5226,0,0
CELE_Y57G11C.700|21ur-14307,0,0
CELE_Y57G11C.909|21ur-5671,0,0
CELE_Y57G11C.395|21ur-2510,0,0
CELE_Y57G11C.306|21ur-2762,0,0
CELE_Y57G11C.68|21ur-5080,0,0
CELE_Y57G11C.640|21ur-15326,0,0
CELE_Y57G11C.778|21ur-11326,0,0
CELE_Y57G11C.201|21ur-2111,0,0
CELE_Y57G11C.1062|21ur-8368,0,0
CELE_Y57G11C.690|21ur-7549,0,0
CELE_Y57G11C.577|21ur-6558,0,0
CELE_Y57G11C.118|21ur-234,0,0
CELE_Y57G11C.303|21ur-2885,0,0
CELE_Y57G11C.750|21ur-10934,0,0
CELE_Y57G11C.259|21ur-945,0,0
CELE_Y57G11C.596|21ur-10122,0,0
CELE_Y57G11C.291|21ur-538,0,0
CELE_Y57G11C.294|21ur-4332,0,0
CELE_Y57G11C.338|21ur-186,0,0
CELE_Y57G11C.315|21ur-1554,0,0
CELE_Y57G11C.1008|21ur-5729,0,0
CELE_Y57G11C.103|21ur-377,0,0
CELE_Y57G11C.671|21ur-12434,0,0
CELE_Y57G11C.173|21ur-994,0,0
CELE_Y57G11C.125|21ur-3001,0,0
CELE_Y57G11C.663|21ur-6120,0,0
CELE_Y57G11C.379|21ur-4844,0,0
CELE_Y57G11C.1025|21ur-9881,0,0
CELE_Y57G11C.70|21ur-5304,0,0
CELE_Y57G11C.818|21ur-5620,0,0
CELE_Y57G11C.507|21ur-12458,0,0
CELE_Y57G11C.485|21ur-5269,0,0
CELE_Y57G11C.610|21ur-6691,0,0
CELE_Y57G11C.151|21ur-2678,0,0
CELE_Y57G11C.305|21ur-3111,0,0
CELE_Y57G11C.1017|21ur-11112,0,0
CELE_Y57G11C.845|21ur-9751,0,0
CELE_Y57G11C.269|21ur-1553,0,0
CELE_Y57G11C.185|21ur-1431,0,0
CELE_Y57G11C.635|21ur-9041,0,0
CELE_Y57G11C.611|21ur-11476,0,0
CELE_Y57G11C.286|21ur-3865,1,1
CELE_Y57G11C.31|Y57G11C.31,880,750
CELE_Y57G11C.499|Y57G11C.499,0,0
CELE_Y57G11C.838|21ur-11278,0,0
CELE_Y57G11C.851|21ur-6011,0,0
CELE_Y57G11C.42|dbd-15,134,33
CELE_Y57G11C.436|21ur-3047,0,0
CELE_Y57G11C.647|21ur-14546,0,0
CELE_Y57G11C.1092|21ur-11049,0,0
CELE_Y57G11C.628|21ur-10740,0,0
CELE_Y57G11C.754|21ur-12310,0,0
CELE_Y57G11C.946|21ur-9612,0,0
CELE_Y57G11C.213|21ur-2493,0,0
CELE_Y57G11C.159|21ur-3088,0,0
CELE_Y57G11C.654|21ur-8109,0,0
CELE_Y57G11C.288|21ur-1371,0,0
CELE_Y57G11C.1124|21ur-12863,0,0
CELE_Y57G11C.998|21ur-8366,0,0
CELE_Y57G11C.123|21ur-1775,0,0
CELE_Y57G11C.1107|21ur-9809,0,0
CELE_Y57G11C.360|21ur-4079,0,0
CELE_Y57G11C.873|21ur-7714,0,0
CELE_Y57G11C.285|21ur-1349,0,0
CELE_Y57G11C.168|21ur-438,0,0
CELE_Y57G11C.625|21ur-10285,0,0
CELE_Y57G11C.425|21ur-3503,0,0
CELE_Y57G11C.518|21ur-15166,0,0
CELE_Y57G11C.637|21ur-9994,0,0
CELE_Y57G11C.616|21ur-7055,0,0
CELE_Y57G11C.717|21ur-13108,0,0
CELE_Y57G11C.963|21ur-9720,0,0
CELE_Y57G11C.885|21ur-12516,0,0
CELE_Y57G11C.561|21ur-12941,0,0
CELE_Y57G11C.967|21ur-11500,0,0
CELE_Y57G11C.248|21ur-32,0,0
CELE_Y57G11C.519|21ur-12953,0,0
CELE_Y57G11C.249|21ur-4301,0,0
CELE_Y57G11C.579|21ur-9203,0,0
CELE_Y57G11C.113|21ur-5441,0,0
CELE_Y57G11C.558|21ur-9693,0,0
CELE_Y57G11C.793|21ur-9511,0,0
CELE_Y57G11C.1006|21ur-9151,0,0
CELE_Y57G11C.918|21ur-15551,0,0
CELE_Y57G11C.816|21ur-5582,0,0
CELE_Y57G11C.463|21ur-1185,0,0
CELE_Y57G11C.408|21ur-3259,0,0
CELE_Y57G11C.391|21ur-4246,0,0
CELE_Y57G11C.384|21ur-4075,0,0
CELE_Y57G11C.632|21ur-11440,0,0
CELE_Y57G11C.161|21ur-1102,0,0
CELE_Y57G11C.592|21ur-9974,0,0
CELE_Y57G11C.772|21ur-11219,0,0
CELE_Y57G11C.462|21ur-1863,0,0
CELE_Y57G11C.1080|21ur-11038,0,0
CELE_Y57G11C.380|21ur-5318,0,0
CELE_Y57G11C.1119|21ur-10036,0,0
CELE_Y57G11C.629|21ur-13700,0,0
CELE_Y57G11C.393|21ur-2227,0,0
CELE_Y57G11C.372|21ur-1697,0,0
CELE_Y57G11C.598|21ur-13410,0,0
CELE_Y57G11C.829|21ur-9200,0,0
CELE_Y57G11C.112|21ur-3175,0,0
CELE_Y57G11C.464|21ur-1953,0,0
CELE_Y57G11C.236|21ur-1184,0,0
CELE_Y57G11C.66|21ur-1723,0,0
CELE_Y57G11C.762|21ur-12566,0,0
CELE_Y57G11C.734|21ur-5919,0,0
CELE_Y57G11C.212|21ur-990,0,0
CELE_Y57G11C.997|21ur-5793,0,0
CELE_Y57G11C.180|21ur-5454,0,0
CELE_Y57G11C.817|21ur-7320,0,0
CELE_Y57G11C.615|21ur-6310,0,0
CELE_Y57G11C.852|21ur-5984,0,0
CELE_Y57G11C.473|21ur-3407,0,0
CELE_Y57G11C.589|21ur-7811,0,0
CELE_Y57G11C.553|21ur-11700,0,0
CELE_Y57G11C.777|21ur-13093,0,0
CELE_Y57G11C.756|21ur-15422,0,0
CELE_Y57G11C.374|21ur-826,0,0
CELE_Y57G11C.81|21ur-4214,0,0
CELE_Y57G11C.5|Y57G11C.5,141,61
CELE_Y57G11C.271|21ur-941,0,0
CELE_Y57G11C.1037|21ur-8862,0,0
CELE_Y57G11C.239|21ur-4094,0,0
CELE_Y57G11C.282|21ur-3468,0,0
CELE_Y57G11C.64|21ur-1572,0,0
CELE_Y57G11C.836|21ur-14078,0,0
CELE_Y57G11C.1140|Y57G11C.1140,0,0
CELE_Y57G11C.35|Y57G11C.35,0,0
CELE_Y57G11C.1135|Y57G11C.1135,44,48
CELE_Y57G11C.4|vti-1,761,866
CELE_Y57G11C.34|mrps-7,1209,1040
CELE_Y57G11C.44|degl-1,9,14
CELE_Y57G11C.3|Y57G11C.3,3262,2913
CELE_Y57G11C.43|Y57G11C.43,1669,1473
CELE_Y57G11C.36|Y57G11C.36,1447,1575
CELE_Y57G11C.51|Y57G11C.51,610,576
CELE_Y57G11C.969|21ur-13411,0,0
CELE_Y57G11C.1053|21ur-11052,0,0
CELE_Y57G11C.209|21ur-4671,0,0
CELE_Y57G11C.861|21ur-14895,0,0
CELE_Y57G11C.50|oig-5,32,26
CELE_Y57G11C.726|21ur-9716,0,0
CELE_Y57G11C.445|21ur-7,0,0
CELE_Y57G11C.165|21ur-75,0,0
CELE_Y57G11C.474|21ur-1246,0,0
CELE_Y57G11C.771|21ur-10313,0,0
CELE_Y57G11C.1043|21ur-10775,0,0
CELE_Y57G11C.465|21ur-2739,0,0
CELE_Y57G11C.1128|21ur-14706,0,0
CELE_Y57G11C.686|21ur-14466,0,0
CELE_Y57G11C.949|21ur-12774,0,0
CELE_Y57G11C.859|21ur-9728,0,0
CELE_Y57G11C.666|21ur-7347,0,0
CELE_Y57G11C.787|21ur-11910,0,0
CELE_Y57G11C.46|Y57G11C.46,90,117
CELE_Y57G11C.13|arl-8,8186,7500
CELE_Y57G11C.14|Y57G11C.14,103,61
CELE_Y57G11C.57|Y57G11C.57,0,0
CELE_Y57G11C.45|nlp-56,225,250
CELE_Y57G11C.8|Y57G11C.8,201,144
CELE_Y57G11C.1130|Y57G11C.1130,79,47
CELE_Y57G11C.9|melo-1,8263,8279
CELE_Y57G11C.10|gdi-1,25019,22360
CELE_Y57G11C.11|coq-3,775,730
CELE_Y57G11C.12|nuo-3,647,713
CELE_Y57G11C.1147|Y57G11C.1147,8023,6448
CELE_Y57G11C.15|sec-61.A,45110,36975
CELE_Y57G11C.970|21ur-14437,0,0
CELE_Y57G11C.52|Y57G11C.52,13,18
CELE_Y57G11C.607|21ur-7510,0,0
CELE_Y57G11C.939|21ur-9952,0,0
CELE_Y57G11C.532|21ur-9849,0,0
CELE_Y57G11C.163|21ur-260,0,0
CELE_Y57G11C.124|21ur-204,0,0
CELE_Y57G11C.208|21ur-802,0,0
CELE_Y57G11C.682|21ur-10449,0,0
CELE_Y57G11C.746|21ur-8611,0,0
CELE_Y57G11C.926|21ur-11637,0,0
CELE_Y57G11C.642|21ur-7238,0,0
CELE_Y57G11C.1067|21ur-10140,0,0
CELE_Y57G11C.1047|21ur-8000,0,0
CELE_Y57G11C.940|21ur-9959,0,0
CELE_Y57G11C.1076|21ur-6857,0,0
CELE_Y57G11C.576|21ur-13088,0,0
CELE_Y57G11C.1059|21ur-7136,0,0
CELE_Y57G11C.631|21ur-6407,1,0
CELE_Y57G11C.23|Y57G11C.23,31,0
CELE_Y57G11C.1129|21ur-13046,0,0
CELE_Y57G11C.319|21ur-847,0,0
CELE_Y57G11C.741|21ur-14646,0,0
CELE_Y57G11C.1071|21ur-5629,0,0
CELE_Y57G11C.604|21ur-10291,0,0
CELE_Y57G11C.18|Y57G11C.18,0,0
CELE_Y57G11C.627|21ur-15267,0,0
CELE_Y57G11C.21|Y57G11C.21,0,0
CELE_Y57G11C.1102|21ur-9364,0,0
CELE_Y57G11C.1113|21ur-9253,0,0
CELE_Y57G11C.670|21ur-10751,0,0
CELE_Y57G11C.831|21ur-6032,0,0
CELE_Y57G11C.1100|21ur-14813,0,0
CELE_Y57G11C.564|21ur-11969,0,0
CELE_Y57G11C.328|21ur-5055,0,0
CELE_Y57G11C.148|21ur-408,0,0
CELE_Y57G11C.316|21ur-4835,0,0
CELE_Y57G11C.824|21ur-7192,0,0
CELE_Y57G11C.614|21ur-11875,0,0
CELE_Y57G11C.416|21ur-4403,0,0
CELE_Y57G11C.1056|21ur-14322,0,0
CELE_Y57G11C.195|21ur-2019,0,0
CELE_Y57G11C.704|21ur-13655,0,0
CELE_Y57G11C.342|21ur-4065,0,0
CELE_Y57G11C.329|21ur-287,0,0
CELE_Y57G11C.854|21ur-10919,0,0
CELE_Y57G11C.899|21ur-11570,0,0
CELE_Y57G11C.530|21ur-13760,0,0
CELE_Y57G11C.569|21ur-13113,0,0
CELE_Y57G11C.1103|21ur-6724,0,0
CELE_Y57G11C.705|21ur-11837,0,0
CELE_Y57G11C.843|21ur-8261,0,0
CELE_Y57G11C.152|21ur-5250,0,0
CELE_Y57G11C.944|21ur-14589,0,0
CELE_Y57G11C.827|21ur-8332,0,0
CELE_Y57G11C.136|21ur-3254,0,0
CELE_Y57G11C.1123|21ur-12385,0,0
CELE_Y57G11C.745|21ur-9829,0,0
CELE_Y57G11C.1083|21ur-9286,0,0
CELE_Y57G11C.528|21ur-7156,0,0
CELE_Y57G11C.22|Y57G11C.22,344,350
CELE_Y57G11C.634|21ur-5684,0,0
CELE_Y57G11C.892|21ur-8903,0,0
CELE_Y57G11C.181|21ur-376,0,0
CELE_Y57G11C.605|21ur-8106,0,0
CELE_Y57G11C.55|smy-11,0,0
CELE_Y57G11C.343|21ur-1615,0,0
CELE_Y57G11C.423|21ur-2209,0,0
CELE_Y57G11C.1004|21ur-11494,0,0
CELE_Y57G11C.1029|21ur-10144,0,0
CELE_Y57G11C.761|21ur-8196,0,0
CELE_Y57G11C.53|smy-12,0,0
CELE_Y57G11C.231|21ur-458,0,0
CELE_Y57G11C.828|21ur-7973,0,0
CELE_Y57G11C.1018|21ur-8694,0,0
CELE_Y57G11C.1117|21ur-6223,0,0
CELE_Y57G11C.984|21ur-9325,0,1
CELE_Y57G11C.417|21ur-5255,0,0
CELE_Y57G11C.272|21ur-2776,0,0
CELE_Y57G11C.175|21ur-3311,0,0
CELE_Y57G11C.153|21ur-3612,0,0
CELE_Y57G11C.696|21ur-7109,0,0
CELE_Y57G11C.1055|21ur-12202,0,0
CELE_Y57G11C.930|21ur-10216,0,0
CELE_Y57G11C.951|21ur-5831,0,0
CELE_Y57G11C.366|21ur-4578,0,0
CELE_Y57G11C.38|Y57G11C.38,161,126
CELE_Y57G11C.156|21ur-2395,0,0
CELE_Y57G11C.295|21ur-4514,0,0
CELE_Y57G11C.822|21ur-13577,0,0
CELE_Y57G11C.199|21ur-2635,0,0
CELE_Y57G11C.973|21ur-10044,0,0
CELE_Y57G11C.453|21ur-573,0,0
CELE_Y57G11C.870|21ur-12086,0,0
CELE_Y57G11C.601|21ur-6581,0,0
CELE_Y57G11C.449|21ur-2834,0,0
CELE_Y57G11C.1136|Y57G11C.1136,0,0
CELE_Y57G11C.759|21ur-9373,0,0
CELE_Y57G11C.774|21ur-10743,0,0
CELE_Y57G11C.956|21ur-8674,0,0
CELE_Y57G11C.546|21ur-9264,0,0
CELE_Y57G11C.188|21ur-4284,0,0
CELE_Y57G11C.216|21ur-455,0,0
CELE_Y57G11C.898|21ur-8765,0,0
CELE_Y57G11C.72|21ur-2826,0,0
CELE_Y57G11C.355|21ur-2032,0,0
CELE_Y57G11C.931|21ur-11812,0,0
CELE_Y57G11C.361|21ur-2265,0,0
CELE_Y57G11C.599|21ur-14012,0,0
CELE_Y57G11C.504|21ur-9420,0,0
CELE_Y57G11C.580|21ur-14303,0,0
CELE_Y57G11C.458|21ur-4984,0,0
CELE_Y57G11C.1137|Y57G11C.1137,0,0
CELE_Y57G11C.1138|Y57G11C.1138,0,0
CELE_Y57G11C.491|21ur-440,0,0
CELE_Y57G11C.468|21ur-2506,0,0
CELE_Y57G11C.157|21ur-358,0,0
CELE_Y57G11C.114|21ur-2453,0,0
CELE_Y57G11C.394|21ur-2642,0,0
CELE_Y57G11C.407|21ur-3207,0,0
CELE_Y57G11C.1106|21ur-7651,0,0
CELE_Y57G11C.699|21ur-15537,0,0
CELE_Y57G11C.47|pnc-2,37,60
CELE_Y57G11C.17|hhat-2,170,123
CELE_Y57G11C.317|21ur-884,0,0
CELE_Y57G11C.16|rps-18,52285,49350
CELE_Y57G11C.299|21ur-4587,1,0
CELE_Y57G11C.983|21ur-10343,1,0
CELE_Y57G11C.179|21ur-3305,0,0
CELE_Y57G11C.263|21ur-3247,0,0
CELE_Y57G11C.154|21ur-4274,0,0
CELE_Y57G11C.28|Y57G11C.28,0,0
CELE_Y57G11C.516|21ur-10537,0,0
CELE_Y57G11C.255|21ur-2079,0,0
CELE_Y57G11C.751|21ur-10937,0,0
CELE_Y57G11C.176|21ur-4536,0,0
CELE_Y57G11C.908|21ur-9692,0,0
CELE_Y57G11C.210|21ur-4614,0,0
CELE_Y57G11C.872|21ur-12131,0,0
CELE_Y57G11C.469|21ur-4404,1,0
CELE_Y57G11C.25|ccch-5,372,273
CELE_Y57G11C.1133|Y57G11C.1133,0,0
CELE_Y57G11C.544|21ur-15543,0,0
CELE_Y57G11C.660|21ur-14441,0,0
CELE_Y57G11C.665|21ur-5663,0,0
CELE_Y57G11C.229|21ur-5382,0,0
CELE_Y57G11C.1126|21ur-13990,0,0
CELE_Y57G11C.1144|Y57G11C.1144,12,20
CELE_Y57G11C.30|Y57G11C.30,0,0
CELE_Y57G11C.789|21ur-9339,0,0
CELE_Y57G11C.1084|21ur-11091,0,0
CELE_Y57G11C.207|21ur-3738,0,0
CELE_Y57G11C.501|21ur-8400,0,0
CELE_Y57G11C.767|21ur-7701,0,0
CELE_Y57G11C.206|21ur-3244,0,0
CELE_Y57G11C.638|21ur-14132,0,0
CELE_Y57G11C.608|21ur-5748,0,0
CELE_Y57G11C.73|21ur-5079,0,0
CELE_Y57G11C.722|21ur-5723,0,0
CELE_Y57G11C.853|21ur-12949,0,0
CELE_Y57G11C.536|21ur-13474,0,0
CELE_Y57G11C.78|21ur-3253,0,0
CELE_Y57G11C.270|21ur-5148,0,0
CELE_Y57G11C.588|21ur-11198,0,0
CELE_Y57G11C.708|21ur-8037,0,0
CELE_Y57G11C.339|21ur-2223,0,0
CELE_Y57G11C.477|21ur-4754,0,0
CELE_Y57G11C.1023|21ur-15196,0,0
CELE_Y57G11C.941|21ur-8009,0,0
CELE_Y57G11C.356|21ur-2898,0,0
CELE_Y57G11C.405|21ur-5200,0,0
CELE_Y57G11C.238|21ur-4916,0,0
CELE_Y57G11C.830|21ur-10310,0,0
CELE_Y57G11C.718|21ur-7632,0,0
CELE_Y57G11C.1093|21ur-6057,0,0
CELE_Y57G11C.489|21ur-2557,0,0
CELE_Y57G11C.738|21ur-6436,0,0
CELE_Y57G11C.442|21ur-4204,0,0
CELE_Y57G11C.999|21ur-8494,0,0
CELE_Y57G11C.810|21ur-12428,0,0
CELE_Y57G11C.716|21ur-15325,0,0
CELE_Y57G11C.866|21ur-6367,0,0
CELE_Y57G11C.711|21ur-13431,0,0
CELE_Y57G11C.957|21ur-9099,0,0
CELE_Y57G11C.479|21ur-3791,0,0
CELE_Y57G11C.441|21ur-4135,0,0
CELE_Y57G11C.1020|21ur-15189,0,0
CELE_Y57G11C.108|21ur-2468,0,0
CELE_Y57G11C.782|21ur-7308,0,0
CELE_Y57G11C.620|21ur-6954,0,0
CELE_Y57G11C.426|21ur-4600,0,0
CELE_Y57G11C.186|21ur-230,0,0
CELE_Y57G11C.695|21ur-10723,0,0
CELE_Y57G11C.805|21ur-5659,0,0
CELE_Y57G11C.313|21ur-1506,0,0
CELE_Y57G11C.508|21ur-15701,0,0
CELE_Y57G11C.698|21ur-9115,0,0
CELE_Y57G11C.1049|21ur-8450,0,0
CELE_Y57G11C.1058|21ur-6544,0,0
CELE_Y57G11C.587|21ur-8564,0,0
CELE_Y57G11C.989|21ur-8859,0,0
CELE_Y57G11C.223|21ur-220,0,0
CELE_Y57G11C.623|21ur-10851,0,0
CELE_Y57G11C.812|21ur-11090,0,0
CELE_Y57G11C.672|21ur-9455,0,0
CELE_Y57G11C.748|21ur-12000,0,0
CELE_Y57G11C.149|21ur-2172,0,0
CELE_Y57G11C.325|21ur-2321,0,0
CELE_Y57G11C.359|21ur-550,0,0
CELE_Y57G11C.952|21ur-8718,0,0
CELE_Y57G11C.1122|21ur-6261,0,0
CELE_Y57G11C.162|21ur-1484,0,0
CELE_Y57G11C.184|21ur-294,0,0
CELE_Y57G11C.896|21ur-12549,0,0
CELE_Y57G11C.594|21ur-9175,0,0
CELE_Y57G11C.987|21ur-8288,0,0
CELE_Y57G11C.167|21ur-4353,0,0
CELE_Y57G11C.192|21ur-4073,0,0
CELE_Y57G11C.1094|21ur-6416,0,0
CELE_Y57G11C.581|21ur-5481,0,0
CELE_Y57G11C.T1|Y57G11C.t1,0,0
CELE_Y57G11C.906|21ur-14503,0,0
CELE_Y57G11C.689|21ur-12336,0,0
CELE_Y57G11C.549|21ur-6217,0,0
CELE_Y57G11C.806|21ur-7052,0,0
CELE_Y57G11C.1097|21ur-9109,0,0
CELE_Y57G11C.673|21ur-6759,0,0
CELE_Y57G11C.226|21ur-2256,0,0
CELE_Y57G11C.432|21ur-1891,0,0
CELE_Y57G11C.849|21ur-5591,0,0
CELE_Y57G11C.106|21ur-4511,0,0
CELE_Y57G11C.1066|21ur-7384,0,0
CELE_Y57G11C.935|21ur-13030,0,0
CELE_Y57G11C.467|21ur-4397,0,0
CELE_Y57G11C.1096|21ur-12914,0,0
CELE_Y57G11C.122|21ur-25,0,0
CELE_Y57G11C.545|21ur-12037,0,0
CELE_Y57G11C.590|21ur-5856,0,0
CELE_Y57G11C.584|21ur-9846,0,0
CELE_Y57G11C.796|21ur-5809,0,0
CELE_Y57G11C.60|21ur-1571,0,0
CELE_Y57G11C.424|21ur-1623,0,0
CELE_Y57G11C.512|21ur-6922,0,0
CELE_Y57G11C.111|21ur-4268,0,0
CELE_Y57G11C.725|21ur-6412,0,0
CELE_Y57G11C.903|21ur-14815,0,0
CELE_Y57G11C.257|21ur-817,0,0
CELE_Y57G11C.760|21ur-9847,0,0
CELE_Y57G11C.254|21ur-4609,0,0
CELE_Y57G11C.227|21ur-2767,0,0
CELE_Y57G11C.1115|21ur-10190,0,0
CELE_Y57G11C.1099|21ur-11957,0,0
CELE_Y57G11C.560|21ur-12085,0,0
CELE_Y57G11C.1070|21ur-11215,0,0
CELE_Y57G11C.841|21ur-11290,0,0
CELE_Y57G11C.513|21ur-13765,0,0
CELE_Y57G11C.490|21ur-334,0,0
CELE_Y57G11C.97|21ur-3999,0,0
CELE_Y57G11C.769|21ur-12878,0,0
CELE_Y57G11C.837|21ur-12398,0,0
CELE_Y57G11C.346|21ur-3104,0,0
CELE_Y57G11C.24|eps-8,4957,3733
CELE_Y57G11C.825|21ur-11002,1,0
CELE_Y57G11C.435|21ur-2705,1,0
CELE_Y57G11C.412|21ur-1296,2,1
CELE_Y57G11C.268|21ur-253,1,0
CELE_Y57G11C.496|21ur-3263,1,2
CELE_Y57G11C.177|21ur-4043,1,0
CELE_Y41E3.455|21ur-10933,0,0
CELE_Y41E3.222|21ur-6421,0,0
CELE_Y41E3.306|21ur-13991,0,0
CELE_Y41E3.186|21ur-2981,0,0
CELE_Y41E3.45|21ur-4845,0,0
CELE_Y41E3.399|21ur-12595,0,0
CELE_Y41E3.273|21ur-7037,0,0
CELE_Y41E3.304|21ur-8946,0,0
CELE_Y41E3.112|21ur-2226,0,0
CELE_Y41E3.215|21ur-13486,0,0
CELE_Y41E3.180|21ur-2398,0,0
CELE_Y41E3.226|21ur-6178,0,0
CELE_Y41E3.32|21ur-2206,0,0
CELE_Y41E3.242|21ur-9537,0,0
CELE_Y41E3.447|21ur-7947,0,0
CELE_Y41E3.275|21ur-12654,0,0
CELE_Y41E3.289|21ur-12750,0,0
CELE_Y41E3.22|Y41E3.22,45,52
CELE_Y41E3.1|Y41E3.1,6232,5212
CELE_Y41E3.462|linc-60,20,11
CELE_Y41E3.65|21ur-1673,0,0
CELE_Y41E3.48|21ur-1038,0,0
CELE_Y41E3.388|21ur-11475,0,0
CELE_Y41E3.254|21ur-12771,0,0
CELE_Y41E3.206|21ur-2433,0,0
CELE_Y41E3.407|21ur-14893,0,0
CELE_Y41E3.466|Y41E3.466,0,0
CELE_Y41E3.63|21ur-453,0,0
CELE_Y41E3.133|21ur-4077,0,0
CELE_Y41E3.95|21ur-1618,0,0
CELE_Y41E3.266|21ur-11378,0,0
CELE_Y41E3.374|21ur-6131,0,0
CELE_Y41E3.37|21ur-4085,0,0
CELE_Y41E3.256|21ur-8060,0,0
CELE_Y41E3.207|21ur-4572,0,0
CELE_Y41E3.106|21ur-5215,0,0
CELE_Y41E3.219|21ur-7774,0,0
CELE_Y41E3.191|21ur-3872,0,0
CELE_Y41E3.181|21ur-2810,0,0
CELE_Y41E3.216|21ur-8433,0,0
CELE_Y41E3.129|21ur-3892,0,0
CELE_Y41E3.312|21ur-8413,0,0
CELE_Y41E3.393|21ur-8183,0,0
CELE_Y41E3.140|21ur-3551,0,0
CELE_Y41E3.210|21ur-4964,0,0
CELE_Y41E3.327|21ur-8254,0,0
CELE_Y41E3.190|21ur-394,0,0
CELE_Y41E3.376|21ur-6990,0,0
CELE_Y41E3.295|21ur-9657,0,0
CELE_Y41E3.21|Y41E3.21,0,0
CELE_Y41E3.375|21ur-7518,0,0
CELE_Y41E3.390|21ur-6408,0,0
CELE_Y41E3.400|21ur-9633,0,0
CELE_Y41E3.5|Y41E3.5,11,14
CELE_Y41E3.6|Y41E3.6,12,6
CELE_Y41E3.318|21ur-9811,0,0
CELE_Y41E3.100|21ur-93,0,0
CELE_Y41E3.340|21ur-10016,0,0
CELE_Y41E3.81|21ur-327,0,0
CELE_Y41E3.68|21ur-1910,0,0
CELE_Y41E3.182|21ur-3618,0,0
CELE_Y41E3.333|21ur-6782,0,0
CELE_Y41E3.57|21ur-619,0,0
CELE_Y41E3.115|21ur-4996,0,0
CELE_Y41E3.79|21ur-2371,0,0
CELE_Y41E3.113|21ur-1683,0,0
CELE_Y41E3.142|21ur-3182,0,0
CELE_Y41E3.31|21ur-1354,0,0
CELE_Y41E3.259|21ur-12814,0,0
CELE_Y41E3.35|21ur-3903,0,0
CELE_Y41E3.265|21ur-6452,0,0
CELE_Y41E3.367|21ur-8185,0,0
CELE_Y41E3.82|21ur-5374,0,0
CELE_Y41E3.173|21ur-4425,0,0
CELE_Y41E3.294|21ur-12915,0,0
CELE_Y41E3.179|21ur-1480,0,0
CELE_Y41E3.386|21ur-6731,0,0
CELE_Y41E3.184|21ur-1763,0,0
CELE_Y41E3.291|21ur-7637,0,0
CELE_Y41E3.185|21ur-15,0,0
CELE_Y41E3.308|21ur-11430,0,0
CELE_Y41E3.403|21ur-8464,0,0
CELE_Y41E3.164|21ur-1003,0,0
CELE_Y41E3.320|21ur-6390,0,0
CELE_Y41E3.426|21ur-7162,0,0
CELE_Y41E3.130|21ur-4842,0,0
CELE_Y41E3.353|21ur-11497,0,0
CELE_Y41E3.46|21ur-4792,0,0
CELE_Y41E3.432|21ur-8224,0,0
CELE_Y41E3.212|21ur-1568,0,0
CELE_Y41E3.299|21ur-14387,0,0
CELE_Y41E3.120|21ur-4674,0,0
CELE_Y41E3.131|21ur-1168,0,0
CELE_Y41E3.364|21ur-8808,0,0
CELE_Y41E3.169|21ur-4271,0,0
CELE_Y41E3.240|21ur-12702,0,0
CELE_Y41E3.159|21ur-5267,0,0
CELE_Y41E3.414|21ur-9119,0,0
CELE_Y41E3.170|21ur-4544,0,0
CELE_Y41E3.148|21ur-758,0,0
CELE_Y41E3.373|21ur-13917,0,0
CELE_Y41E3.420|21ur-10964,0,0
CELE_Y41E3.249|21ur-7763,0,0
CELE_Y41E3.297|21ur-8403,0,0
CELE_Y41E3.213|21ur-326,0,0
CELE_Y41E3.337|21ur-9808,0,0
CELE_Y41E3.250|21ur-8275,0,0
CELE_Y41E3.405|21ur-5643,0,0
CELE_Y41E3.326|21ur-6604,0,0
CELE_Y41E3.355|21ur-12192,0,0
CELE_Y41E3.59|21ur-2802,0,0
CELE_Y41E3.110|21ur-1390,0,0
CELE_Y41E3.439|21ur-8805,0,0
CELE_Y41E3.137|21ur-5081,0,0
CELE_Y41E3.413|21ur-7257,0,0
CELE_Y41E3.360|21ur-6027,0,0
CELE_Y41E3.166|21ur-795,0,0
CELE_Y41E3.158|21ur-3058,0,0
CELE_Y41E3.238|21ur-15584,0,0
CELE_Y41E3.44|21ur-3238,0,0
CELE_Y41E3.30|21ur-1912,0,0
CELE_Y41E3.3|atln-2,128,197
CELE_Y41E3.2|dpy-4,3054,743
CELE_Y41E3.60|21ur-3673,1,0
CELE_Y41E3.458|Y41E3.458,0,0
CELE_Y41E3.214|mir-1833,0,0
CELE_Y41E3.4|qars-1,9602,9738
CELE_Y41E3.97|21ur-214,1,0
CELE_Y41E3.141|21ur-340,0,0
CELE_Y41E3.19|Y41E3.19,17,0
CELE_Y41E3.232|21ur-7813,0,0
CELE_Y41E3.303|21ur-10672,0,0
CELE_Y41E3.221|21ur-15309,0,0
CELE_Y41E3.382|21ur-11337,0,0
CELE_Y41E3.437|21ur-6434,0,0
CELE_Y41E3.415|21ur-12554,0,0
CELE_Y41E3.39|21ur-912,0,0
CELE_Y41E3.322|21ur-6556,0,0
CELE_Y41E3.99|21ur-1436,0,0
CELE_Y41E3.421|21ur-15361,0,0
CELE_Y41E3.339|21ur-10715,0,0
CELE_Y41E3.302|21ur-5835,0,0
CELE_Y41E3.310|21ur-6858,0,0
CELE_Y41E3.89|21ur-4242,0,0
CELE_Y41E3.348|21ur-8068,0,0
CELE_Y41E3.136|21ur-1202,1,0
CELE_Y41E3.450|21ur-7033,0,0
CELE_Y41E3.417|21ur-6374,0,0
CELE_Y41E3.430|21ur-6660,0,0
CELE_Y41E3.442|21ur-7101,0,0
CELE_Y41E3.428|21ur-11822,0,0
CELE_Y41E3.176|21ur-4115,0,0
CELE_Y41E3.245|21ur-7621,0,0
CELE_Y41E3.358|21ur-14071,0,0
CELE_Y41E3.452|21ur-6537,0,0
CELE_Y41E3.195|21ur-460,0,0
CELE_Y41E3.156|21ur-5072,0,0
CELE_Y41E3.58|21ur-3749,0,0
CELE_Y41E3.243|21ur-13593,0,0
CELE_Y41E3.145|21ur-1451,0,0
CELE_Y41E3.138|21ur-3856,0,0
CELE_Y41E3.165|21ur-4148,0,0
CELE_Y41E3.154|21ur-3557,0,0
CELE_Y41E3.123|21ur-2229,0,0
CELE_Y41E3.143|21ur-4434,0,0
CELE_Y41E3.192|21ur-3640,0,0
CELE_Y41E3.389|21ur-8322,0,0
CELE_Y41E3.224|21ur-8198,0,0
CELE_Y41E3.98|21ur-608,0,0
CELE_Y41E3.398|21ur-6543,0,0
CELE_Y41E3.418|21ur-5468,0,0
CELE_Y41E3.362|21ur-7090,0,0
CELE_Y41E3.229|21ur-15495,0,0
CELE_Y41E3.54|21ur-3834,0,0
CELE_Y41E3.105|21ur-1260,0,0
CELE_Y41E3.70|21ur-1450,0,0
CELE_Y41E3.127|21ur-4378,0,0
CELE_Y41E3.345|21ur-11043,0,0
CELE_Y41E3.203|21ur-5124,0,0
CELE_Y41E3.125|21ur-1332,0,0
CELE_Y41E3.425|21ur-10473,0,0
CELE_Y41E3.457|21ur-12402,0,0
CELE_Y41E3.338|21ur-8408,0,0
CELE_Y41E3.90|21ur-4593,0,0
CELE_Y41E3.146|21ur-683,0,0
CELE_Y41E3.404|21ur-5897,0,0
CELE_Y41E3.313|21ur-6880,0,0
CELE_Y41E3.218|21ur-15553,0,0
CELE_Y41E3.187|21ur-3460,0,0
CELE_Y41E3.62|21ur-2531,0,0
CELE_Y41E3.267|21ur-11304,0,0
CELE_Y41E3.363|21ur-7442,0,0
CELE_Y41E3.262|21ur-5760,0,0
CELE_Y41E3.465|Y41E3.465,0,0
CELE_Y41E3.411|21ur-10221,0,0
CELE_Y41E3.344|21ur-10025,0,0
CELE_Y41E3.370|21ur-6889,0,0
CELE_Y41E3.379|21ur-15331,0,0
CELE_Y41E3.290|21ur-14746,0,0
CELE_Y41E3.311|21ur-14126,0,0
CELE_Y41E3.448|21ur-8853,0,0
CELE_Y41E3.357|21ur-10211,0,0
CELE_Y41E3.160|21ur-2004,0,0
CELE_Y41E3.253|21ur-7979,0,0
CELE_Y41E3.87|21ur-124,0,0
CELE_Y41E3.427|21ur-13944,0,0
CELE_M199.13|21ur-2286,0,0
CELE_M199.40|21ur-130,0,0
CELE_M199.2|M199.2,664,533
CELE_M199.78|21ur-13502,2,0
CELE_M199.70|21ur-6403,1,0
CELE_M199.62|21ur-3916,0,0
CELE_M199.9|M199.9,373,340
CELE_M199.130|21ur-14830,0,0
CELE_M199.4|clec-190,1787,1896
CELE_M199.28|21ur-3362,1,0
CELE_M199.84|21ur-10262,0,0
CELE_M199.113|21ur-5952,0,0
CELE_M199.131|21ur-6384,0,0
CELE_M199.122|21ur-9800,0,0
CELE_M199.85|21ur-5631,0,0
CELE_M199.129|21ur-6346,0,0
CELE_Y40H7A.2|Y40H7A.2,0,0
CELE_Y40H7A.3|Y40H7A.3,0,0
CELE_Y40H7A.41|21ur-4699,0,0
CELE_Y40H7A.75|21ur-3627,0,0
CELE_Y40H7A.98|21ur-570,0,0
CELE_Y40H7A.101|21ur-3800,0,0
CELE_Y40H7A.145|21ur-2178,0,0
CELE_Y40H7A.118|21ur-5272,0,0
CELE_Y40H7A.68|21ur-1538,0,0
CELE_Y40H7A.78|21ur-1449,0,0
CELE_Y40H7A.174|21ur-11402,0,0
CELE_Y40H7A.136|21ur-2936,0,0
CELE_Y40H7A.107|21ur-693,0,0
CELE_Y40H7A.44|21ur-2374,0,0
CELE_Y40H7A.190|21ur-7362,0,0
CELE_Y40H7A.131|21ur-910,0,0
CELE_Y40H7A.4|Y40H7A.4,6,0
CELE_Y40H7A.293|21ur-8970,0,0
CELE_Y40H7A.267|21ur-12854,0,0
CELE_Y40H7A.279|21ur-15012,0,0
CELE_Y40H7A.30|21ur-58,0,0
CELE_Y40H7A.130|21ur-4782,0,0
CELE_Y40H7A.100|21ur-2617,0,0
CELE_Y40H7A.81|21ur-3361,0,0
CELE_Y40H7A.179|21ur-13073,0,0
CELE_Y40H7A.149|21ur-10780,0,0
CELE_Y40H7A.43|21ur-1762,0,0
CELE_Y40H7A.266|21ur-13739,0,0
CELE_Y40H7A.224|21ur-7047,0,0
CELE_Y40H7A.99|21ur-4702,0,0
CELE_Y40H7A.303|21ur-12543,0,0
CELE_Y40H7A.243|21ur-10628,0,0
CELE_Y40H7A.20|21ur-2914,0,0
CELE_Y40H7A.150|21ur-10381,0,0
CELE_Y40H7A.86|21ur-3105,0,0
CELE_Y40H7A.143|21ur-5390,0,0
CELE_Y40H7A.214|21ur-6183,0,0
CELE_Y40H7A.106|21ur-4649,0,0
CELE_Y40H7A.281|21ur-9497,0,0
CELE_Y40H7A.115|21ur-4635,0,0
CELE_Y40H7A.276|21ur-14489,0,0
CELE_Y40H7A.148|21ur-9698,0,0
CELE_Y40H7A.109|21ur-174,0,0
CELE_Y40H7A.234|21ur-5586,0,0
CELE_Y40H7A.163|21ur-12148,0,0
CELE_Y40H7A.304|21ur-10252,0,0
CELE_Y40H7A.52|21ur-2639,0,0
CELE_Y40H7A.268|21ur-13478,0,0
CELE_Y40H7A.161|21ur-12343,0,0
CELE_Y40H7A.63|21ur-5335,0,0
CELE_Y40H7A.231|21ur-8616,0,0
CELE_Y40H7A.286|21ur-7089,0,0
CELE_M199.5|col-135,2143,3251
CELE_Y40H7A.90|21ur-2880,0,0
CELE_Y40H7A.169|21ur-13375,0,0
CELE_Y40H7A.59|21ur-1732,0,0
CELE_Y40H7A.121|21ur-2761,0,0
CELE_Y40H7A.28|21ur-552,2,1
CELE_Y40H7A.151|21ur-9824,0,0
CELE_Y40H7A.51|21ur-1396,0,0
CELE_Y40H7A.110|21ur-412,0,0
CELE_Y40H7A.244|21ur-8506,0,0
CELE_Y40H7A.48|21ur-5106,0,0
CELE_Y40H7A.208|21ur-11080,0,0
CELE_Y40H7A.57|21ur-1397,0,0
CELE_Y40H7A.259|21ur-9382,0,0
CELE_Y40H7A.205|21ur-5638,0,0
CELE_Y40H7A.183|21ur-9249,0,0
CELE_Y40H7A.301|21ur-6676,0,0
CELE_Y40H7A.218|21ur-8336,0,0
CELE_Y40H7A.198|21ur-14170,0,0
CELE_Y40H7A.254|21ur-12840,0,0
CELE_Y40H7A.17|21ur-422,0,0
CELE_Y40H7A.5|srd-23,26,0
CELE_Y40H7A.6|sra-30,0,0
CELE_Y40H7A.238|21ur-13455,0,0
CELE_Y40H7A.195|21ur-11907,0,0
CELE_Y40H7A.72|21ur-4607,0,0
CELE_Y40H7A.197|21ur-9363,0,0
CELE_Y40H7A.74|21ur-3532,0,0
CELE_Y40H7A.226|21ur-12823,0,0
CELE_Y40H7A.139|21ur-1622,0,0
CELE_Y40H7A.156|21ur-5669,0,0
CELE_Y40H7A.252|21ur-15534,0,0
CELE_Y40H7A.15|Y40H7A.15,0,0
CELE_Y40H7A.196|21ur-6159,0,0
CELE_Y40H7A.158|21ur-5525,0,0
CELE_Y40H7A.297|21ur-10225,0,0
CELE_Y40H7A.300|21ur-8013,0,0
CELE_Y40H7A.186|21ur-8948,0,0
CELE_Y40H7A.239|21ur-9964,0,0
CELE_Y40H7A.289|21ur-15220,0,0
CELE_Y40H7A.126|21ur-402,0,0
CELE_Y41E3.7|Y41E3.7,5292,5341
CELE_Y41E3.464|Y41E3.464,0,0
CELE_Y41E3.459|Y41E3.459,0,0
CELE_Y41E3.9|fcd-2,3293,3070
CELE_Y41E3.8|Y41E3.8,961,646
CELE_Y41E3.10|eef-1B.2,20264,17243
CELE_Y41E3.11|hrpu-1,12961,13293
CELE_Y40H7A.45|21ur-2168,0,0
CELE_Y40H7A.67|21ur-617,0,0
CELE_Y40H7A.167|21ur-15595,0,0
CELE_Y40H7A.11|Y40H7A.11,46,58
CELE_Y73F8A.1089|21ur-14033,0,0
CELE_Y73F8A.752|21ur-6465,0,0
CELE_Y73F8A.274|21ur-861,0,0
CELE_Y73F8A.521|21ur-6698,0,0
CELE_Y73F8A.842|21ur-9144,0,0
CELE_Y73F8A.1128|21ur-7712,0,0
CELE_Y73F8A.189|21ur-4723,0,0
CELE_Y73F8A.305|21ur-3728,0,0
CELE_Y73F8A.1025|21ur-12961,0,0
CELE_Y73F8A.712|21ur-12993,0,0
CELE_Y73F8A.374|21ur-2382,0,0
CELE_Y73F8A.565|21ur-15217,0,0
CELE_Y73F8A.827|21ur-5653,0,0
CELE_Y73F8A.716|21ur-9332,0,0
CELE_Y73F8A.1091|21ur-6951,0,0
CELE_Y73F8A.566|21ur-14092,0,0
CELE_Y73F8A.459|21ur-1060,0,0
CELE_Y73F8A.380|21ur-705,0,0
CELE_Y73F8A.334|21ur-2047,0,0
CELE_Y73F8A.784|21ur-13276,0,0
CELE_Y73F8A.72|21ur-1680,0,0
CELE_Y73F8A.407|21ur-3631,0,0
CELE_Y73F8A.562|21ur-8232,0,0
CELE_Y73F8A.196|21ur-3034,0,0
CELE_Y73F8A.778|21ur-8014,0,0
CELE_Y73F8A.150|21ur-2992,0,0
CELE_Y73F8A.917|21ur-8041,0,0
CELE_Y73F8A.1052|21ur-6832,0,0
CELE_Y73F8A.691|21ur-6039,0,0
CELE_Y73F8A.525|21ur-12583,0,0
CELE_Y73F8A.845|21ur-12584,0,0
CELE_Y73F8A.582|21ur-9729,0,0
CELE_Y73F8A.455|21ur-5225,0,0
CELE_Y73F8A.243|21ur-2067,0,0
CELE_Y73F8A.468|21ur-4417,0,0
CELE_Y73F8A.1105|21ur-14309,0,0
CELE_Y73F8A.1116|21ur-5654,0,0
CELE_Y73F8A.758|21ur-5534,0,0
CELE_Y73F8A.231|21ur-3145,0,0
CELE_Y73F8A.575|21ur-7076,0,0
CELE_Y73F8A.777|21ur-10069,0,0
CELE_Y73F8A.91|21ur-5181,0,0
CELE_Y73F8A.748|21ur-5600,0,0
CELE_Y73F8A.934|21ur-11303,0,0
CELE_Y73F8A.36|Y73F8A.36,20,0
CELE_Y40H7A.112|21ur-565,0,0
CELE_Y40H7A.77|21ur-5129,0,0
CELE_Y40H7A.141|21ur-1923,0,0
CELE_Y40H7A.154|21ur-6107,0,0
CELE_Y40H7A.119|21ur-5408,0,0
CELE_Y40H7A.261|21ur-9852,0,0
CELE_Y40H7A.40|21ur-4164,0,0
CELE_Y40H7A.94|21ur-1045,0,0
CELE_Y40H7A.120|21ur-2197,0,0
CELE_Y40H7A.294|21ur-15632,0,0
CELE_Y40H7A.211|21ur-11571,0,0
CELE_Y40H7A.200|21ur-8798,0,0
CELE_Y40H7A.83|21ur-1543,0,0
CELE_Y40H7A.223|21ur-9496,0,0
CELE_Y40H7A.64|21ur-1217,0,0
CELE_Y40H7A.62|21ur-3130,0,0
CELE_Y40H7A.278|21ur-11775,0,0
CELE_Y40H7A.217|21ur-10758,0,0
CELE_Y40H7A.242|21ur-8561,0,0
CELE_Y40H7A.97|21ur-3992,0,0
CELE_Y40H7A.213|21ur-14952,0,0
CELE_Y40H7A.10|Y40H7A.10,3590,3492
CELE_Y40H7A.171|21ur-6312,2,0
CELE_Y40H7A.260|21ur-13552,1,0
CELE_Y73F8A.254|21ur-1254,0,0
CELE_Y73F8A.659|21ur-14015,0,0
CELE_Y73F8A.1061|21ur-11524,0,0
CELE_Y73F8A.550|21ur-12392,0,0
CELE_Y73F8A.601|21ur-6207,0,0
CELE_Y73F8A.713|21ur-13338,0,0
CELE_Y73F8A.750|21ur-9128,0,0
CELE_Y73F8A.324|21ur-3668,0,0
CELE_Y73F8A.397|21ur-4879,0,0
CELE_Y73F8A.1028|21ur-6022,0,0
CELE_Y73F8A.510|21ur-14626,0,0
CELE_Y73F8A.83|21ur-3010,0,0
CELE_Y73F8A.666|21ur-11148,0,0
CELE_Y73F8A.943|21ur-12967,0,0
CELE_Y73F8A.907|21ur-13685,0,0
CELE_Y73F8A.46|21ur-4121,0,0
CELE_Y73F8A.234|21ur-343,0,0
CELE_Y73F8A.61|21ur-895,0,0
CELE_Y73F8A.802|21ur-13573,0,0
CELE_Y73F8A.755|21ur-10973,0,0
CELE_Y73F8A.335|21ur-3550,0,0
CELE_Y73F8A.447|21ur-4389,0,0
CELE_Y73F8A.989|21ur-11107,0,0
CELE_Y73F8A.317|21ur-2991,0,0
CELE_Y73F8A.1156|21ur-9738,0,0
CELE_Y73F8A.471|21ur-3477,0,0
CELE_Y73F8A.593|21ur-14020,0,0
CELE_Y73F8A.1132|21ur-5808,0,0
CELE_Y73F8A.645|21ur-11354,0,0
CELE_Y73F8A.371|21ur-1173,0,0
CELE_Y73F8A.293|21ur-2549,0,0
CELE_Y73F8A.163|21ur-5054,0,0
CELE_Y73F8A.612|21ur-9658,0,0
CELE_Y73F8A.928|21ur-10241,0,0
CELE_Y73F8A.122|21ur-4852,0,0
CELE_Y73F8A.174|21ur-3067,0,0
CELE_Y73F8A.213|21ur-367,0,0
CELE_Y73F8A.128|21ur-1195,0,0
CELE_Y73F8A.308|21ur-4258,0,0
CELE_Y73F8A.625|21ur-13750,0,0
CELE_Y73F8A.586|21ur-11779,0,0
CELE_Y73F8A.5|Y73F8A.5,194,190
CELE_Y73F8A.1165|Y73F8A.1165,0,0
CELE_Y73F8A.1169|Y73F8A.1169,0,0
CELE_Y73F8A.191|21ur-3017,0,0
CELE_Y73F8A.1081|21ur-8387,0,0
CELE_Y73F8A.8|pqn-90,25,0
CELE_Y73F8A.545|21ur-8934,0,0
CELE_Y73F8A.1126|21ur-9558,0,0
CELE_Y73F8A.847|21ur-9523,0,0
CELE_Y73F8A.369|21ur-1350,0,0
CELE_Y73F8A.841|21ur-10676,0,0
CELE_Y73F8A.882|21ur-13350,0,0
CELE_Y73F8A.145|21ur-1263,0,0
CELE_Y73F8A.609|21ur-11573,0,0
CELE_Y73F8A.707|21ur-11797,0,0
CELE_Y73F8A.457|21ur-2124,0,0
CELE_Y73F8A.547|21ur-8347,0,0
CELE_Y73F8A.548|21ur-13136,0,0
CELE_Y73F8A.116|21ur-3008,0,0
CELE_Y73F8A.109|21ur-4897,0,0
CELE_Y73F8A.884|21ur-7832,0,0
CELE_Y73F8A.320|21ur-4011,0,0
CELE_Y73F8A.1130|21ur-6674,0,0
CELE_Y73F8A.1040|21ur-9574,0,0
CELE_Y73F8A.260|21ur-1796,0,0
CELE_Y73F8A.649|21ur-10957,0,0
CELE_Y73F8A.92|21ur-361,0,0
CELE_Y73F8A.1070|21ur-11787,0,0
CELE_Y73F8A.555|21ur-11285,0,0
CELE_Y73F8A.6|ccg-1,3857,4065
CELE_Y73F8A.576|21ur-10181,1,0
CELE_Y73F8A.410|21ur-4841,1,0
CELE_Y73F8A.263|21ur-549,0,0
CELE_Y73F8A.695|21ur-13170,0,0
CELE_Y73F8A.1085|21ur-7369,0,0
CELE_Y73F8A.891|21ur-12910,0,0
CELE_Y73F8A.153|21ur-591,0,0
CELE_Y73F8A.241|21ur-4942,0,0
CELE_Y73F8A.1076|21ur-10076,0,0
CELE_Y73F8A.878|21ur-12767,0,0
CELE_Y73F8A.851|21ur-10564,0,0
CELE_Y73F8A.766|21ur-14690,0,0
CELE_Y73F8A.383|21ur-3430,0,0
CELE_Y73F8A.702|21ur-8952,0,0
CELE_Y73F8A.454|21ur-3522,0,0
CELE_Y73F8A.376|21ur-2088,0,0
CELE_Y73F8A.815|21ur-13650,0,0
CELE_Y73F8A.1145|21ur-8848,0,0
CELE_Y73F8A.1056|21ur-9848,0,0
CELE_Y73F8A.899|21ur-10688,0,0
CELE_Y73F8A.356|21ur-5082,0,0
CELE_Y73F8A.689|21ur-10060,0,0
CELE_Y73F8A.738|21ur-9494,0,0
CELE_Y73F8A.792|21ur-13384,0,0
CELE_Y73F8A.70|21ur-2250,0,0
CELE_Y73F8A.298|21ur-3059,0,0
CELE_Y73F8A.677|21ur-15684,0,0
CELE_Y73F8A.999|21ur-6214,0,0
CELE_Y73F8A.1003|21ur-9025,0,0
CELE_Y73F8A.850|21ur-5617,0,0
CELE_Y73F8A.589|21ur-7378,0,0
CELE_Y73F8A.87|21ur-2297,0,0
CELE_Y73F8A.533|21ur-12117,0,0
CELE_Y73F8A.253|21ur-3448,0,0
CELE_Y73F8A.1167|Y73F8A.1167,0,0
CELE_Y73F8A.1170|Y73F8A.1170,0,0
CELE_Y73F8A.164|21ur-2160,0,0
CELE_Y73F8A.886|21ur-7085,0,0
CELE_Y73F8A.11|best-21,332,449
CELE_Y73F8A.368|21ur-3439,0,0
CELE_Y73F8A.629|21ur-8732,0,0
CELE_Y73F8A.15|Y73F8A.15,14,0
CELE_Y73F8A.1171|Y73F8A.1171,0,0
CELE_Y73F8A.T4|Y73F8A.t4,0,0
CELE_Y73F8A.673|21ur-12504,0,0
CELE_Y73F8A.395|21ur-932,0,0
CELE_Y73F8A.981|21ur-11589,0,0
CELE_Y73F8A.852|21ur-11598,0,0
CELE_Y73F8A.497|21ur-3234,0,0
CELE_Y73F8A.494|21ur-1980,0,0
CELE_Y73F8A.57|21ur-5214,0,0
CELE_Y73F8A.121|21ur-871,0,0
CELE_Y73F8A.731|21ur-15439,0,0
CELE_Y73F8A.1058|21ur-6470,0,0
CELE_Y73F8A.52|21ur-3810,0,0
CELE_Y73F8A.896|21ur-10749,0,0
CELE_Y73F8A.946|21ur-13562,0,0
CELE_Y73F8A.286|21ur-2458,0,0
CELE_Y73F8A.507|21ur-14476,0,0
CELE_Y73F8A.448|21ur-4231,0,0
CELE_Y73F8A.889|21ur-12316,0,0
CELE_Y73F8A.282|21ur-2233,0,0
CELE_Y73F8A.638|21ur-11757,0,0
CELE_Y73F8A.839|21ur-10281,0,0
CELE_Y73F8A.445|21ur-2675,0,0
CELE_Y73F8A.564|21ur-11498,0,0
CELE_Y73F8A.233|21ur-1609,0,0
CELE_Y73F8A.966|21ur-8521,0,0
CELE_Y73F8A.350|21ur-3980,0,0
CELE_Y73F8A.700|21ur-12850,0,0
CELE_Y73F8A.1035|21ur-9290,0,0
CELE_Y73F8A.506|21ur-5834,0,0
CELE_Y73F8A.1063|21ur-7963,0,0
CELE_Y73F8A.255|21ur-4515,0,0
CELE_Y73F8A.149|21ur-773,0,0
CELE_Y73F8A.1164|Y73F8A.1164,0,0
CELE_Y73F8A.T3|Y73F8A.t3,0,0
CELE_Y73F8A.14|Y73F8A.14,0,0
CELE_Y73F8A.12|Y73F8A.12,15,0
CELE_Y73F8A.13|Y73F8A.13,293,264
CELE_Y73F8A.179|21ur-2098,1,0
CELE_Y73F8A.16|tbx-39,19,28
CELE_Y73F8A.838|21ur-15319,0,0
CELE_Y73F8A.17|tbx-40,26,24
CELE_Y73F8A.245|21ur-3885,0,0
CELE_Y73F8A.642|21ur-13542,0,0
CELE_Y73F8A.1059|21ur-12139,1,0
CELE_Y73F8A.60|21ur-2188,0,0
CELE_Y73F8A.740|21ur-8143,0,0
CELE_Y73F8A.646|21ur-12827,0,0
CELE_Y73F8A.1088|21ur-15160,0,0
CELE_Y73F8A.670|21ur-5479,0,0
CELE_Y73F8A.161|21ur-2875,0,0
CELE_Y73F8A.721|21ur-13246,0,0
CELE_Y73F8A.1082|21ur-7198,0,0
CELE_Y73F8A.651|21ur-13500,0,0
CELE_Y73F8A.240|21ur-1348,0,0
CELE_Y73F8A.735|21ur-14040,0,0
CELE_Y73F8A.400|21ur-4357,0,0
CELE_Y73F8A.1123|21ur-5711,0,0
CELE_Y73F8A.239|21ur-3167,0,0
CELE_Y73F8A.849|21ur-14339,0,0
CELE_Y73F8A.156|21ur-1590,0,0
CELE_Y73F8A.313|21ur-1916,0,0
CELE_Y73F8A.1129|21ur-14432,0,0
CELE_Y73F8A.1097|21ur-6473,0,0
CELE_Y73F8A.227|21ur-2346,0,0
CELE_Y73F8A.65|21ur-4765,0,0
CELE_Y73F8A.439|21ur-4196,0,0
CELE_Y73F8A.326|21ur-3300,0,0
CELE_Y73F8A.205|21ur-2180,0,0
CELE_Y73F8A.529|21ur-6768,0,0
CELE_Y73F8A.950|21ur-14296,0,0
CELE_Y73F8A.662|21ur-6693,0,0
CELE_Y73F8A.1138|21ur-6007,0,0
CELE_Y73F8A.800|21ur-13398,0,0
CELE_Y73F8A.107|21ur-2820,0,0
CELE_Y73F8A.390|21ur-3527,0,0
CELE_Y73F8A.1043|21ur-6837,0,0
CELE_Y73F8A.406|21ur-3949,0,0
CELE_Y73F8A.718|21ur-12021,0,0
CELE_Y73F8A.1086|21ur-10008,0,0
CELE_Y73F8A.136|21ur-3712,0,0
CELE_Y73F8A.1024|21ur-6621,0,0
CELE_Y73F8A.501|21ur-7485,0,0
CELE_Y73F8A.1046|21ur-11932,0,0
CELE_Y73F8A.584|21ur-5742,0,0
CELE_Y73F8A.19|cpna-4,64,68
CELE_Y73F8A.330|21ur-2288,0,0
CELE_Y73F8A.780|21ur-13248,0,0
CELE_Y73F8A.217|21ur-3573,0,0
CELE_Y73F8A.763|21ur-13736,0,0
CELE_Y73F8A.20|Y73F8A.20,47,0
CELE_Y73F8A.45|21ur-5393,0,0
CELE_Y73F8A.312|21ur-1901,0,0
CELE_Y73F8A.553|21ur-6111,0,0
CELE_Y73F8A.739|21ur-11446,0,0
CELE_Y73F8A.965|21ur-13174,0,0
CELE_Y73F8A.623|21ur-8681,0,0
CELE_Y73F8A.22|Y73F8A.22,23,32
CELE_Y73F8A.613|21ur-8692,0,0
CELE_Y73F8A.760|21ur-10790,0,0
CELE_Y73F8A.426|21ur-4932,0,0
CELE_Y73F8A.1103|21ur-9866,0,0
CELE_Y73F8A.729|21ur-13020,0,0
CELE_Y73F8A.531|21ur-15274,0,0
CELE_Y73F8A.404|21ur-4128,0,0
CELE_Y73F8A.267|21ur-4022,0,0
CELE_Y73F8A.498|21ur-4719,0,0
CELE_Y73F8A.502|21ur-14285,0,0
CELE_Y73F8A.185|21ur-4926,0,0
CELE_Y73F8A.668|21ur-12744,0,0
CELE_Y73F8A.657|21ur-6024,0,0
CELE_Y73F8A.563|21ur-14597,0,0
CELE_Y73F8A.881|21ur-7607,0,0
CELE_Y73F8A.952|21ur-13438,0,0
CELE_Y73F8A.237|21ur-2194,0,0
CELE_Y73F8A.1014|21ur-11870,0,0
CELE_Y73F8A.909|21ur-8947,0,0
CELE_Y73F8A.1006|21ur-11066,0,0
CELE_Y73F8A.66|21ur-3112,0,0
CELE_Y73F8A.628|21ur-7942,0,0
CELE_Y73F8A.79|21ur-2994,0,0
CELE_Y73F8A.926|21ur-13347,0,0
CELE_Y73F8A.386|21ur-5451,0,1
CELE_Y73F8A.788|21ur-6347,0,0
CELE_Y73F8A.21|nhr-5,392,330
CELE_Y73F8A.25|ntl-11,5005,4652
CELE_Y73F8A.1051|21ur-13768,0,0
CELE_Y73F8A.24|gtf-2H4,1547,1810
CELE_Y73F8A.30|acr-24,60,58
CELE_Y73F8A.460|21ur-4112,0,0
CELE_Y73F8A.686|21ur-8210,0,0
CELE_Y73F8A.643|21ur-8269,0,0
CELE_Y73F8A.1034|21ur-11865,0,0
CELE_Y73F8A.956|21ur-12381,0,0
CELE_Y73F8A.526|21ur-10823,0,0
CELE_Y73F8A.680|21ur-7184,0,0
CELE_Y73F8A.1080|21ur-15435,0,0
CELE_Y73F8A.348|21ur-1160,0,0
CELE_Y73F8A.514|21ur-11831,0,0
CELE_Y73F8A.633|21ur-8335,0,0
CELE_Y73F8A.279|21ur-3154,0,0
CELE_Y73F8A.391|21ur-263,0,0
CELE_Y73F8A.423|21ur-2474,0,0
CELE_Y73F8A.1019|21ur-7018,0,0
CELE_Y73F8A.774|21ur-13807,0,0
CELE_Y73F8A.522|21ur-8509,0,0
CELE_Y73F8A.663|21ur-8900,0,0
CELE_Y73F8A.627|21ur-14075,0,0
CELE_Y73F8A.636|21ur-12948,0,0
CELE_Y73F8A.720|21ur-5715,0,0
CELE_Y73F8A.1114|21ur-7677,0,0
CELE_Y73F8A.611|21ur-7266,0,0
CELE_Y73F8A.1001|21ur-13895,0,0
CELE_Y73F8A.394|21ur-2529,0,0
CELE_Y73F8A.421|21ur-2011,0,0
CELE_Y73F8A.1095|21ur-10327,0,0
CELE_Y73F8A.261|21ur-2536,0,0
CELE_Y73F8A.783|21ur-8705,0,0
CELE_Y73F8A.496|21ur-5154,0,0
CELE_Y73F8A.1009|21ur-8758,0,0
CELE_Y73F8A.1053|21ur-7465,0,0
CELE_Y73F8A.872|21ur-10733,0,0
CELE_Y73F8A.569|21ur-8376,0,0
CELE_Y73F8A.1106|21ur-7570,0,0
CELE_Y73F8A.916|21ur-14866,0,0
CELE_Y73F8A.1078|21ur-11918,0,0
CELE_Y73F8A.844|21ur-12058,0,0
CELE_Y73F8A.804|21ur-6232,0,0
CELE_Y73F8A.177|21ur-5263,1,0
CELE_Y73F8A.322|21ur-252,0,0
CELE_Y73F8A.26|Y73F8A.26,625,646
CELE_Y73F8A.728|21ur-11744,0,0
CELE_Y73F8A.100|21ur-4291,0,0
CELE_Y73F8A.495|21ur-3504,0,0
CELE_Y73F8A.27|fdx-2,2174,2156
CELE_Y73F8A.31|gyg-3,52,36
CELE_Y73F8A.32|Y73F8A.32,141,115
CELE_Y73F8A.37|Y73F8A.37,56,73
CELE_Y73F8A.1173|Y73F8A.1173,139,130
CELE_Y73F8A.35|Y73F8A.35,67,79
CELE_Y73F8A.678|21ur-6084,0,0
CELE_Y73F8A.420|21ur-1883,0,0
CELE_Y73F8A.1094|21ur-11550,0,0
CELE_Y73F8A.417|21ur-2852,0,0
CELE_Y73F8A.885|21ur-9985,0,0
CELE_Y73F8A.620|21ur-9369,0,0
CELE_Y73F8A.1032|21ur-7872,0,0
CELE_Y73F8A.491|21ur-2365,0,0
CELE_Y73F8A.684|21ur-6345,0,0
CELE_Y73F8A.428|21ur-798,0,0
CELE_Y73F8A.134|21ur-1508,0,0
CELE_Y73F8A.759|21ur-7759,0,0
CELE_Y73F8A.157|21ur-3732,0,0
CELE_Y73F8A.166|21ur-2538,0,0
CELE_Y73F8A.131|21ur-3215,0,0
CELE_Y73F8A.396|21ur-3366,0,0
CELE_Y73F8A.200|21ur-516,0,0
CELE_Y73F8A.640|21ur-10370,0,0
CELE_Y73F8A.969|21ur-7091,0,0
CELE_Y73F8A.1054|21ur-11171,0,0
CELE_Y73F8A.311|21ur-2139,0,0
CELE_Y73F8A.372|21ur-1507,0,0
CELE_Y73F8A.427|21ur-788,0,0
CELE_Y73F8A.1122|21ur-8391,0,0
CELE_Y105C5A.831|21ur-8936,1,0
CELE_Y105C5A.729|21ur-6237,0,0
CELE_Y105C5A.133|21ur-3854,0,0
CELE_Y105C5A.1262|21ur-14539,0,0
CELE_Y105C5A.728|21ur-15219,0,0
CELE_Y105C5A.1056|21ur-8226,0,0
CELE_Y105C5A.741|21ur-15111,0,0
CELE_Y105C5A.1261|21ur-7546,0,0
CELE_Y105C5A.959|21ur-12225,0,0
CELE_Y105C5A.336|21ur-2212,0,0
CELE_Y105C5A.850|21ur-6449,0,0
CELE_Y105C5A.1047|21ur-12053,0,0
CELE_Y105C5A.201|21ur-5283,0,0
CELE_Y105C5A.187|21ur-4874,0,0
CELE_Y105C5A.1233|21ur-10886,0,0
CELE_Y105C5A.1125|21ur-12263,0,0
CELE_Y105C5A.1088|21ur-14230,0,0
CELE_Y105C5A.718|21ur-7416,0,0
CELE_Y105C5A.329|21ur-1145,0,0
CELE_Y105C5A.1282|Y105C5A.1282,0,0
CELE_Y105C5A.303|21ur-2472,0,0
CELE_Y105C5A.1198|21ur-10062,0,0
CELE_Y105C5A.134|21ur-517,0,0
CELE_Y105C5A.284|21ur-1161,0,0
CELE_Y105C5A.793|21ur-15007,0,0
CELE_Y105C5A.51|21ur-3553,0,0
CELE_Y105C5A.525|21ur-14925,0,0
CELE_Y105C5A.708|21ur-9226,0,0
CELE_Y105C5A.787|21ur-10395,0,0
CELE_Y105C5A.846|21ur-11611,0,0
CELE_Y105C5A.160|21ur-1070,0,0
CELE_Y105C5A.1217|21ur-8857,0,0
CELE_Y105C5A.1148|21ur-11968,0,0
CELE_Y105C5A.570|21ur-9356,0,0
CELE_Y105C5A.969|21ur-9783,0,0
CELE_Y105C5A.146|21ur-3657,0,0
CELE_Y105C5A.1008|21ur-15463,0,0
CELE_Y105C5A.700|21ur-14596,0,0
CELE_Y105C5A.1020|21ur-10555,0,0
CELE_Y105C5A.70|21ur-2728,0,0
CELE_Y105C5A.206|21ur-1124,0,0
CELE_Y105C5A.208|21ur-471,0,0
CELE_Y105C5A.801|21ur-8326,0,0
CELE_Y105C5A.270|21ur-4225,0,0
CELE_Y105C5A.534|21ur-10433,0,0
CELE_Y105C5A.910|21ur-9015,0,0
CELE_Y105C5A.406|21ur-1261,0,0
CELE_Y105C5A.1254|21ur-14027,0,0
CELE_Y105C5A.845|21ur-10890,0,0
CELE_Y105C5A.294|21ur-3380,1,1
CELE_Y105C5A.900|21ur-7310,0,0
CELE_Y105C5A.432|21ur-791,0,0
CELE_Y105C5A.844|21ur-10043,0,0
CELE_Y105C5A.333|21ur-3118,0,0
CELE_Y105C5A.763|21ur-5529,0,0
CELE_Y105C5A.738|21ur-13717,0,0
CELE_Y105C5A.677|21ur-6511,0,0
CELE_Y105C5A.1|Y105C5A.1,868,750
CELE_Y105C5A.774|21ur-7705,1,0
CELE_Y105C5A.3|pqn-76,0,0
CELE_Y105C5A.1228|21ur-13068,0,0
CELE_Y105C5A.966|21ur-10984,0,0
CELE_Y105C5A.430|21ur-2817,0,0
CELE_Y105C5A.393|21ur-2093,0,0
CELE_Y105C5A.1105|21ur-10083,0,0
CELE_Y105C5A.1211|21ur-9790,0,0
CELE_Y105C5A.351|21ur-1549,0,0
CELE_Y105C5A.1278|Y105C5A.1278,0,0
CELE_Y105C5A.1279|Y105C5A.1279,0,0
CELE_Y105C5A.6|pqn-79,0,0
CELE_Y73F8A.1174|anr-3,9,0
CELE_Y73F8A.34|ari-1.4,8744,7859
CELE_Y105C5A.803|21ur-6066,0,0
CELE_Y105C5A.1160|21ur-7771,0,0
CELE_Y105C5A.875|21ur-14153,0,0
CELE_Y105C5A.1113|21ur-10134,0,0
CELE_Y105C5A.835|21ur-7659,0,0
CELE_Y105C5A.866|21ur-7366,0,0
CELE_Y105C5A.10|Y105C5A.10,3,0
CELE_Y105C5A.13|Y105C5A.13,21,6
CELE_Y105C5A.12|Y105C5A.12,24,6
CELE_Y105C5A.385|21ur-801,0,0
CELE_Y105C5A.605|21ur-8267,0,0
CELE_Y105C5A.173|21ur-1046,0,0
CELE_Y105C5A.167|21ur-1682,0,0
CELE_Y105C5A.398|21ur-3309,0,0
CELE_Y105C5A.837|21ur-13401,0,0
CELE_Y105C5A.322|21ur-1736,0,0
CELE_Y105C5A.1208|21ur-13681,0,0
CELE_Y105C5A.158|21ur-5234,0,0
CELE_Y105C5A.530|21ur-8001,0,0
CELE_Y105C5A.1096|21ur-10567,0,0
CELE_Y105C5A.299|21ur-976,0,0
CELE_Y105C5A.1216|21ur-10302,0,0
CELE_Y105C5A.1116|21ur-5562,0,0
CELE_Y105C5A.689|21ur-9745,0,0
CELE_Y105C5A.64|21ur-2587,0,0
CELE_Y105C5A.78|21ur-4125,0,0
CELE_Y105C5A.1110|21ur-11755,0,0
CELE_Y105C5A.697|21ur-13091,0,0
CELE_Y105C5A.1058|21ur-14771,0,0
CELE_Y105C5A.638|21ur-12506,0,0
CELE_Y105C5A.313|21ur-4960,0,0
CELE_Y105C5A.949|21ur-7640,0,0
CELE_Y105C5A.155|21ur-3897,0,0
CELE_Y105C5A.1133|21ur-6628,0,0
CELE_Y105C5A.8|Y105C5A.8,974,1257
CELE_Y105C5A.1136|21ur-6203,0,0
CELE_Y105C5A.1271|Y105C5A.1271,22,13
CELE_Y105C5A.1272|Y105C5A.1272,0,0
CELE_Y105C5A.1268|Y105C5A.1268,54,24
CELE_Y105C5A.14|Y105C5A.14,407,412
CELE_Y105C5A.19|Y105C5A.19,0,0
CELE_Y105C5A.17|Y105C5A.17,0,0
CELE_Y105C5A.785|21ur-14088,0,0
CELE_Y105C5A.47|21ur-5135,0,0
CELE_Y105C5A.82|21ur-1790,0,0
CELE_Y105C5A.1224|21ur-8318,0,0
CELE_Y105C5A.809|21ur-11190,0,0
CELE_Y105C5A.1000|21ur-8872,0,0
CELE_Y105C5A.98|21ur-2435,0,0
CELE_Y105C5A.771|21ur-11698,0,0
CELE_Y105C5A.255|21ur-4208,0,0
CELE_Y105C5A.86|21ur-825,0,0
CELE_Y105C5A.642|21ur-13423,0,0
CELE_Y105C5A.1232|21ur-11514,0,0
CELE_Y105C5A.448|21ur-3264,0,0
CELE_Y105C5A.340|21ur-3388,0,0
CELE_Y105C5A.1057|21ur-13755,0,0
CELE_Y105C5A.77|21ur-3590,0,0
CELE_Y105C5A.748|21ur-12360,0,0
CELE_Y105C5A.943|21ur-12308,0,0
CELE_Y105C5A.401|21ur-2740,0,0
CELE_Y105C5A.855|21ur-10147,0,0
CELE_Y105C5A.325|21ur-4558,0,0
CELE_Y105C5A.779|21ur-15132,0,0
CELE_Y105C5A.397|21ur-4471,0,0
CELE_Y105C5A.275|21ur-2821,0,0
CELE_Y105C5A.326|21ur-5018,0,0
CELE_Y105C5A.1270|Y105C5A.1270,0,0
CELE_Y105C5A.1246|21ur-6373,0,0
CELE_Y105C5A.1209|21ur-11753,0,0
CELE_Y105C5A.742|21ur-6545,0,0
CELE_Y105C5A.453|21ur-5067,0,0
CELE_Y105C5A.309|21ur-1297,0,0
CELE_Y105C5A.109|21ur-4759,0,0
CELE_Y105C5A.469|21ur-4127,0,0
CELE_Y105C5A.334|21ur-2014,0,0
CELE_Y105C5A.115|21ur-4931,0,0
CELE_Y105C5A.986|21ur-9970,0,0
CELE_Y105C5A.494|21ur-1142,0,0
CELE_Y105C5A.612|21ur-12019,0,0
CELE_Y105C5A.467|21ur-1637,0,0
CELE_Y105C5A.938|21ur-14149,0,0
CELE_Y105C5A.594|21ur-15053,0,0
CELE_Y105C5A.286|21ur-3015,0,0
CELE_Y105C5A.815|21ur-12009,0,0
CELE_Y105C5A.1179|21ur-11683,0,0
CELE_Y105C5A.1073|21ur-11802,0,0
CELE_Y105C5A.222|21ur-4953,0,0
CELE_Y105C5A.293|21ur-89,0,0
CELE_Y105C5A.1093|21ur-15277,0,0
CELE_Y105C5A.669|21ur-7708,0,0
CELE_Y105C5A.482|21ur-2127,0,1
CELE_Y105C5A.218|21ur-3523,0,0
CELE_Y105C5A.726|21ur-12944,0,0
CELE_Y105C5A.23|daf-38,50,52
CELE_Y105C5A.977|21ur-13151,0,0
CELE_Y105C5A.15|Y105C5A.15,666,648
CELE_Y105C5A.1267|21ur-8264,0,0
CELE_Y105C5A.1205|21ur-7367,0,0
CELE_Y105C5A.195|21ur-4848,0,0
CELE_Y105C5A.205|21ur-4324,0,0
CELE_Y105C5A.323|21ur-112,0,0
CELE_Y105C5A.1016|21ur-12432,0,0
CELE_Y105C5A.352|21ur-2516,0,0
CELE_Y105C5A.1280|Y105C5A.1280,0,0
CELE_Y105C5A.1275|Y105C5A.1275,0,0
CELE_Y105C5A.582|21ur-6577,0,0
CELE_Y105C5A.770|21ur-10279,0,0
CELE_Y105C5A.1161|21ur-9016,0,0
CELE_Y105C5A.60|21ur-5218,0,0
CELE_Y105C5A.579|21ur-13429,0,0
CELE_Y105C5A.1100|21ur-11355,0,0
CELE_Y105C5A.297|21ur-3370,0,0
CELE_Y105C5A.49|21ur-378,0,0
CELE_Y105C5A.880|21ur-14614,0,0
CELE_Y105C5A.1066|21ur-5948,0,0
CELE_Y105C5A.1083|21ur-5840,0,0
CELE_Y105C5A.514|21ur-7930,0,0
CELE_Y105C5A.546|21ur-7099,0,0
CELE_Y105C5A.678|21ur-12859,0,0
CELE_Y105C5A.1070|21ur-8767,0,0
CELE_Y105C5A.107|21ur-1867,0,0
CELE_Y105C5A.89|21ur-409,0,0
CELE_Y105C5A.461|21ur-2953,0,0
CELE_Y105C5A.420|21ur-2753,0,0
CELE_Y105C5A.887|21ur-7941,0,0
CELE_Y105C5A.209|21ur-413,0,0
CELE_Y105C5A.396|21ur-827,0,0
CELE_Y105C5A.510|21ur-10879,0,0
CELE_Y105C5A.1193|21ur-9082,0,0
CELE_Y105C5A.1078|21ur-12639,0,0
CELE_Y105C5A.620|21ur-14450,0,0
CELE_Y105C5A.90|21ur-191,0,0
CELE_Y105C5A.897|21ur-8065,0,0
CELE_Y105C5A.96|21ur-1402,0,0
CELE_Y105C5A.1099|21ur-13115,0,0
CELE_Y105C5A.247|21ur-569,0,0
CELE_Y105C5A.843|21ur-5462,0,0
CELE_Y105C5A.254|21ur-4481,0,0
CELE_Y105C5A.1241|21ur-12862,0,0
CELE_Y105C5A.885|21ur-8670,0,0
CELE_Y105C5A.232|21ur-113,0,0
CELE_Y105C5A.981|21ur-6563,0,0
CELE_Y105C5A.233|21ur-2733,0,0
CELE_Y105C5A.1108|21ur-6051,0,0
CELE_Y105C5A.797|21ur-9975,0,0
CELE_Y105C5A.176|21ur-2012,0,0
CELE_Y105C5A.216|21ur-4510,0,0
CELE_Y105C5A.820|21ur-5765,0,0
CELE_Y105C5A.1062|21ur-11922,0,0
CELE_Y105C5A.423|21ur-4223,0,0
CELE_Y105C5A.937|21ur-11299,0,0
CELE_Y105C5A.560|21ur-9721,0,0
CELE_Y105C5A.918|21ur-11044,0,0
CELE_Y105C5A.159|21ur-2292,0,0
CELE_Y105C5A.273|21ur-3443,0,0
CELE_Y105C5A.301|21ur-1321,0,0
CELE_Y105C5A.1206|21ur-11031,0,0
CELE_Y105C5A.332|21ur-1364,0,0
CELE_Y105C5A.874|21ur-8757,0,0
CELE_Y105C5A.909|21ur-7999,0,0
CELE_Y105C5A.1009|21ur-8213,0,0
CELE_Y105C5A.564|21ur-5546,0,0
CELE_Y105C5A.548|21ur-10995,0,0
CELE_Y105C5A.1097|21ur-11824,0,0
CELE_Y105C5A.545|21ur-12529,0,0
CELE_Y105C5A.192|21ur-1075,0,0
CELE_Y105C5A.521|21ur-10836,0,0
CELE_Y105C5A.304|21ur-5096,0,0
CELE_Y105C5A.120|21ur-1906,0,0
CELE_Y105C5A.750|21ur-9026,0,0
CELE_Y105C5A.265|21ur-4119,0,0
CELE_Y105C5A.481|21ur-720,0,0
CELE_Y105C5A.580|21ur-12785,0,0
CELE_Y105C5A.56|21ur-2080,0,0
CELE_Y105C5A.48|21ur-3163,0,0
CELE_Y105C5A.177|21ur-1360,0,0
CELE_Y105C5A.1129|21ur-9003,0,0
CELE_Y105C5A.154|21ur-2024,0,0
CELE_Y105C5A.347|21ur-1947,0,0
CELE_Y105C5A.226|21ur-4683,0,0
CELE_Y105C5A.488|21ur-903,0,0
CELE_Y105C5A.588|21ur-6833,0,0
CELE_Y105C5A.882|21ur-8575,0,0
CELE_Y105C5A.328|21ur-3646,0,0
CELE_Y105C5A.706|21ur-9816,0,0
CELE_Y105C5A.640|21ur-6831,0,0
CELE_Y105C5A.583|21ur-6888,0,0
CELE_Y105C5A.266|21ur-1421,0,0
CELE_Y105C5A.603|21ur-7029,0,0
CELE_Y105C5A.178|21ur-3432,0,0
CELE_Y105C5A.1239|21ur-11908,0,0
CELE_Y105C5A.1220|21ur-10855,0,0
CELE_Y105C5A.1135|21ur-9061,0,0
CELE_Y105C5A.610|21ur-11322,0,0
CELE_Y105C5A.1053|21ur-11830,0,0
CELE_Y105C5A.384|21ur-696,0,0
CELE_Y105C5A.152|21ur-3169,0,0
CELE_Y105C5A.814|21ur-10040,0,0
CELE_Y105C5A.174|21ur-4945,0,0
CELE_Y105C5A.449|21ur-1560,0,0
CELE_Y105C5A.806|21ur-6267,0,0
CELE_Y105C5A.450|21ur-2277,0,0
CELE_Y105C5A.415|21ur-1866,0,0
CELE_Y105C5A.1169|21ur-13156,0,0
CELE_Y105C5A.863|21ur-6564,0,0
CELE_Y105C5A.116|21ur-350,0,0
CELE_Y105C5A.492|21ur-4746,0,0
CELE_Y105C5A.1010|21ur-8178,0,0
CELE_Y105C5A.622|21ur-13731,0,0
CELE_Y105C5A.221|21ur-3095,0,1
CELE_Y105C5A.99|21ur-3526,0,0
CELE_Y105C5A.1250|21ur-15182,0,0
CELE_Y105C5A.315|21ur-4139,0,0
CELE_Y105C5A.1059|21ur-8826,0,0
CELE_Y105C5A.281|21ur-4179,1,1
CELE_Y105C5A.203|21ur-4145,1,0
CELE_Y105C5A.528|21ur-7717,0,0
CELE_Y105C5A.25|Y105C5A.25,52,25
CELE_Y105C5B.1|Y105C5B.1,0,0
CELE_Y105C5B.690|21ur-8534,0,0
CELE_Y105C5B.1276|21ur-12459,0,0
CELE_Y105C5B.1132|21ur-11348,0,0
CELE_Y105C5A.703|21ur-7269,0,0
CELE_Y105C5A.1257|21ur-13224,0,0
CELE_Y105C5A.811|21ur-7859,0,0
CELE_Y105C5A.707|21ur-13861,0,0
CELE_Y105C5A.1029|21ur-10231,0,0
CELE_Y105C5A.736|21ur-13197,0,0
CELE_Y105C5A.24|Y105C5A.24,821,839
CELE_Y105C5A.1284|Y105C5A.1284,2,3
CELE_Y105C5B.181|21ur-5166,0,0
CELE_Y105C5B.740|21ur-11687,0,0
CELE_Y105C5B.299|21ur-3374,0,0
CELE_Y105C5B.459|21ur-1729,0,0
CELE_Y105C5B.727|21ur-6338,0,0
CELE_Y105C5B.1348|21ur-14125,0,0
CELE_Y105C5B.279|21ur-5284,0,0
CELE_Y105C5B.1287|21ur-13833,0,0
CELE_Y105C5B.239|21ur-3806,0,0
CELE_Y105C5B.190|21ur-5325,0,0
CELE_Y105C5B.210|21ur-3493,0,0
CELE_Y105C5B.1313|21ur-5968,0,0
CELE_Y105C5B.1032|21ur-12965,0,0
CELE_Y105C5B.199|21ur-4003,0,0
CELE_Y105C5B.1162|21ur-14727,0,0
CELE_Y105C5B.262|21ur-2372,0,0
CELE_Y105C5B.1235|21ur-13864,0,0
CELE_Y105C5B.1329|21ur-10365,0,0
CELE_Y105C5B.242|21ur-2759,0,0
CELE_Y105C5B.637|21ur-13304,0,0
CELE_Y105C5B.1173|21ur-12816,0,0
CELE_Y105C5B.753|21ur-14610,0,0
CELE_Y105C5B.602|21ur-4777,0,0
CELE_Y105C5B.1232|21ur-8710,0,0
CELE_Y105C5B.248|21ur-95,0,0
CELE_Y105C5B.548|21ur-2082,0,0
CELE_Y105C5B.3|Y105C5B.3,51,31
CELE_Y105C5B.2|gcy-25,0,0
CELE_Y105C5B.1045|21ur-9223,0,0
CELE_Y105C5B.1133|21ur-5734,0,0
CELE_Y105C5B.450|21ur-34,0,0
CELE_Y105C5B.789|21ur-12270,0,0
CELE_Y105C5B.1320|21ur-15481,0,0
CELE_Y105C5B.1198|21ur-6466,0,0
CELE_Y105C5B.1073|21ur-13092,0,0
CELE_Y105C5B.1212|21ur-10867,0,0
CELE_Y105C5B.489|21ur-4188,0,0
CELE_Y105C5B.809|21ur-13749,0,0
CELE_Y105C5B.159|21ur-5207,0,0
CELE_Y105C5B.798|21ur-6643,0,0
CELE_Y105C5B.509|21ur-685,0,0
CELE_Y105C5B.913|21ur-9671,0,0
CELE_Y105C5B.1021|21ur-6187,0,0
CELE_Y105C5B.41|21ur-5087,0,0
CELE_Y105C5B.730|21ur-6460,0,0
CELE_Y105C5B.864|21ur-9603,0,0
CELE_Y105C5B.467|21ur-3990,0,0
CELE_Y105C5B.1083|21ur-7165,0,0
CELE_Y105C5B.421|21ur-2906,0,0
CELE_Y105C5B.1406|21ur-12848,0,0
CELE_Y105C5B.960|21ur-7197,0,0
CELE_Y105C5B.71|21ur-2801,0,0
CELE_Y105C5B.438|21ur-165,0,0
CELE_Y105C5B.216|21ur-974,0,0
CELE_Y105C5B.794|21ur-11985,0,0
CELE_Y105C5B.259|21ur-4059,0,0
CELE_Y105C5B.245|21ur-980,0,0
CELE_Y105C5B.633|21ur-10188,0,0
CELE_Y105C5B.197|21ur-4927,0,0
CELE_Y105C5B.1195|21ur-11839,0,0
CELE_Y105C5B.874|21ur-11888,0,0
CELE_Y105C5B.1008|21ur-7875,0,0
CELE_Y105C5B.157|21ur-4069,0,0
CELE_Y105C5B.510|21ur-929,0,0
CELE_Y105C5B.715|21ur-9191,0,0
CELE_Y105C5B.522|21ur-2881,0,0
CELE_Y105C5B.569|21ur-210,0,0
CELE_Y105C5B.808|21ur-8634,0,0
CELE_Y105C5B.701|21ur-15077,0,0
CELE_Y105C5B.291|21ur-2716,0,0
CELE_Y105C5B.34|21ur-231,0,0
CELE_Y105C5B.411|21ur-3792,0,0
CELE_Y105C5B.720|21ur-11941,0,0
CELE_Y105C5B.6|srv-15,34,27
CELE_Y105C5B.1019|21ur-12189,0,0
CELE_Y105C5B.1152|21ur-7081,0,0
CELE_Y105C5B.8|Y105C5B.8,0,0
CELE_Y105C5B.312|21ur-1298,0,0
CELE_Y105C5B.1188|21ur-7778,0,0
CELE_Y105C5B.649|21ur-8169,0,0
CELE_Y105C5B.128|21ur-1461,0,0
CELE_Y105C5B.741|21ur-12670,0,0
CELE_Y105C5B.491|21ur-3748,0,0
CELE_Y105C5B.774|21ur-13341,0,0
CELE_Y105C5B.419|21ur-3199,0,0
CELE_Y105C5B.564|21ur-383,0,0
CELE_Y105C5B.638|21ur-13126,0,0
CELE_Y105C5B.812|21ur-11370,0,0
CELE_Y105C5B.1084|21ur-8135,0,0
CELE_Y105C5B.911|21ur-12684,0,0
CELE_Y105C5B.444|21ur-5117,0,0
CELE_Y105C5B.184|21ur-1319,0,0
CELE_Y105C5B.772|21ur-9447,0,0
CELE_Y105C5B.1056|21ur-13461,0,0
CELE_Y105C5B.692|21ur-10239,0,0
CELE_Y105C5B.358|21ur-4863,0,0
CELE_Y105C5B.1296|21ur-10316,0,0
CELE_Y105C5B.1165|21ur-11681,0,0
CELE_Y105C5B.1409|21ur-13055,0,0
CELE_Y105C5B.1067|21ur-6528,0,0
CELE_Y105C5B.825|21ur-14053,0,0
CELE_Y105C5B.5|Y105C5B.5,6249,4474
CELE_Y105C5B.382|21ur-4820,3,1
CELE_Y105C5B.1237|21ur-14804,1,0
CELE_Y105C5B.1415|Y105C5B.1415,0,0
CELE_Y105C5B.T4|Y105C5B.t4,0,0
CELE_Y105C5B.9|Y105C5B.9,918,653
CELE_Y105C5B.11|Y105C5B.11,0,0
CELE_Y105C5B.1256|21ur-10689,0,0
CELE_Y105C5B.85|21ur-3797,0,0
CELE_Y105C5B.594|21ur-1287,0,0
CELE_Y105C5B.12|sams-2,389,225
CELE_Y105C5B.765|21ur-8192,2,3
CELE_Y105C5B.1210|21ur-7128,1,0
CELE_Y105C5B.14|ifas-3,45,26
CELE_Y105C5B.1086|21ur-15095,1,0
CELE_Y105C5B.423|21ur-3372,0,0
CELE_Y105C5B.996|21ur-14222,0,0
CELE_Y105C5B.995|21ur-8605,0,0
CELE_Y105C5B.267|21ur-4229,0,0
CELE_Y105C5B.13|skr-10,989,999
CELE_Y105C5B.16|lgc-19,0,0
CELE_Y105C5B.1159|21ur-11364,0,0
CELE_Y105C5B.1007|21ur-6486,0,0
CELE_Y105C5B.124|21ur-4310,0,0
CELE_Y105C5B.922|21ur-7195,0,0
CELE_Y105C5B.1213|21ur-7319,0,0
CELE_Y105C5B.973|21ur-7163,0,0
CELE_Y105C5B.1118|21ur-9030,0,0
CELE_Y105C5B.275|21ur-3383,0,0
CELE_Y105C5B.668|21ur-10825,0,0
CELE_Y105C5B.429|21ur-3580,0,0
CELE_Y105C5B.278|21ur-822,0,0
CELE_Y105C5B.151|21ur-3375,0,0
CELE_Y105C5B.568|21ur-243,0,0
CELE_Y105C5B.1128|21ur-9032,0,0
CELE_Y105C5B.834|21ur-6049,0,0
CELE_Y105C5B.951|21ur-9850,0,0
CELE_Y105C5B.1334|21ur-5801,0,0
CELE_Y105C5B.858|21ur-10713,0,0
CELE_Y105C5B.174|21ur-4063,0,0
CELE_Y105C5B.1339|21ur-11934,0,0
CELE_Y105C5B.110|21ur-1570,0,0
CELE_Y105C5B.505|21ur-1453,0,0
CELE_Y105C5B.270|21ur-2985,0,0
CELE_Y105C5B.441|21ur-4969,0,0
CELE_Y105C5B.1065|21ur-6771,0,0
CELE_Y105C5B.17|Y105C5B.17,14,0
CELE_Y105C5B.18|Y105C5B.18,40,24
CELE_Y105C5B.453|21ur-2832,0,0
CELE_Y105C5B.19|Y105C5B.19,675,636
CELE_Y105C5B.20|Y105C5B.20,322,420
CELE_Y105C5B.540|21ur-3937,0,0
CELE_Y105C5B.251|21ur-4707,0,0
CELE_Y105C5B.767|21ur-10438,0,0
CELE_Y105C5B.577|21ur-2267,0,0
CELE_Y105C5B.295|21ur-4803,0,0
CELE_Y105C5B.716|21ur-6762,0,0
CELE_Y105C5B.1240|21ur-13236,0,0
CELE_Y105C5B.1379|21ur-12001,0,0
CELE_Y105C5B.1109|21ur-11382,0,0
CELE_Y105C5B.1218|21ur-6398,0,0
CELE_Y105C5B.1315|21ur-11292,0,0
CELE_Y105C5B.15|Y105C5B.15,13274,4666
CELE_Y105C5B.1418|Y105C5B.1418,0,3
CELE_Y105C5B.465|21ur-2616,1,0
CELE_Y105C5B.195|21ur-4133,0,0
CELE_Y105C5B.48|21ur-3918,0,0
CELE_Y105C5B.1009|21ur-15465,0,0
CELE_Y105C5B.63|21ur-2825,0,0
CELE_Y105C5B.29|hlh-32,20,11
CELE_Y105C5B.383|21ur-2846,0,0
CELE_Y105C5B.25|gtnt-48,0,0
CELE_Y105C5B.187|21ur-836,0,0
CELE_Y105C5B.390|21ur-1409,0,0
CELE_Y105C5B.759|21ur-12517,0,0
CELE_Y105C5B.785|21ur-15273,0,0
CELE_Y105C5B.422|21ur-1329,0,0
CELE_Y105C5B.1236|21ur-7582,0,0
CELE_Y105C5B.899|21ur-14871,0,0
CELE_Y105C5B.591|21ur-1121,0,0
CELE_Y105C5B.517|21ur-779,0,0
CELE_Y105C5B.605|21ur-339,0,0
CELE_Y105C5B.1346|21ur-13799,0,0
CELE_Y105C5B.1062|21ur-7210,0,0
CELE_Y105C5B.466|21ur-1813,0,0
CELE_Y105C5B.413|21ur-5202,0,0
CELE_Y105C5B.1089|21ur-10632,0,0
CELE_Y105C5B.86|21ur-3554,0,0
CELE_Y105C5B.1377|21ur-9802,0,0
CELE_Y105C5B.930|21ur-14560,0,0
CELE_Y105C5B.830|21ur-10078,0,0
CELE_Y105C5B.292|21ur-3954,0,0
CELE_Y105C5B.403|21ur-4490,0,0
CELE_Y105C5B.409|21ur-3608,0,0
CELE_Y105C5B.719|21ur-15236,0,0
CELE_Y105C5B.1138|21ur-7841,0,0
CELE_Y105C5B.1168|21ur-11949,0,0
CELE_Y105C5B.622|21ur-7853,0,0
CELE_Y105C5B.1274|21ur-9310,0,0
CELE_Y105C5B.40|21ur-101,0,0
CELE_Y105C5B.777|21ur-9932,0,0
CELE_Y105C5B.129|21ur-1585,0,0
CELE_Y105C5B.43|21ur-4693,0,0
CELE_Y105C5B.626|21ur-6706,0,0
CELE_Y105C5B.443|21ur-322,0,0
CELE_Y105C5B.733|21ur-13096,0,0
CELE_Y105C5B.468|21ur-588,0,0
CELE_Y105C5B.631|21ur-13328,0,0
CELE_Y105C5B.322|21ur-5061,0,0
CELE_Y105C5B.38|21ur-2954,0,0
CELE_Y105C5B.1355|21ur-9352,0,0
CELE_Y105C5B.1013|21ur-15689,0,0
CELE_Y105C5B.1110|21ur-11709,0,0
CELE_Y105C5B.160|21ur-534,0,0
CELE_Y105C5B.1364|21ur-7883,0,0
CELE_Y105C5B.1414|Y105C5B.1414,0,0
CELE_Y105C5B.1416|Y105C5B.1416,0,0
CELE_Y105C5B.1262|21ur-9775,0,0
CELE_Y105C5B.171|21ur-4452,0,0
CELE_Y105C5B.178|21ur-5144,0,0
CELE_Y105C5B.693|21ur-7191,0,0
CELE_Y105C5B.549|21ur-104,0,0
CELE_Y105C5B.1108|21ur-15538,0,0
CELE_Y105C5B.1153|21ur-6127,0,0
CELE_Y105C5B.1361|21ur-5487,0,0
CELE_Y105C5B.1037|21ur-15443,0,0
CELE_Y105C5B.1029|21ur-10850,0,0
CELE_Y105C5B.272|21ur-2850,0,0
CELE_Y105C5B.931|21ur-10384,0,0
CELE_Y105C5B.1268|21ur-12954,0,0
CELE_Y105C5B.313|21ur-4283,0,0
CELE_Y105C5B.1048|21ur-12564,0,0
CELE_Y105C5B.256|21ur-530,0,0
CELE_Y105C5B.386|21ur-5119,0,0
CELE_Y105C5B.1226|21ur-8201,0,0
CELE_Y105C5B.793|21ur-15193,0,0
CELE_Y105C5B.1092|21ur-7862,0,0
CELE_Y105C5B.936|21ur-12979,0,0
CELE_Y105C5B.426|21ur-1285,0,0
CELE_Y105C5B.200|21ur-336,0,0
CELE_Y105C5B.934|21ur-9330,0,0
CELE_Y105C5B.1051|21ur-6348,0,0
CELE_Y105C5B.1300|21ur-13465,0,0
CELE_Y105C5B.380|21ur-222,0,0
CELE_Y105C5B.1117|21ur-7932,0,0
CELE_Y105C5B.1166|21ur-9973,0,0
CELE_Y105C5B.1182|21ur-10810,0,0
CELE_Y105C5B.818|21ur-15069,0,0
CELE_Y105C5B.497|21ur-4287,0,0
CELE_Y105C5B.1134|21ur-12424,0,0
CELE_Y105C5B.889|21ur-11517,0,0
CELE_Y105C5B.1146|21ur-6854,0,0
CELE_Y105C5B.1043|21ur-7645,0,0
CELE_Y105C5B.665|21ur-12421,0,0
CELE_Y105C5B.787|21ur-8010,0,0
CELE_Y105C5B.481|21ur-2384,0,0
CELE_Y105C5B.165|21ur-4987,0,0
CELE_Y105C5B.356|21ur-955,0,0
CELE_Y105C5B.890|21ur-10848,0,0
CELE_Y105C5B.694|21ur-11391,0,0
CELE_Y105C5B.725|21ur-6588,0,0
CELE_Y105C5B.1410|21ur-11973,0,0
CELE_Y105C5B.191|21ur-892,0,0
CELE_Y105C5B.816|21ur-9727,0,0
CELE_Y105C5B.1130|21ur-10806,0,0
CELE_Y105C5B.427|21ur-384,0,0
CELE_Y105C5B.494|21ur-3480,0,0
CELE_Y105C5B.800|21ur-5458,0,0
CELE_Y105C5B.136|21ur-4372,0,0
CELE_Y105C5B.1411|21ur-5473,0,0
CELE_Y105C5B.298|21ur-4716,0,0
CELE_Y105C5B.782|21ur-5662,0,0
CELE_Y105C5B.642|21ur-7188,0,1
CELE_Y105C5B.329|21ur-3707,0,0
CELE_Y105C5B.51|21ur-2356,0,0
CELE_Y105C5B.783|21ur-11439,0,0
CELE_Y105C5B.822|21ur-11347,0,0
CELE_Y105C5B.604|21ur-3070,0,0
CELE_Y105C5B.679|21ur-9129,0,0
CELE_Y105C5B.183|21ur-196,0,0
CELE_Y105C5B.145|21ur-2228,0,0
CELE_Y105C5B.527|21ur-2632,0,0
CELE_Y105C5B.525|21ur-3564,0,0
CELE_Y105C5B.975|21ur-11214,0,0
CELE_Y105C5B.1394|21ur-7046,0,0
CELE_Y105C5B.640|21ur-13970,0,0
CELE_Y105C5B.1150|21ur-6984,0,0
CELE_Y105C5B.897|21ur-9152,0,0
CELE_Y105C5B.919|21ur-13722,0,0
CELE_Y105C5B.611|21ur-3508,0,0
CELE_Y105C5B.351|21ur-4827,0,1
CELE_Y105C5B.101|21ur-606,0,0
CELE_Y105C5B.655|21ur-6080,0,0
CELE_Y105C5B.447|21ur-2414,0,0
CELE_Y105C5B.1324|21ur-7741,0,0
CELE_Y105C5B.1052|21ur-12629,0,0
CELE_Y105C5B.1229|21ur-14145,0,0
CELE_Y105C5B.1264|21ur-13139,0,0
CELE_Y105C5B.439|21ur-2207,0,0
CELE_Y105C5B.516|21ur-781,0,0
CELE_Y105C5B.969|21ur-14625,0,0
CELE_Y105C5B.349|21ur-915,0,0
CELE_Y105C5B.1419|Y105C5B.1419,0,0
CELE_Y105C5B.1326|21ur-5639,0,0
CELE_Y105C5B.547|21ur-1036,0,0
CELE_Y105C5B.879|21ur-10491,0,0
CELE_Y105C5B.512|21ur-2383,0,0
CELE_Y105C5B.1301|21ur-10034,0,0
CELE_Y105C5B.570|21ur-150,0,0
CELE_Y105C5B.1125|21ur-13138,0,0
CELE_Y105C5B.217|21ur-3285,0,0
CELE_Y105C5B.990|21ur-12378,0,0
CELE_Y105C5B.131|21ur-1368,0,0
CELE_Y105C5B.175|21ur-201,0,0
CELE_Y105C5B.435|21ur-4701,0,0
CELE_Y105C5B.681|21ur-9912,0,0
CELE_Y105C5B.1081|21ur-11366,0,0
CELE_Y105C5B.1060|21ur-6144,0,0
CELE_Y105C5B.629|21ur-8652,0,0
CELE_Y105C5B.258|21ur-670,0,0
CELE_Y105C5B.1304|21ur-13394,0,0
CELE_Y105C5B.55|21ur-1481,0,0
CELE_Y105C5B.689|21ur-11710,0,0
CELE_Y105C5B.132|21ur-14,0,0
CELE_Y105C5B.927|21ur-7772,0,0
CELE_Y105C5B.1387|21ur-13309,0,0
CELE_Y105C5B.294|21ur-5438,0,0
CELE_Y105C5B.407|21ur-4800,0,0
CELE_Y105C5B.172|21ur-3940,0,0
CELE_Y105C5B.705|21ur-12721,0,0
CELE_Y105C5B.1255|21ur-7072,0,0
CELE_Y105C5B.859|21ur-11850,0,0
CELE_Y105C5B.682|21ur-7461,0,0
CELE_Y105C5B.21|jac-1,2486,2606
CELE_Y105C5B.1034|21ur-8369,1,0
CELE_Y105C5B.821|21ur-14045,0,0
CELE_Y105C5B.1363|21ur-7459,0,0
CELE_Y105C5B.1413|Y105C5B.1413,17,0
CELE_Y7A9A.80|linc-111,0,0
CELE_Y7A9A.4|21ur-881,0,0
CELE_Y7A9A.6|21ur-3288,0,0
CELE_Y7A9A.37|21ur-9183,0,0
CELE_Y7A9A.5|21ur-4380,0,0
CELE_Y7A9A.55|21ur-12371,0,0
CELE_Y7A9A.79|Y7A9A.79,11,8
CELE_Y7A9A.34|21ur-8519,0,0
CELE_Y7A9A.43|21ur-12677,0,0
CELE_Y7A9A.20|21ur-107,0,0
CELE_Y7A9A.70|21ur-6872,0,0
CELE_Y7A9A.59|21ur-6419,0,0
CELE_Y7A9A.16|21ur-1056,0,0
CELE_Y7A9A.54|21ur-10843,0,0
CELE_Y7A9A.32|21ur-10191,0,0
CELE_Y7A9A.65|21ur-10668,0,0
CELE_Y7A9A.1|Y7A9A.1,393,347
CELE_Y7A9A.3|21ur-2758,1,1
CELE_H25K10.38|21ur-3759,0,0
CELE_H25K10.110|21ur-5937,1,0
CELE_Y7A9A.60|21ur-10615,0,0
CELE_Y7A9A.35|21ur-11695,0,0
CELE_Y7A9A.19|21ur-2492,0,0
CELE_Y7A9A.40|21ur-8064,0,0
CELE_Y7A9A.64|21ur-12342,0,0
CELE_H25K10.58|21ur-4922,0,0
CELE_H25K10.8|21ur-4158,0,0
CELE_H25K10.136|21ur-7638,0,0
CELE_H25K10.20|21ur-2928,0,0
CELE_H25K10.111|21ur-10916,0,0
CELE_H25K10.33|21ur-1108,0,0
CELE_H25K10.128|21ur-9894,0,0
CELE_H25K10.48|21ur-5370,0,0
CELE_H25K10.12|21ur-23,0,0
CELE_H25K10.1|H25K10.1,218,129
CELE_H25K10.141|H25K10.141,12,12
CELE_Y105C5B.321|21ur-5,0,0
CELE_Y105C5B.28|gln-3,5704,5726
CELE_H25K10.76|21ur-6069,0,0
CELE_H25K10.4|H25K10.4,198,155
CELE_H25K10.43|21ur-1021,1,0
CELE_F38C2.14|21ur-5435,0,0
CELE_F38C2.59|21ur-14841,0,0
CELE_F38C2.68|21ur-6582,0,0
CELE_F38C2.40|21ur-5298,0,0
CELE_F38C2.60|21ur-6043,0,0
CELE_F38C2.25|21ur-3494,0,0
CELE_F38C2.1|F38C2.1,32,0
CELE_F38C2.69|21ur-9184,0,0
CELE_F38C2.54|21ur-8312,0,0
CELE_F38C2.11|21ur-2883,0,0
CELE_F38C2.55|21ur-10074,0,0
CELE_F38C2.45|21ur-1384,0,0
CELE_F38C2.61|21ur-11614,0,0
CELE_F38C2.51|21ur-13606,0,0
CELE_F38C2.9|21ur-2392,0,0
CELE_F38C2.17|21ur-2687,0,0
CELE_F38C2.32|21ur-2805,0,0
CELE_F38C2.35|21ur-1774,0,0
CELE_F38C2.12|21ur-3287,0,0
CELE_F38C2.4|F38C2.4,19,0
CELE_F38C2.85|21ur-9736,0,0
CELE_F38C2.57|21ur-6360,0,0
CELE_F38C2.94|21ur-7390,0,0
CELE_F38C2.76|21ur-15346,0,0
CELE_F38C2.74|21ur-10326,0,0
CELE_F38C2.23|21ur-3754,0,0
CELE_F38C2.62|21ur-6280,0,0
CELE_F38C2.7|F38C2.7,93,78
CELE_F38C2.48|21ur-12382,0,0
CELE_F38C2.5|ccch-2,77,100
CELE_Y7A9C.26|21ur-10257,0,0
CELE_Y7A9C.8|srz-76,0,0
CELE_Y7A9C.17|21ur-15618,0,0
CELE_Y7A9C.1|Y7A9C.1,250,200
CELE_K03D3.19|21ur-15575,0,0
CELE_K03D3.16|21ur-9320,0,0
CELE_K03D3.15|21ur-5965,0,0
CELE_K03D3.17|21ur-6236,0,0
CELE_K03D3.2|K03D3.2,103,112
CELE_C35D6.4|C35D6.4,75,68
CELE_C35D6.20|21ur-3223,1,1
CELE_C35D6.87|21ur-13909,0,0
CELE_C35D6.35|21ur-1957,1,0
CELE_C35D6.97|21ur-8244,1,1
CELE_C35D6.47|21ur-3103,0,0
CELE_C35D6.24|21ur-3381,0,0
CELE_C35D6.63|21ur-14963,0,0
CELE_C35D6.22|21ur-2225,0,0
CELE_C35D6.5|C35D6.5,17,0
CELE_Y7A9D.11|21ur-3424,0,0
CELE_Y7A9D.52|21ur-9798,0,0
CELE_Y7A9D.1|spig-12,506,467
CELE_Y65A5A.T2|Y65A5A.t2,0,0
CELE_Y65A5A.T3|Y65A5A.t3,0,0
CELE_Y65A5A.T4|Y65A5A.t4,0,0
CELE_Y65A5A.1|Y65A5A.1,408,430
CELE_Y65A5A.26|Y65A5A.26,3,0
CELE_Y65A5A.2|Y65A5A.2,3061,2982
CELE_Y10G11A.3|dlc-4,0,0
CELE_Y10G11A.86|21ur-11406,0,0
CELE_Y10G11A.38|21ur-5993,0,0
CELE_Y10G11A.66|21ur-7711,0,0
CELE_Y10G11A.22|21ur-4415,0,0
CELE_Y10G11A.74|21ur-14621,0,0
CELE_Y10G11A.61|21ur-13436,0,0
CELE_Y10G11A.5|21ur-4478,0,0
CELE_Y10G11A.79|21ur-6978,0,0
CELE_Y10G11A.28|21ur-2377,0,0
CELE_Y10G11A.87|21ur-11881,0,0
CELE_Y10G11A.55|21ur-5903,0,0
CELE_Y10G11A.60|21ur-11331,0,0
CELE_Y10G11A.88|21ur-7172,0,0
CELE_Y10G11A.27|21ur-4171,0,0
CELE_Y10G11A.80|21ur-11411,0,0
CELE_Y10G11A.45|21ur-7040,0,0
CELE_Y10G11A.21|21ur-4483,0,0
CELE_Y10G11A.20|21ur-1355,0,0
CELE_Y10G11A.31|21ur-5762,0,0
CELE_Y10G11A.18|21ur-4958,0,0
CELE_Y10G11A.59|21ur-11092,0,0
CELE_Y10G11A.46|21ur-7801,0,0
CELE_Y10G11A.23|21ur-1706,0,0
CELE_Y10G11A.64|21ur-14329,0,0
CELE_Y10G11A.84|21ur-6464,0,0
CELE_Y10G11A.9|21ur-2,0,0
CELE_Y10G11A.68|21ur-6534,0,0
CELE_Y10G11A.37|21ur-14979,0,0
CELE_Y10G11A.35|21ur-5668,0,0
CELE_Y10G11A.53|21ur-9827,0,0
CELE_Y10G11A.41|21ur-11914,0,0
CELE_Y10G11A.29|21ur-4703,0,0
CELE_Y10G11A.58|21ur-10981,0,0
CELE_Y10G11A.24|21ur-2211,0,0
CELE_Y10G11A.72|21ur-9675,0,0
CELE_Y10G11A.36|21ur-6234,0,0
CELE_Y10G11A.2|dlc-3,114,132
CELE_Y10G11A.13|21ur-2621,1,1
CELE_VY10G11R.34|21ur-10975,0,0
CELE_VY10G11R.26|21ur-148,0,0
CELE_VY10G11R.31|21ur-10657,0,0
CELE_VY10G11R.2|VY10G11R.2,7,0
CELE_Y51H4A.404|21ur-8807,0,0
CELE_Y51H4A.690|21ur-7431,1,0
CELE_Y51H4A.745|21ur-5697,0,0
CELE_Y51H4A.169|21ur-4000,0,0
CELE_Y51H4A.394|21ur-2542,0,0
CELE_Y51H4A.271|21ur-3686,0,0
CELE_Y51H4A.275|21ur-3220,0,0
CELE_Y51H4A.759|21ur-8735,0,0
CELE_Y51H4A.790|21ur-6357,0,0
CELE_Y51H4A.803|21ur-6500,0,0
CELE_Y51H4A.272|21ur-3240,0,0
CELE_Y51H4A.1|Y51H4A.1,42,69
CELE_Y51H4A.329|21ur-4983,1,0
CELE_Y51H4A.228|21ur-2900,1,0
CELE_Y10G11A.91|Y10G11A.91,0,0
CELE_Y10G11A.1|Y10G11A.1,3057,2680
CELE_Y51H4A.935|Y51H4A.935,11,0
CELE_Y51H4A.856|21ur-12188,0,0
CELE_Y51H4A.4|zip-7,459,493
CELE_Y51H4A.780|21ur-9553,0,0
CELE_Y51H4A.178|21ur-5426,0,0
CELE_Y51H4A.508|21ur-8723,0,0
CELE_Y51H4A.268|21ur-4154,0,1
CELE_Y51H4A.244|21ur-4232,0,0
CELE_Y51H4A.643|21ur-11988,0,0
CELE_Y51H4A.313|21ur-2937,0,0
CELE_Y51H4A.211|21ur-2808,0,0
CELE_Y51H4A.5|Y51H4A.5,867,1670
CELE_Y51H4A.938|Y51H4A.938,0,0
CELE_Y51H4A.3|rho-1,10484,10428
CELE_Y51H4A.T1|Y51H4A.t1,0,0
CELE_Y51H4A.T7|Y51H4A.t7,0,0
CELE_Y51H4A.151|21ur-3218,0,0
CELE_Y51H4A.423|21ur-10769,0,0
CELE_Y51H4A.123|21ur-4501,0,0
CELE_Y51H4A.111|21ur-2623,0,0
CELE_Y51H4A.191|21ur-4343,0,0
CELE_Y51H4A.517|21ur-9789,0,0
CELE_Y51H4A.820|21ur-11887,0,0
CELE_Y51H4A.73|21ur-2837,0,0
CELE_Y51H4A.521|21ur-14588,0,0
CELE_Y51H4A.347|21ur-1909,0,0
CELE_Y51H4A.624|21ur-8500,0,0
CELE_Y51H4A.246|21ur-4934,0,0
CELE_Y51H4A.480|21ur-5953,0,1
CELE_Y51H4A.388|21ur-348,0,0
CELE_Y51H4A.840|21ur-13353,0,0
CELE_Y51H4A.359|21ur-849,0,0
CELE_Y51H4A.367|21ur-1978,0,0
CELE_Y51H4A.824|21ur-15074,0,0
CELE_Y51H4A.108|21ur-5045,0,0
CELE_Y51H4A.615|21ur-14356,0,0
CELE_Y51H4A.119|21ur-603,0,0
CELE_Y51H4A.580|21ur-10247,0,0
CELE_Y51H4A.557|21ur-13464,0,0
CELE_Y51H4A.444|21ur-13057,0,0
CELE_Y51H4A.578|21ur-7767,0,0
CELE_Y51H4A.381|21ur-806,0,0
CELE_Y51H4A.7|uroc-1,1831,1521
CELE_Y51H4A.724|21ur-7775,0,0
CELE_Y51H4A.343|21ur-669,0,0
CELE_Y51H4A.T2|Y51H4A.t2,0,0
CELE_Y51H4A.253|21ur-1684,0,0
CELE_Y51H4A.829|21ur-12082,0,0
CELE_Y51H4A.688|21ur-14275,0,0
CELE_Y51H4A.344|21ur-2324,0,0
CELE_Y51H4A.8|Y51H4A.8,231,194
CELE_Y51H4A.308|21ur-2394,1,0
CELE_Y51H4A.179|21ur-42,0,0
CELE_Y51H4A.890|21ur-12304,0,0
CELE_Y51H4A.630|21ur-11070,0,0
CELE_Y51H4A.699|21ur-14057,0,0
CELE_Y51H4A.484|21ur-13015,0,0
CELE_Y51H4A.825|21ur-12927,0,0
CELE_Y51H4A.321|21ur-4448,0,0
CELE_Y51H4A.541|21ur-9040,0,0
CELE_Y51H4A.324|21ur-1856,0,0
CELE_Y51H4A.100|21ur-1093,0,0
CELE_Y51H4A.465|21ur-12300,0,0
CELE_Y51H4A.621|21ur-14028,0,0
CELE_Y51H4A.43|21ur-26,0,0
CELE_Y51H4A.9|col-137,427,100
CELE_Y51H4A.490|21ur-15692,1,1
CELE_Y51H4A.15|tsr-2,1486,1571
CELE_Y51H4A.586|21ur-9837,0,0
CELE_Y51H4A.18|Y51H4A.18,7,0
CELE_Y51H4A.458|21ur-7849,0,0
CELE_Y51H4A.873|21ur-11748,0,0
CELE_Y51H4A.331|21ur-736,0,0
CELE_Y51H4A.229|21ur-2003,0,0
CELE_Y51H4A.617|21ur-11967,0,0
CELE_Y51H4A.391|21ur-2037,0,0
CELE_Y51H4A.709|21ur-8197,0,0
CELE_Y51H4A.792|21ur-6789,0,0
CELE_Y51H4A.715|21ur-9198,0,0
CELE_Y51H4A.600|21ur-6143,0,0
CELE_Y51H4A.13|Y51H4A.13,43,57
CELE_Y51H4A.12|set-26,6875,6543
CELE_Y51H4A.618|21ur-6814,0,0
CELE_Y51H4A.870|21ur-14778,0,0
CELE_Y51H4A.22|Y51H4A.22,15,0
CELE_Y51H4A.879|21ur-12195,0,0
CELE_Y51H4A.206|21ur-4621,0,0
CELE_Y51H4A.584|21ur-7080,0,0
CELE_Y51H4A.382|21ur-2570,0,0
CELE_Y51H4A.430|21ur-10667,0,0
CELE_Y51H4A.524|21ur-13886,0,0
CELE_Y51H4A.680|21ur-7176,0,0
CELE_Y51H4A.234|21ur-716,0,0
CELE_Y51H4A.396|21ur-4516,0,0
CELE_Y51H4A.834|21ur-15548,0,0
CELE_Y51H4A.589|21ur-9324,0,0
CELE_Y51H4A.243|21ur-1760,0,0
CELE_Y51H4A.733|21ur-5514,0,0
CELE_Y51H4A.674|21ur-11428,0,0
CELE_Y51H4A.933|21ur-9459,0,0
CELE_Y51H4A.231|21ur-1877,0,1
CELE_Y51H4A.548|21ur-12045,0,0
CELE_Y51H4A.728|21ur-12170,0,0
CELE_Y51H4A.368|21ur-3378,0,0
CELE_Y51H4A.190|21ur-4173,0,0
CELE_Y51H4A.175|21ur-3317,0,0
CELE_Y51H4A.103|21ur-1066,0,0
CELE_Y51H4A.374|21ur-3024,0,0
CELE_Y51H4A.809|21ur-15447,0,0
CELE_Y51H4A.807|21ur-12745,0,0
CELE_Y51H4A.723|21ur-11574,0,0
CELE_Y51H4A.T5|Y51H4A.t5,0,0
CELE_Y51H4A.17|sta-1,688,634
CELE_Y51H4A.134|21ur-3073,1,0
CELE_Y43D4A.1|Y43D4A.1,10,0
CELE_Y43D4A.131|21ur-15147,0,0
CELE_Y43D4A.54|21ur-2101,0,0
CELE_Y43D4A.33|21ur-2656,0,1
CELE_Y43D4A.13|21ur-1627,0,0
CELE_Y43D4A.29|21ur-2339,0,0
CELE_Y43D4A.103|21ur-7614,0,0
CELE_Y43D4A.122|21ur-9337,0,0
CELE_Y43D4A.20|21ur-1171,0,0
CELE_Y43D4A.104|21ur-11301,0,0
CELE_Y43D4A.146|21ur-13908,0,1
CELE_Y43D4A.42|21ur-1893,0,0
CELE_Y43D4A.109|21ur-10573,0,0
CELE_Y43D4A.160|21ur-6841,0,0
CELE_Y43D4A.51|21ur-784,0,0
CELE_Y43D4A.139|21ur-6194,0,0
CELE_Y43D4A.130|21ur-5595,0,0
CELE_Y43D4A.86|21ur-11139,0,0
CELE_Y43D4A.108|21ur-6249,0,0
CELE_Y43D4A.113|21ur-7273,0,0
CELE_Y43D4A.87|21ur-12808,0,0
CELE_Y43D4A.136|21ur-8706,0,0
CELE_Y43D4A.80|21ur-10340,0,0
CELE_Y43D4A.88|21ur-7681,0,0
CELE_Y43D4A.148|21ur-7419,0,0
CELE_Y43D4A.2|Y43D4A.2,10,10
CELE_Y43D4A.12|21ur-4151,1,0
CELE_Y43D4A.3|Y43D4A.3,0,0
CELE_Y43D4A.4|Y43D4A.4,40,32
CELE_Y43D4A.8|Y43D4A.8,0,0
CELE_Y43D4A.133|21ur-6516,0,0
CELE_Y43D4A.40|21ur-667,0,0
CELE_Y43D4A.125|21ur-11271,0,0
CELE_Y43D4A.37|21ur-3845,0,0
CELE_Y43D4A.126|21ur-14337,0,0
CELE_Y43D4A.66|21ur-3820,0,0
CELE_Y43D4A.6|Y43D4A.6,35,21
CELE_Y116A8A.149|21ur-9147,0,0
CELE_Y116A8A.20|21ur-480,0,0
CELE_Y43D4A.5|Y43D4A.5,76,0
CELE_Y43D4A.T2|Y43D4A.t2,0,0
CELE_Y43D4A.52|21ur-1034,0,0
CELE_Y43D4A.46|21ur-1971,0,0
CELE_Y43D4A.11|21ur-764,0,0
CELE_Y43D4A.59|21ur-1250,0,0
CELE_Y43D4A.143|21ur-13365,0,0
CELE_Y43D4A.77|21ur-5819,0,0
CELE_Y43D4A.144|21ur-12845,0,0
CELE_Y43D4A.16|21ur-532,0,0
CELE_Y43D4A.26|21ur-2304,0,0
CELE_Y43D4A.157|21ur-6443,0,0
CELE_Y43D4A.28|21ur-2261,0,0
CELE_Y43D4A.76|21ur-6359,0,0
CELE_Y43D4A.48|21ur-3072,0,0
CELE_Y43D4A.110|21ur-6010,0,0
CELE_Y43D4A.152|21ur-7148,0,0
CELE_Y43D4A.150|21ur-9207,0,0
CELE_Y43D4A.41|21ur-2175,0,0
CELE_Y51H4A.562|21ur-11948,0,0
CELE_Y51H4A.25|Y51H4A.25,734,333
CELE_Y51H4A.24|Y51H4A.24,699,617
CELE_Y116A8A.66|21ur-13666,0,0
CELE_Y116A8A.89|21ur-8132,0,0
CELE_Y116A8A.42|21ur-4586,0,0
CELE_Y116A8A.94|21ur-10037,0,0
CELE_Y116A8A.116|21ur-12084,0,0
CELE_Y116A8A.30|21ur-428,0,0
CELE_Y116A8A.68|21ur-11468,0,0
CELE_Y116A8A.49|21ur-2627,0,0
CELE_Y116A8A.104|21ur-12836,0,0
CELE_Y116A8A.100|21ur-11661,0,0
CELE_Y116A8A.26|21ur-397,0,0
CELE_Y116A8A.18|21ur-4067,0,0
CELE_Y116A8A.140|21ur-10437,0,0
CELE_Y116A8A.102|21ur-5935,0,0
CELE_Y116A8A.85|21ur-7144,0,0
CELE_Y116A8A.58|21ur-4761,0,0
CELE_Y116A8A.103|21ur-12344,0,0
CELE_Y116A8A.80|21ur-15066,0,0
CELE_Y116A8A.45|21ur-44,0,0
CELE_Y116A8A.78|21ur-7744,0,0
CELE_Y116A8A.142|21ur-6596,0,0
CELE_Y116A8A.36|21ur-551,0,0
CELE_Y116A8A.63|21ur-3727,0,0
CELE_Y116A8A.107|21ur-10592,0,0
CELE_Y116A8A.51|21ur-641,0,0
CELE_Y116A8A.108|21ur-15585,0,0
CELE_Y116A8A.101|21ur-12250,0,0
CELE_Y116A8A.43|21ur-4933,0,0
CELE_Y116A8A.125|21ur-14439,0,0
CELE_Y116A8A.44|21ur-4808,0,0
CELE_Y116A8A.119|21ur-9126,0,0
CELE_Y116A8A.22|21ur-51,0,0
CELE_Y116A8A.69|21ur-10595,0,0
CELE_Y116A8A.17|21ur-4033,0,0
CELE_Y116A8A.128|21ur-15087,0,0
CELE_Y116A8A.106|21ur-6085,0,1
CELE_Y116A8A.41|21ur-4632,0,0
CELE_Y116A8A.60|21ur-128,0,0
CELE_Y116A8A.147|21ur-7219,0,0
CELE_Y116A8A.136|21ur-14632,0,0
CELE_Y116A8A.97|21ur-6617,0,0
CELE_Y116A8A.117|21ur-8272,0,0
CELE_Y116A8A.131|21ur-9441,0,0
CELE_Y116A8A.93|21ur-13515,0,0
CELE_Y116A8A.62|21ur-2508,0,0
CELE_Y116A8A.139|21ur-7611,0,0
CELE_Y116A8A.15|21ur-2649,0,0
CELE_Y116A8A.14|21ur-4930,0,0
CELE_Y116A8A.81|21ur-7557,0,0
CELE_Y116A8A.24|21ur-311,0,0
CELE_Y116A8A.129|21ur-10059,0,0
CELE_Y116A8A.25|21ur-1702,0,0
CELE_Y116A8A.113|21ur-13670,0,0
CELE_Y116A8A.70|21ur-11062,0,0
CELE_Y116A8A.28|21ur-4277,0,0
CELE_Y116A8A.105|21ur-11360,0,0
CELE_Y116A8A.84|21ur-5987,0,0
CELE_Y116A8A.72|21ur-14192,0,0
CELE_Y116A8A.77|21ur-10793,0,0
CELE_Y116A8A.8|clec-194,33,0
CELE_Y116A8A.150|Y116A8A.150,8,6
CELE_Y116A8A.10|Y116A8A.10,77,52
CELE_T06A10.107|T06A10.107,4,13
CELE_T06A10.106|T06A10.106,4,0
CELE_T06A10.102|21ur-12257,1,1
CELE_T06A10.74|21ur-6504,1,1
CELE_T06A10.3|gtsf-1,1644,1479
CELE_T06A10.72|21ur-5893,1,0
CELE_T06A10.2|T06A10.2,14,10
CELE_Y116A8C.469|Y116A8C.469,3,0
CELE_Y116A8C.462|21ur-6817,0,0
CELE_Y116A8C.265|21ur-13437,0,0
CELE_Y116A8C.262|21ur-14816,0,0
CELE_Y116A8C.3|Y116A8C.3,166,132
CELE_Y116A8C.4|nep-23,51,0
CELE_Y116A8C.7|Y116A8C.7,0,0
CELE_Y116A8C.8|Y116A8C.8,0,0
CELE_Y116A8A.9|map-2,6312,6106
CELE_T06A10.105|T06A10.105,0,0
CELE_T06A10.1|mel-46,3135,3099
CELE_T06A10.4|lsy-13,3737,3254
CELE_Y116A8C.343|21ur-14773,0,0
CELE_Y116A8C.10|Y116A8C.10,1223,1108
CELE_Y116A8C.9|Y116A8C.9,1484,1368
CELE_Y116A8C.12|arf-6,2096,1948
CELE_Y116A8C.13|rad-54.B,2142,1948
CELE_Y116A8C.17|dct-13,93,90
CELE_Y116A8C.143|21ur-3110,0,0
CELE_Y116A8C.19|Y116A8C.19,203,166
CELE_Y116A8C.20|Y116A8C.20,34,55
CELE_Y116A8C.326|21ur-15301,0,0
CELE_Y116A8C.171|21ur-2300,0,0
CELE_Y116A8C.437|21ur-7587,0,0
CELE_Y116A8C.22|athp-3,243,261
CELE_Y116A8C.274|21ur-5947,1,0
CELE_Y116A8C.467|Y116A8C.467,0,0
CELE_Y116A8C.333|21ur-9007,0,0
CELE_Y116A8C.451|21ur-9414,0,0
CELE_Y116A8C.115|21ur-1419,0,0
CELE_Y116A8C.23|Y116A8C.23,47,15
CELE_Y116A8C.218|21ur-11279,0,0
CELE_Y116A8C.24|Y116A8C.24,43,0
CELE_Y116A8C.16|rom-4,3361,3268
CELE_Y116A8C.25|Y116A8C.25,94,99
CELE_Y116A8C.62|21ur-804,0,0
CELE_Y116A8C.104|21ur-439,0,0
CELE_Y116A8C.64|21ur-2344,0,0
CELE_Y116A8C.151|21ur-5151,0,0
CELE_Y116A8C.266|21ur-12301,0,0
CELE_Y116A8C.268|21ur-8598,0,0
CELE_Y116A8C.26|snx-13,4370,4074
CELE_Y116A8C.43|Y116A8C.43,0,0
CELE_Y116A8C.464|mir-1832.2,0,0
CELE_Y116A8C.42|snr-1,6401,6191
CELE_Y116A8C.27|Y116A8C.27,1239,1134
CELE_Y116A8C.29|Y116A8C.29,141,107
CELE_Y116A8C.28|bca-2,1330,1295
CELE_Y116A8C.30|Y116A8C.30,1073,984
CELE_Y116A8C.33|Y116A8C.33,63,49
CELE_Y116A8C.466|Y116A8C.466,0,0
CELE_Y116A8C.32|sfa-1,6938,6212
CELE_Y116A8C.34|cyn-13,3904,3507
CELE_Y116A8C.35|uaf-2,5804,5278
CELE_Y116A8C.50|Y116A8C.50,3,2
CELE_Y116A8C.61|21ur-514,0,0
CELE_Y116A8C.211|21ur-10353,0,0
CELE_Y116A8C.405|21ur-9295,0,0
CELE_Y116A8C.209|21ur-7224,0,0
CELE_Y116A8C.38|Y116A8C.38,34,0
CELE_Y116A8C.48|Y116A8C.48,73,29
CELE_Y116A8C.40|str-268,18,0
CELE_Y116A8C.300|21ur-6297,0,0
CELE_Y116A8C.334|21ur-13456,0,0
CELE_Y116A8C.348|21ur-8588,0,0
CELE_Y116A8C.455|21ur-11178,0,0
CELE_Y116A8C.204|21ur-7348,0,0
CELE_Y116A8C.110|21ur-4976,0,0
CELE_Y116A8C.342|21ur-12135,0,0
CELE_C52D10.8|skr-13,638,661
CELE_C52D10.7|skr-9,802,597
CELE_Y116A8C.36|itsn-1,7591,7737
CELE_C52D10.58|21ur-10453,0,0
CELE_C52D10.30|21ur-3805,0,0
CELE_C52D10.9|skr-8,988,883
CELE_C52D10.10|C52D10.10,7,17
CELE_C52D10.6|skr-12,670,532
CELE_C52D10.26|21ur-3217,0,0
CELE_C52D10.95|21ur-12283,0,0
CELE_C52D10.31|21ur-2713,0,0
CELE_C52D10.105|21ur-7573,0,0
CELE_C52D10.11|flp-17,385,400
CELE_C52D10.80|21ur-9774,0,0
CELE_C52D10.84|21ur-6150,0,0
CELE_C52D10.42|21ur-4534,0,0
CELE_C52D10.123|21ur-8340,0,0
CELE_C52D10.36|21ur-4240,0,0
CELE_C52D10.40|21ur-3826,0,0
CELE_C52D10.20|21ur-1812,0,0
CELE_C52D10.119|21ur-14111,0,0
CELE_C52D10.87|21ur-14931,0,0
CELE_C52D10.32|21ur-2637,0,0
CELE_C52D10.92|21ur-7251,0,0
CELE_C52D10.83|21ur-6476,0,0
CELE_C52D10.16|21ur-2624,0,0
CELE_C52D10.25|21ur-843,0,0
CELE_C52D10.50|21ur-1376,0,0
CELE_C52D10.127|21ur-15700,0,0
CELE_C52D10.89|21ur-5677,0,0
CELE_C52D10.72|21ur-9237,0,0
CELE_C52D10.53|21ur-2631,0,0
CELE_C52D10.57|21ur-258,0,0
CELE_C52D10.63|21ur-7057,0,0
CELE_C52D10.17|21ur-4381,0,0
CELE_C52D10.126|21ur-10574,0,0
CELE_C52D10.77|21ur-9896,0,0
CELE_C52D10.90|21ur-8034,0,0
CELE_C52D10.74|21ur-8600,0,0
CELE_C52D10.76|21ur-10563,0,0
CELE_C52D10.99|21ur-12686,0,0
CELE_C52D10.116|21ur-13512,0,0
CELE_C52D10.98|21ur-9889,0,0
CELE_C52D10.3|C52D10.3,340,190
CELE_C52D10.13|col-138,2816,627
CELE_C52D10.37|21ur-684,1,0
CELE_C52D10.18|21ur-1340,1,0
CELE_C52D10.60|21ur-9367,1,0
CELE_Y116A8B.25|21ur-2112,1,1
CELE_Y116A8B.76|21ur-12913,1,0
CELE_Y116A8B.1|Y116A8B.1,65,34
CELE_C52D10.45|21ur-3133,0,0
CELE_C52D10.96|21ur-10936,0,0
CELE_C52D10.81|21ur-10413,0,0
CELE_C52D10.61|21ur-14103,0,0
CELE_C52D10.64|21ur-8286,0,0
CELE_C52D10.27|21ur-1040,0,0
CELE_C52D10.56|21ur-5065,0,0
CELE_C52D10.124|21ur-5689,0,0
CELE_C52D10.73|21ur-9283,0,0
CELE_C52D10.29|21ur-4876,0,0
CELE_C52D10.38|21ur-1194,0,0
CELE_C52D10.109|21ur-10773,0,0
CELE_C52D10.15|21ur-4966,0,0
CELE_C52D10.39|21ur-1801,0,0
CELE_C52D10.114|21ur-12008,0,0
CELE_C52D10.93|21ur-8763,0,0
CELE_C52D10.103|21ur-15334,0,0
CELE_C52D10.21|21ur-3189,0,0
CELE_C52D10.128|21ur-10951,0,0
CELE_Y116A8B.28|21ur-5118,0,0
CELE_Y116A8B.38|21ur-15679,0,0
CELE_Y116A8B.10|21ur-114,0,0
CELE_Y116A8B.16|21ur-144,0,0
CELE_Y116A8B.74|21ur-8940,0,0
CELE_Y116A8B.92|21ur-7889,0,0
CELE_Y116A8B.55|21ur-11450,0,0
CELE_Y116A8B.86|21ur-7710,0,0
CELE_Y116A8B.56|21ur-10821,0,0
CELE_Y116A8B.41|21ur-11260,0,0
CELE_Y116A8B.11|21ur-4684,0,0
CELE_Y116A8B.12|21ur-5110,0,0
CELE_Y116A8B.84|21ur-8666,0,0
CELE_Y116A8B.70|21ur-9315,0,0
CELE_Y116A8B.6|21ur-2941,0,0
CELE_C52D10.12|cnnm-1,833,840
CELE_C52D10.112|21ur-7977,1,0
CELE_C52D10.120|21ur-12765,1,0
CELE_C52D10.85|21ur-13926,1,0
CELE_Y116A8B.69|21ur-7728,0,0
CELE_Y116A8B.93|21ur-13142,0,0
CELE_Y116A8B.99|linc-86,0,0
CELE_Y116A8B.26|21ur-2335,0,0
CELE_Y116A8B.80|21ur-8103,0,0
CELE_Y116A8B.30|21ur-2763,0,0
CELE_Y116A8B.17|21ur-276,0,0
CELE_Y116A8B.75|21ur-11254,0,0
CELE_Y116A8B.45|21ur-9877,0,0
CELE_Y116A8B.15|21ur-5136,0,0
CELE_Y116A8B.29|21ur-2665,0,0
CELE_Y116A8B.4|Y116A8B.4,53,38
CELE_Y116A8B.97|Y116A8B.97,0,0
CELE_Y116A8B.7|21ur-2647,0,0
CELE_Y116A8B.82|21ur-9260,0,0
CELE_Y116A8B.19|21ur-5398,0,0
CELE_Y116A8B.35|21ur-14473,0,0
CELE_Y116A8B.89|21ur-9205,0,0
CELE_Y116A8B.57|21ur-7432,0,0
CELE_Y116A8B.54|21ur-14913,0,0
CELE_Y116A8B.48|21ur-6262,0,0
CELE_Y116A8B.96|21ur-6400,0,0
CELE_Y116A8B.13|21ur-4888,0,0
CELE_Y116A8B.68|21ur-11943,0,0
CELE_Y116A8B.21|21ur-3587,0,0
CELE_Y116A8B.88|21ur-7415,0,0
CELE_Y116A8B.43|21ur-6513,0,0
CELE_Y116A8B.50|21ur-7795,0,0
CELE_Y116A8B.63|21ur-6351,0,0
CELE_ZK550.38|21ur-12562,0,0
CELE_ZK550.14|21ur-3303,0,0
CELE_ZK550.20|21ur-2615,0,0
CELE_ZK550.39|21ur-9717,0,0
CELE_ZK550.18|21ur-4007,0,0
CELE_ZK550.22|21ur-11486,0,0
CELE_ZK550.16|21ur-828,0,0
CELE_ZK550.27|21ur-14933,0,0
CELE_ZK550.29|21ur-14592,0,0
CELE_ZK550.21|21ur-3985,0,0
CELE_ZK550.33|21ur-13616,0,0
CELE_ZK550.2|mfsd-8.1,517,452
CELE_ZK550.42|ZK550.42,0,0
CELE_ZK550.3|eelo-2,7026,7025
CELE_ZK550.4|gtf-2E1,3077,3159
CELE_ZK550.5|phyh-1,190,68
CELE_F26D10.18|21ur-12757,0,0
CELE_F26D10.13|F26D10.13,11,8
CELE_ZK550.19|21ur-2836,0,0
CELE_F26D10.17|21ur-14509,0,1
CELE_F26D10.14|21ur-1383,0,1
CELE_F26D10.16|21ur-14005,0,0
CELE_ZK550.6|ZK550.6,3103,4489
CELE_F26D10.15|21ur-3861,2,1
CELE_F26D10.11|lhfp-4,66,35
CELE_F26D10.12|clec-196,801,643
CELE_F26D10.9|atgp-1,1907,1957
CELE_F26D10.10|gln-5,16359,15011
CELE_T28F3.4|slc-17.4,192,328
CELE_T28F3.3|zipt-7.1,3446,3040
CELE_T28F3.5|T28F3.5,111,0
CELE_T28F3.6|ifta-2,20,14
CELE_T28F3.10|mir-789.2,0,0
CELE_T28F3.9|T28F3.9,23,0
CELE_T28F3.8|T28F3.8,1979,1764
CELE_C49C3.3|C49C3.3,11,0
CELE_C49C3.1|snf-9,778,451
CELE_C49C3.20|C49C3.20,9,0
CELE_C49C3.2|C49C3.2,36,25
CELE_C49C3.5|ceh-88,355,466
CELE_F26D10.3|hsp-1,154215,151903
CELE_F26D10.24|F26D10.24,33,19
CELE_T28F3.1|nra-1,4744,4512
CELE_C49C3.16|21ur-11407,0,0
CELE_C49C3.4|kola-5,15345,8382
CELE_C49C3.6|C49C3.6,1947,1753
CELE_C49C3.7|C49C3.7,2013,1874
CELE_C49C3.18|21ur-13240,0,0
CELE_C49C3.15|C49C3.15,209,245
CELE_C49C3.8|C49C3.8,345,256
CELE_C49C3.10|C49C3.10,282,266
CELE_C49C3.22|C49C3.22,0,0
CELE_C49C3.11|C49C3.11,14,29
CELE_C49C3.19|21ur-13219,0,0
CELE_C49C3.9|C49C3.9,1738,942
CELE_C49C3.13|clec-198,116,84
CELE_C30H6.3|clec-201,0,0
CELE_C30H6.19|C30H6.19,0,0
CELE_C30H6.2|zipt-17,21,19
CELE_C30H6.10|trh-1,76,83
CELE_C30H6.1|clec-199,89,76
CELE_C30H6.13|21ur-12167,0,0
CELE_C30H6.14|21ur-7418,0,0
CELE_C30H6.17|21ur-15638,0,0
CELE_C30H6.5|C30H6.5,108,30
CELE_C30H6.6|haf-1,383,391
CELE_C30H6.9|C30H6.9,761,735
CELE_C30H6.12|C30H6.12,11,13
CELE_T02D1.8|T02D1.8,968,755
CELE_C30H6.7|dlat-2,4229,4222
CELE_C30H6.8|C30H6.8,885,957
CELE_T02D1.6|npr-26,29,37
CELE_C06A12.13|21ur-11618,0,0
CELE_C06A12.11|21ur-13661,0,0
CELE_T02D1.5|pmp-4,952,1583
CELE_C06A12.4|gcy-27,0,0
CELE_C06A12.12|21ur-10691,0,0
CELE_C06A12.3|C06A12.3,466,400
CELE_F08A7.1|F08A7.1,201,269
CELE_F11E6.11|F11E6.11,131,215
CELE_F11E6.14|21ur-13973,0,0
CELE_F11E6.17|21ur-12018,0,0
CELE_F11E6.15|21ur-15097,0,0
CELE_F11E6.8|F11E6.8,397,315
CELE_F11E6.10|F11E6.10,18,0
CELE_F11E6.7|rif-1.1,9085,8950
CELE_F11E6.6|F11E6.6,65,36
CELE_F11E6.5|elo-2,6526,2444
CELE_4R79.2|rabr-2,50,27
CELE_4R79.4|21ur-5898,0,0
CELE_F11E6.4|F11E6.4,10,20
CELE_F11E6.18|21ur-8982,0,0
CELE_F11E6.3|epic-1,4797,3803
CELE_F11E6.19|F11E6.19,0,0
CELE_F11E6.2|grl-24,0,0
CELE_F11E6.16|21ur-15405,0,0
CELE_F11E6.13|21ur-10303,0,0
CELE_F11E6.1|gba-3,682,621
CELE_F11E6.9|F11E6.9,73,19
CELE_4R79.1|nas-6,37,0
CELE_4R79.5|21ur-10202,0,0
CELE_B0348.9|B0348.9,14,5
CELE_Y38C9B.1|cyp-29A3,613,437
CELE_F56E10.2|daam-1,240,296
CELE_B0348.6|ife-3,17401,16961
CELE_B0348.7|21ur-15398,0,0
CELE_B0348.4|egl-8,3878,3847
CELE_B0348.8|B0348.8,3,4
CELE_F56E10.4|rps-27,20807,20058
CELE_W03F9.1|W03F9.1,5240,4768
CELE_F56E10.1|picd-1,4933,5349
CELE_Y38C9A.2|cgp-1,7571,7445
CELE_W03F9.11|W03F9.11,40,36
CELE_W03F9.9|W03F9.9,29,38
CELE_W03F9.2|W03F9.2,468,507
CELE_W03F9.10|sftb-2,8453,8351
CELE_W03F9.4|W03F9.4,8860,11223
CELE_Y108G3AL.9|Y108G3AL.9,0,0
CELE_W03F9.5|ttb-1,3435,3245
CELE_Y108G3AL.3|cfap-36,80,82
CELE_Y108G3AL.2|Y108G3AL.2,2423,2363
CELE_Y108G3AL.10|Y108G3AL.10,32,24
CELE_Y108G3AL.8|Y108G3AL.8,2,0
CELE_Y108G3AL.1|cul-3,14817,14583
CELE_Y108G3AL.7|arid-1,11075,10121
CELE_DC2.5|DC2.5,64,73
CELE_DC2.7|kin-33,298,337
CELE_R02C2.1|R02C2.1,259,200
CELE_R02C2.6|txt-2,106,77
CELE_DC2.3|lec-12,2982,2980
CELE_DC2.8|trpp-1,495,526
CELE_R02C2.2|kin-34,165,135
CELE_R02C2.3|oac-39,0,0
CELE_R02C2.7|R02C2.7,1078,639
CELE_R02C2.4|nhr-204,200,239
CELE_Y58G8A.1|lgc-26,182,194
CELE_Y58G8A.5|nlp-70,82,65
CELE_Y58G8A.4|npr-5,224,189
CELE_F33E11.2|F33E11.2,1964,2003
CELE_F33E11.3|F33E11.3,5005,4882
CELE_F33E11.6|phf-10,1703,1572
CELE_T22H9.4|dmd-8,30,0
CELE_T22H9.3|wago-10,77,0
CELE_Y39D8C.2|Y39D8C.2,0,0
CELE_F33E11.1|nhr-15,114,138
CELE_F33E11.7|F33E11.7,9,9
CELE_Y39D8C.1|abt-4,2710,1861
CELE_Y39D8B.1|mltn-7,83,47
CELE_Y39D8B.4|Y39D8B.4,0,0
CELE_Y39D8B.5|Y39D8B.5,0,0
CELE_ZK6.8|ZK6.8,566,359
CELE_T22H9.2|atg-9,5780,5779
CELE_T22H9.1|T22H9.1,1816,1893
CELE_ZK6.3|scl-27,24,15
CELE_ZK6.7|lipl-5,21441,20691
CELE_ZK6.10|dod-19,14321,8623
CELE_B0554.5|B0554.5,84,39
CELE_B0554.7|B0554.7,28,0
CELE_B0554.1|B0554.1,6,0
CELE_M02H5.10|srh-34,0,0
CELE_M02H5.7|nhr-123,34,30
CELE_M02H5.8|M02H5.8,897,291
CELE_Y39D8A.1|Y39D8A.1,282,150
CELE_ZK6.11|irg-8,6824,3230
CELE_M02H5.6|nhr-98,104,92
CELE_M02H5.5|nhr-203,165,150
CELE_M02H5.4|nhr-202,203,159
CELE_M02H5.3|nhr-201,128,134
CELE_M02H5.1|nhr-99,365,519
CELE_T01G6.11|21ur-11975,0,0
CELE_T01G6.7|nhr-55,437,324
CELE_T01G6.8|nhr-130,235,259
CELE_T01G6.6|nhr-212,234,236
CELE_T01G6.5|nhr-211,79,78
CELE_T01G6.4|nhr-106,172,94
CELE_T01G6.2|nhr-131,219,172
CELE_R11G11.7|srlf-35,82,90
CELE_R11G11.6|srlf-19,12,0
CELE_R11G11.12|nhr-210,166,117
CELE_R11G11.13|srw-107,0,0
CELE_R11G11.14|lipl-3,57,198
CELE_R11G11.2|nhr-58,109,142
CELE_R11G11.1|nhr-132,149,160
CELE_C14C6.12|C14C6.12,0,21
CELE_K06H6.2|K06H6.2,0,0
CELE_K06H6.7|21ur-14154,0,0
CELE_K06H6.1|K06H6.1,0,0
CELE_C14C6.5|C14C6.5,15316,8794
CELE_ZK488.7|srlf-37,20,17
CELE_C14C6.10|sri-73,0,0
CELE_C14C6.2|C14C6.2,1866,1724
CELE_ZK488.2|nhr-90,218,306
CELE_ZK488.1|nhr-250,18,0
CELE_F48G7.13|F48G7.13,95,69
CELE_F48G7.4|F48G7.4,125,192
CELE_F48G7.5|F48G7.5,135,89
CELE_F48G7.8|F48G7.8,30,19
CELE_F48G7.9|F48G7.9,0,6
CELE_F48G7.10|F48G7.10,14,0
CELE_F48G7.3|nhr-83,45,44
CELE_F48G7.2|pals-31,33,36
CELE_F48G7.12|F48G7.12,0,0
CELE_F48G7.14|F48G7.14,0,0
CELE_F48G7.11|nhr-190,206,157
CELE_F31F4.8|srj-6,0,0
CELE_F31F4.9|srh-245,0,0
CELE_F31F4.7|ugt-42,25,0
CELE_F31F4.6|srh-266,0,0
CELE_F31F4.12|nhr-180,190,232
CELE_F31F4.15|fbxa-72,268,180
CELE_Y49C4A.6|srj-53,0,0
CELE_F31F4.1|F31F4.1,208,256
CELE_H25P19.1|H25P19.1,1043,952
CELE_Y49C4A.4|srx-5,0,0
CELE_Y49C4A.8|ugt-29,689,389
CELE_Y49C4A.9|cyp-33C11,0,0
CELE_H24O09.1|srbc-40,0,0
CELE_C05E4.14|srh-2,12,98
CELE_C05E4.13|str-262,15,0
CELE_C05E4.3|srp-1,878,825
CELE_C05E4.15|C05E4.15,62,44
CELE_C05E4.12|C05E4.12,12,0
CELE_C05E4.1|srp-2,1595,1278
CELE_H24O09.2|fbxb-72,111,81
CELE_C05E4.9|icl-1,15963,45333
CELE_R09E12.3|sti-1,8822,8133
CELE_R09E12.8|srbc-60,0,0
CELE_R13D11.8|nhr-270,69,47
CELE_R13D11.1|R13D11.1,0,0
CELE_F41H8.2|F41H8.2,0,0
CELE_R13D11.10|R13D11.10,0,0
CELE_R13D11.11|R13D11.11,14,7
CELE_R13D11.4|R13D11.4,281,141
CELE_K09C6.4|srbc-12,0,0
CELE_R09E12.9|R09E12.9,7751,3907
CELE_K09C6.10|K09C6.10,0,0
CELE_K09C6.7|K09C6.7,107,56
CELE_K09C6.8|K09C6.8,29,27
CELE_K09C6.2|K09C6.2,0,0
CELE_K09C6.T1|K09C6.t1,0,0
CELE_K09C6.12|K09C6.12,0,0
CELE_K09C6.9|K09C6.9,598,476
CELE_T02B11.9|T02B11.9,29,9
CELE_T02B11.8|T02B11.8,103,58
CELE_T02B11.6|T02B11.6,48,54
CELE_T02B11.3|spig-11,4593,4255
CELE_T02B11.4|T02B11.4,145,210
CELE_T02B11.7|nas-32,159,96
CELE_H24K24.5|fmo-5,394,465
CELE_H24K24.2|H24K24.2,75,64
CELE_H24K24.4|trm-2A,2006,2089
CELE_H24K24.3|adh-5,8203,7294
CELE_Y50D4C.2|Y50D4C.2,422,428
CELE_Y50D4C.3|tdrd-3,2222,2391
CELE_Y50D4C.6|Y50D4C.6,605,530
CELE_Y50D4C.8|Y50D4C.8,0,0
CELE_Y50D4C.7|Y50D4C.7,1,0
CELE_Y50D4C.4|sqv-6,2603,2179
CELE_Y50D4C.12|Y50D4C.12,71,70
CELE_Y50D4C.1|unc-34,3591,3766
CELE_Y50D4C.5|Y50D4C.5,2547,2739
CELE_R09A1.3|R09A1.3,176,167
CELE_R09A1.5|flp-34,77,59
CELE_R09A1.1|ergo-1,19423,17544
CELE_R09A1.2|pei-2,132,60
CELE_K10C9.4|K10C9.4,0,0
CELE_K10C9.12|K10C9.12,0,0
CELE_K10C9.11|K10C9.11,0,0
CELE_K10C9.9|K10C9.9,43,0
CELE_Y50D4B.6|Y50D4B.6,39,0
CELE_K10C9.6|str-67,0,0
CELE_K10C9.3|rnst-2,1491,1316
CELE_K10C9.7|K10C9.7,24,0
CELE_K10C9.1|K10C9.1,22,30
CELE_C02E11.1|nra-4,10992,9358
CELE_Y50D4B.2|Y50D4B.2,99,16
CELE_W07B8.4|W07B8.4,18,24
CELE_Y50D4B.8|Y50D4B.8,0,0
CELE_Y50D4B.1|Y50D4B.1,317,242
CELE_Y50D4B.4|Y50D4B.4,2702,1933
CELE_W07B8.5|cpr-5,277,572
CELE_W07B8.1|cpr-8,69,94
CELE_T21H3.4|cutl-22,30,0
CELE_T21H3.2|ptr-16,218,69
CELE_T21H3.10|T21H3.10,0,0
CELE_T21H3.7|T21H3.7,0,0
CELE_T21H3.5|T21H3.5,0,0
CELE_T21H3.3|cmd-1,16290,14453
CELE_Y50D4A.12|Y50D4A.12,0,0
CELE_F25A2.1|F25A2.1,664,312
CELE_T21H3.1|T21H3.1,44315,39032
CELE_Y50D4A.9|anr-58,0,0
CELE_Y50D4A.6|Y50D4A.6,39,42
CELE_Y50D4A.4|Y50D4A.4,1651,1551
CELE_Y50D4A.2|wrb-1,1465,1438
CELE_Y50D4A.5|Y50D4A.5,278,337
CELE_Y50D4A.1|Y50D4A.1,2433,2620
CELE_Y50D4A.10|Y50D4A.10,171,128
CELE_C39F7.2|madd-2,1246,1123
CELE_C39F7.8|C39F7.8,0,0
CELE_Y75B7B.1|Y75B7B.1,27,20
CELE_C39F7.5|C39F7.5,288,300
CELE_C39F7.1|C39F7.1,22,38
CELE_C39F7.4|rab-1,14368,13658
CELE_F16B3.4|F16B3.4,0,0
CELE_F16B3.1|egl-2,129,112
CELE_F16B3.3|F16B3.3,167,123
CELE_F16B3.2|F16B3.2,22,12
CELE_ZK1005.2|ZK1005.2,0,0
CELE_ZK1005.1|tank-1,4429,3544
CELE_Y75B7AL.6|Y75B7AL.6,0,0
CELE_Y75B7AL.8|Y75B7AL.8,0,0
CELE_Y75B7AL.7|Y75B7AL.7,0,0
CELE_Y75B7AL.2|amn-1,95,58
CELE_Y75B7AL.1|glb-33,216,246
CELE_Y75B7AL.3|snt-3,110,81
CELE_T10B5.6|knl-3,4247,3753
CELE_T10B5.4|T10B5.4,182,30
CELE_Y32G9A.6|nphp-2,85,50
CELE_Y32G9A.4|srp-3,186,112
CELE_Y32G9A.13|Y32G9A.13,77,91
CELE_Y32G9A.2|Y32G9A.2,0,18
CELE_Y32G9A.12|Y32G9A.12,0,0
CELE_Y32G9A.1|gst-37,11,0
CELE_T06A1.1|gtnt-41,59,55
CELE_T06A1.5|gtnt-42,700,548
CELE_T06A1.4|glb-25,81,71
CELE_T06A1.2|srj-16,0,0
CELE_T06A1.9|T06A1.9,0,0
CELE_Y40B10B.2|srj-15,16,0
CELE_Y40B10B.3|Y40B10B.3,0,0
CELE_T08B1.6|acs-3,638,526
CELE_Y32G9A.15|Y32G9A.15,0,0
CELE_T10B5.5|cct-7,16559,17134
CELE_Y32G9A.8|zig-11,3452,3908
CELE_Y75B7AL.4|rga-4,11029,10204
CELE_R12A1.2|snt-5,246,274
CELE_R12A1.5|R12A1.5,0,0
CELE_R09B5.1|fbxa-195,0,0
CELE_R09B5.10|cnc-5,0,0
CELE_R09B5.3|cnc-2,36,259
CELE_R09B5.7|srj-23,0,0
CELE_R09B5.14|21ur-14524,0,0
CELE_R09B5.12|chil-14,0,0
CELE_C38C3.6|C38C3.6,16,24
CELE_C38C3.3|C38C3.3,110,26
CELE_C38C3.2|sru-27,0,0
CELE_C38C3.1|sru-28,0,0
CELE_K02H11.8|K02H11.8,0,0
CELE_K02H11.2|str-240,0,0
CELE_K02H11.1|str-239,0,0
CELE_K02H11.3|str-236,0,0
CELE_K02H11.4|gtnt-33,0,0
CELE_K02H11.5|str-216,0,0
CELE_F52F10.8|F52F10.8,0,0
CELE_F52F10.5|srsx-8,0,0
CELE_F52F10.7|F52F10.7,0,0
CELE_F52F10.9|F52F10.9,0,0
CELE_F16B4.6|F16B4.6,0,0
CELE_F16B4.5|F16B4.5,82,116
CELE_F16B4.3|F16B4.3,0,0
CELE_F16B4.10|srbc-41,0,0
CELE_F16B4.11|nhr-179,101,63
CELE_F16B4.12|nhr-117,111,180
CELE_Y46H3D.5|nhr-110,213,248
CELE_Y46H3D.7|nhr-238,131,82
CELE_Y46H3D.8|Y46H3D.8,0,0
CELE_Y46H3D.9|Y46H3D.9,0,0
CELE_Y46H3D.4|irld-17,0,0
CELE_Y46H3D.3|str-222,0,0
CELE_Y46H3D.2|str-221,0,0
CELE_K04F1.15|alh-2,0,0
CELE_K04F1.14|irld-45,0,0
CELE_K04F1.13|irld-44,0,0
CELE_K04F1.12|irld-11,0,0
CELE_K04F1.1|K04F1.1,0,0
CELE_K04F1.11|irld-43,0,0
CELE_K04F1.10|irld-40,0,0
CELE_K04F1.8|K04F1.8,0,0
CELE_K04F1.7|irld-42,0,0
CELE_K04F1.6|irld-41,0,0
CELE_K04F1.3|srw-98,0,0
CELE_K04F1.4|srw-91,0,0
CELE_K04F1.5|srh-3,0,0
CELE_K04F1.16|srh-5,0,0
CELE_Y46H3C.4|Y46H3C.4,0,0
CELE_Y46H3C.9|Y46H3C.9,0,0
CELE_Y46H3C.8|21ur-9982,0,0
CELE_Y46H3C.3|srw-90,0,0
CELE_Y46H3C.2|srw-99,0,0
CELE_Y46H3C.1|srw-100,0,0
CELE_ZK697.5|srw-103,0,0
CELE_ZK697.13|srw-101,0,0
CELE_ZK697.4|sri-27,0,0
CELE_ZK697.3|ZK697.3,0,0
CELE_ZK697.15|21ur-13178,0,0
CELE_ZK697.17|ZK697.17,0,0
CELE_ZK697.10|str-160,0,0
CELE_ZK697.18|ZK697.18,0,0
CELE_ZK697.7|srab-25,69,73
CELE_ZK697.16|ZK697.16,0,0
CELE_ZK697.8|ZK697.8,0,0
CELE_ZK697.11|srh-199,0,0
CELE_ZK697.1|ZK697.1,0,0
CELE_F36H9.2|F36H9.2,0,0
CELE_F36H9.9|21ur-14173,0,0
CELE_F36H9.1|F36H9.1,0,0
CELE_F36H9.10|F36H9.10,0,0
CELE_F36H9.6|srt-41,0,0
CELE_Y46H3A.1|srt-42,0,0
CELE_Y46H3A.5|Y46H3A.5,0,0
CELE_Y32G9B.1|Y32G9B.1,162,48
CELE_T10B5.2|T10B5.2,43,29
CELE_T10B5.12|T10B5.12,0,0
CELE_T10B5.14|linc-137,0,0
CELE_Y75B7AR.1|Y75B7AR.1,242,85
CELE_R12A1.3|R12A1.3,96,61
CELE_R12A1.4|ges-1,1662,1796
CELE_R09B5.11|R09B5.11,432,642
CELE_R09B5.13|cnc-11,12,19
CELE_R09B5.2|cnc-1,7,6
CELE_R09B5.9|cnc-4,260,498
CELE_R09B5.8|cnc-3,110,87
CELE_R09B5.6|hacd-1,2238,745
CELE_R09B5.4|fpn-1.2,364,196
CELE_R09B5.5|pqn-54,295,60
CELE_F53E2.1|gid-8,1464,1620
CELE_F53E2.2|F53E2.2,27610,25149
CELE_C38C3.5|unc-60,2378,1823
CELE_C38C3.4|C38C3.4,430,628
CELE_C38C3.10|spig-7,42,11
CELE_F52F10.3|oac-31,280,100
CELE_F52F10.2|F52F10.2,95,47
CELE_F16B4.8|cdc-25.2,4879,4966
CELE_F16B4.7|F16B4.7,16,41
CELE_F16B4.4|F16B4.4,3614,3012
CELE_F16B4.2|F16B4.2,154,158
CELE_F16B4.9|nhr-178,140,160
CELE_F16B4.1|nhr-177,192,185
CELE_Y46H3D.6|nhr-237,102,65
CELE_K04F1.9|K04F1.9,433,271
CELE_Y46H3C.5|Y46H3C.5,1720,1602
CELE_Y46H3C.7|Y46H3C.7,933,974
CELE_Y46H3C.6|Y46H3C.6,109,108
CELE_ZK697.6|gst-21,1148,318
CELE_ZK697.2|nhr-256,627,608
CELE_ZK697.14|ZK697.14,25,0
CELE_Y46H3B.2|clec-204,351,155
CELE_Y46H3B.1|clec-205,506,450
CELE_F36H9.3|dhs-13,4602,4520
CELE_F36H9.7|F36H9.7,29,15
CELE_F36H9.4|F36H9.4,211,223
CELE_F36H9.5|F36H9.5,91,45
CELE_Y46H3A.3|hsp-16.2,278,196
CELE_Y46H3A.2|hsp-16.41,319,233
CELE_Y46H3A.4|Y46H3A.4,49,32
CELE_Y46H3A.6|gly-7,6709,6119
CELE_Y46H3A.7|mrpl-39,1820,1682
CELE_T10B5.8|T10B5.8,2098,1186
CELE_T10B5.7|T10B5.7,2330,2165
CELE_T10B5.10|T10B5.10,81,40
CELE_T10B5.3|T10B5.3,3923,3824
CELE_T08B1.4|T08B1.4,340,452
CELE_T08B1.7|21ur-15031,0,0
CELE_T08B1.1|T08B1.1,3732,1839
CELE_T08B1.2|tnt-4,1110,1007
CELE_T08B1.3|alh-5,1940,1301
CELE_F59A7.11|F59A7.11,0,0
CELE_F59A7.7|F59A7.7,74,85
CELE_F59A7.2|F59A7.2,58,99
CELE_F59A7.8|F59A7.8,1227,1114
CELE_F59A7.13|21ur-15339,0,0
CELE_F59A7.14|F59A7.14,6,13
CELE_F59A7.5|F59A7.5,193,181
CELE_F59A7.12|F59A7.12,38,49
CELE_F59A7.4|hil-6,32,85
CELE_Y40B10A.5|Y40B10A.5,0,0
CELE_Y40B10A.10|Y40B10A.10,0,0
CELE_Y40B10A.6|comt-4,144,251
CELE_Y40B10A.7|comt-5,12,16
CELE_Y40B10A.2|comt-3,1369,675
CELE_Y40B10A.8|nhr-86,1680,1606
CELE_F36F12.3|gtnt-27,32,55
CELE_F36F12.6|clec-208,0,0
CELE_F36F12.2|gtnt-26,0,0
CELE_F36F12.8|ztf-28,983,1009
CELE_F36F12.7|F36F12.7,7,0
CELE_F36F12.1|gtnt-25,52,24
CELE_F22F7.4|gtnt-23,39,34
CELE_F22F7.9|F22F7.9,0,0
CELE_F22F7.10|F22F7.10,0,0
CELE_F22F7.3|gtnt-22,69,51
CELE_F22F7.5|ckb-4,505,424
CELE_F22F7.6|bgnt-1.2,45,0
CELE_F22F7.8|F22F7.8,242,99
CELE_Y40B10A.1|lbp-9,24291,20704
CELE_Y40B10A.9|Y40B10A.9,516,524
CELE_C45H4.11|srbc-20,0,0
CELE_C45H4.21|C45H4.21,0,0
CELE_C45H4.T1|C45H4.t1,0,0
CELE_C45H4.10|srbc-24,0,0
CELE_F22F7.7|F22F7.7,384,468
CELE_C45H4.14|C45H4.14,375,294
CELE_C45H4.1|srbc-16,0,0
CELE_C45H4.17|cyp-33C2,0,0
CELE_Y5H2B.3|Y5H2B.3,145,115
CELE_F22F7.2|F22F7.2,70,137
CELE_F22F7.1|ldp-1,6960,5504
CELE_Y5H2B.2|nhr-13,790,706
CELE_Y5H2B.6|cyp-33C12,0,0
CELE_Y5H2B.8|Y5H2B.8,0,0
CELE_Y5H2B.7|srt-40,0,0
CELE_Y5H2B.5|cyp-32B1,697,1135
CELE_F44C8.8|nhr-133,380,331
CELE_F44C8.9|nhr-184,108,83
CELE_F44C8.6|nhr-56,200,267
CELE_F41B5.7|cyp-33C6,0,0
CELE_F44C8.5|nhr-128,135,119
CELE_F44C8.4|nhr-103,137,162
CELE_F44C8.3|nhr-18,265,401
CELE_F44C8.10|nhr-126,147,197
CELE_F44C8.2|nhr-134,377,368
CELE_F44C8.11|nhr-96,190,233
CELE_F41B5.11|F41B5.11,0,0
CELE_F44C8.1|cyp-33C4,182,518
CELE_F41B5.4|cyp-33C3,165,193
CELE_F41B5.3|cyp-33C5,53,67
CELE_F41B5.2|cyp-33C7,286,532
CELE_F41B5.1|F41B5.1,87,106
CELE_F41B5.9|nhr-182,313,208
CELE_F41B5.10|nhr-183,68,63
CELE_Y5H2A.5|Y5H2A.5,0,6
CELE_T27B7.1|nhr-59,90,138
CELE_T27B7.7|fbxa-137,38,28
CELE_T27B7.5|nhr-227,39,34
CELE_T27B7.6|nhr-228,337,354
CELE_T27B7.2|nhr-225,65,36
CELE_Y19D10B.5|irld-16,0,0
CELE_T27B7.4|nhr-115,74,39
CELE_T27B7.3|nhr-226,119,80
CELE_T27B7.9|T27B7.9,24,0
CELE_Y19D10B.6|Y19D10B.6,148,64
CELE_Y19D10B.7|pud-1.2,46090,29989
CELE_F15E11.14|pud-2.2,53067,35460
CELE_F15E11.15|pud-3,25958,9404
CELE_F15E11.12|pud-4,17328,9901
CELE_F15E11.1|pud-2.1,51619,35426
CELE_F15E11.11|irld-32,0,0
CELE_F15E11.2|irld-28,0,0
CELE_F15E11.4|irld-30,18,0
CELE_F15E11.13|pud-1.1,45572,29568
CELE_C01B4.6|C01B4.6,416,327
CELE_C01B4.5|srd-61,0,0
CELE_F56A4.12|F56A4.12,66,69
CELE_C01B4.9|mct-2,2033,2018
CELE_C01B4.8|C01B4.8,31,58
CELE_C01B4.7|C01B4.7,111,136
CELE_C01B4.1|str-257,0,0
CELE_C01B4.3|str-258,0,0
CELE_Y45G12C.4|Y45G12C.4,19,43
CELE_Y45G12C.16|Y45G12C.16,792,1219
CELE_Y45G12C.17|21ur-15315,0,0
CELE_Y45G12C.14|srj-19,0,0
CELE_Y45G12C.1|Y45G12C.1,68,49
CELE_C29G2.5|nhr-290,0,0
CELE_Y45G12C.12|str-154,0,0
CELE_Y45G12C.3|Y45G12C.3,12,9
CELE_Y45G12C.2|gst-10,2730,1524
CELE_C29G2.3|C29G2.3,12,13
CELE_C29G2.6|C29G2.6,363,451
CELE_C29G2.2|C29G2.2,373,360
CELE_F53E10.4|irg-3,3765,1912
CELE_F53E10.6|F53E10.6,2163,1848
CELE_W02H5.6|srh-271,0,0
CELE_W02H5.15|W02H5.15,0,0
CELE_W02H5.7|sknr-1,0,0
CELE_W02H5.14|W02H5.14,0,0
CELE_W02H5.13|W02H5.13,0,0
CELE_F53E10.2|acr-17,59,62
CELE_F53E10.1|F53E10.1,1556,1239
CELE_W02G9.5|angl-1,1686,1788
CELE_W02G9.8|W02G9.8,0,0
CELE_W02G9.9|W02G9.9,0,0
CELE_W02G9.T1|W02G9.t1,0,0
CELE_W02H5.19|W02H5.19,542,569
CELE_W02H5.2|W02H5.2,2733,2324
CELE_W02H5.8|W02H5.8,416,415
CELE_W02G9.1|ndx-2,147,129
CELE_W02G9.4|W02G9.4,3065,2231
CELE_F15E11.10|srbc-15,0,0
CELE_Y19D10A.7|irld-53,60,20
CELE_Y19D10A.6|Y19D10A.6,0,0
CELE_Y19D10A.10|Y19D10A.10,0,0
CELE_Y19D10A.15|srd-75,0,0
CELE_Y19D10A.2|Y19D10A.2,0,0
CELE_Y19D10A.13|str-265,0,0
CELE_Y19D10A.18|Y19D10A.18,0,0
CELE_Y19D10A.1|Y19D10A.1,0,0
CELE_Y19D10A.17|Y19D10A.17,0,0
CELE_C13B7.3|srd-60,0,0
CELE_C13B7.4|srd-71,0,0
CELE_C13B7.2|str-120,0,0
CELE_C13B7.1|srt-1,0,0
CELE_F56A4.6|F56A4.6,0,0
CELE_F56A4.13|F56A4.13,0,0
CELE_F56A4.3|F56A4.3,928,439
CELE_F56A4.9|irld-35,80,0
CELE_Y19D10A.9|clec-209,91761,61261
CELE_Y19D10A.8|Y19D10A.8,49,38
CELE_Y19D10A.11|Y19D10A.11,55,67
CELE_Y19D10A.12|mct-1,1980,1958
CELE_Y19D10A.5|Y19D10A.5,32,62
CELE_Y19D10A.4|Y19D10A.4,110,137
CELE_Y19D10A.16|Y19D10A.16,414,320
CELE_C13B7.6|C13B7.6,807,411
CELE_F56A4.5|F56A4.5,19,46
CELE_F56A4.4|F56A4.4,12,10
CELE_F56A4.2|F56A4.2,91033,58395
CELE_F56A4.10|F56A4.10,50,73
CELE_C24B9.9|dod-3,647,983
CELE_R05D8.7|dhsl-4,197,102
CELE_R05D8.9|cror-2,24,0
CELE_R05D8.8|dhs-14,539,617
CELE_R05D8.10|dhs-15,52,62
CELE_R05D8.1|srj-17,0,0
CELE_R05D8.11|R05D8.11,28,21
CELE_W02G9.7|W02G9.7,0,0
CELE_C24B9.17|C24B9.17,0,0
CELE_W02G9.2|kel-8,1165,845
CELE_W02G9.3|thum-1,991,957
CELE_W02G9.6|W02G9.6,1,0
CELE_Y45G12B.3|lhgd-1,1034,934
CELE_Y45G12B.2|Y45G12B.2,1910,1882
CELE_Y45G12B.1|nuo-5,12736,11344
CELE_C24B9.3|C24B9.3,5933,5931
CELE_F54E2.3|ketn-1,7534,5117
CELE_F54E2.7|F54E2.7,1,0
CELE_F54E2.2|F54E2.2,89,42
CELE_F54E2.9|F54E2.9,0,0
CELE_T03D3.3|srw-2,0,0
CELE_T03D3.9|T03D3.9,0,0
CELE_T03D3.5|T03D3.5,559,520
CELE_T03D3.1|ugt-53,159,155
CELE_F54E2.1|F54E2.1,5482,3220
CELE_F37B4.7|folt-2,1023,676
CELE_F37B4.10|F37B4.10,604,556
CELE_F37B4.8|srw-4,0,0
CELE_F37B4.2|ifc-1,401,387
CELE_F37B4.15|F37B4.15,20,0
CELE_C31B8.6|str-46,0,0
CELE_C31B8.4|pals-32,65,73
CELE_C31B8.7|gtnt-12,265,217
CELE_C31B8.12|C31B8.12,0,0
CELE_C31B8.8|zmp-3,362,444
CELE_C31B8.16|C31B8.16,0,0
CELE_H27D07.2|srw-141,0,0
CELE_H05B21.2|srh-248,0,0
CELE_H05B21.3|srw-142,0,0
CELE_C44C3.4|srh-86,0,0
CELE_C44C3.12|21ur-14769,0,0
CELE_C44C3.2|srw-129,0,0
CELE_F59D6.4|irld-38,0,0
CELE_F59D6.3|asp-8,985,839
CELE_F59D6.7|chpf-2,153,161
CELE_C50H11.9|str-244,0,17
CELE_F59D6.1|F59D6.1,91,71
CELE_C50H11.7|srh-185,0,0
CELE_C50H11.1|acs-21,203,190
CELE_C50H11.16|str-70,0,0
CELE_C50H11.15|cyp-33C9,698,676
CELE_Y73C8C.8|Y73C8C.8,349,313
CELE_Y73C8C.10|Y73C8C.10,56,0
CELE_Y73C8C.9|srt-56,0,0
CELE_Y73C8C.3|Y73C8C.3,234,172
CELE_F02C9.4|irld-3,55,0
CELE_C36C5.5|exh-1,517,476
CELE_C36C5.12|C36C5.12,209,138
CELE_C36C5.14|C36C5.14,37,13
CELE_C36C5.15|C36C5.15,42,0
CELE_Y73C8B.4|lag-2,81,66
CELE_Y73C8B.5|Y73C8B.5,16,0
CELE_Y73C8B.1|Y73C8B.1,262,222
CELE_Y73C8B.9|Y73C8B.9,0,0
CELE_Y73C8B.3|Y73C8B.3,927,642
CELE_Y73C8B.2|Y73C8B.2,478,521
CELE_Y73C8B.7|21ur-12920,0,0
CELE_K08D9.4|K08D9.4,92,67
CELE_K08D9.2|gtnt-35,0,0
CELE_K08D9.6|gtnt-36,47,0
CELE_T28A11.11|gst-23,32,28
CELE_Y73C8A.1|str-16,30,0
CELE_K08D9.9|K08D9.9,300,176
CELE_T28A11.15|srt-63,31,0
CELE_T28A11.22|T28A11.22,100,129
CELE_T28A11.16|T28A11.16,21,34
CELE_T28A11.19|T28A11.19,61,35
CELE_T28A11.5|T28A11.5,9,10
CELE_T28A11.3|T28A11.3,0,0
CELE_K08D9.3|apx-1,4972,4867
CELE_T28A11.21|fbxa-64,276,222
CELE_T28A11.25|T28A11.25,32,21
CELE_F35F10.5|F35F10.5,31,49
CELE_T28A11.2|T28A11.2,830,652
CELE_F35F10.6|F35F10.6,65,46
CELE_F35F10.15|21ur-12925,0,0
CELE_F35F10.4|F35F10.4,55,0
CELE_F35F10.11|arrd-18,204,190
CELE_F35F10.12|arrd-19,448,404
CELE_T20D4.11|T20D4.11,95,68
CELE_T20D4.10|T20D4.10,71,0
CELE_T20D4.7|T20D4.7,16,36
CELE_T20D4.6|arrd-22,109,107
CELE_T20D4.19|T20D4.19,27,33
CELE_T20D4.3|T20D4.3,0,0
CELE_T20D4.5|txt-11,33,0
CELE_T20C4.1|srj-9,25,0
CELE_F35F10.14|F35F10.14,0,0
CELE_C17B7.14|C17B7.14,0,0
CELE_C17B7.8|C17B7.8,0,0
CELE_C17B7.9|C17B7.9,0,0
CELE_C17B7.10|C17B7.10,0,0
CELE_C17B7.3|C17B7.3,0,0
CELE_C17B7.2|C17B7.2,0,0
CELE_C17B7.15|C17B7.15,0,0
CELE_C17B7.1|str-63,0,0
CELE_C17B7.12|C17B7.12,0,0
CELE_C04E12.6|C04E12.6,0,0
CELE_C04E12.5|C04E12.5,0,0
CELE_C04E12.8|srx-121,0,0
CELE_C04E12.9|srbc-2,0,0
CELE_C04E12.13|mir-4922.1,0,0
CELE_C04E12.1|srbc-4,0,0
CELE_F35F10.1|F35F10.1,205,270
CELE_C17B7.5|C17B7.5,39,0
CELE_C17B7.4|C17B7.4,23,16
CELE_C17B7.11|fbxa-65,345,335
CELE_C04E12.7|scrm-3,46,26
CELE_C04E12.4|C04E12.4,133,113
CELE_C04E12.2|C04E12.2,94,37
CELE_C04E12.11|arrd-20,41,60
CELE_C04E12.12|arrd-21,55,37
CELE_T20D4.13|T20D4.13,16,18
CELE_F27E11.3|cfz-2,818,778
CELE_F27E11.2|slc-28.2,125,130
CELE_C02A12.1|gst-33,74,45
CELE_F27E11.1|slc-28.1,364,286
CELE_C07G3.15|C07G3.15,0,0
CELE_C02A12.4|lys-7,19613,9327
CELE_C07G3.13|C07G3.13,0,0
CELE_C07G3.3|str-227,15,0
CELE_C07G3.2|irg-1,240,59
CELE_C07G3.10|C07G3.10,0,0
CELE_C07G3.9|ugt-64,2902,2105
CELE_T24A6.10|srbc-67,0,0
CELE_T24A6.22|21ur-15101,0,0
CELE_T24A6.8|nhr-221,32,0
CELE_T24A6.9|nhr-93,0,0
CELE_T24A6.20|T24A6.20,410,356
CELE_T24A6.1|T24A6.1,81,88
CELE_T24A6.21|grl-32,10,5
CELE_T24A6.17|T24A6.17,71,90
CELE_F40C5.1|F40C5.1,0,0
CELE_F40C5.2|F40C5.2,142,170
CELE_F40C5.3|grl-27,46,0
CELE_T22F3.T4|T22F3.t4,0,0
CELE_T22F3.T1|T22F3.t1,0,0
CELE_T22F3.3|pygl-1,56611,50042
CELE_T22F3.5|srh-213,0,0
CELE_T22F3.7|T22F3.7,32,42
CELE_T22F3.8|T22F3.8,100,90
CELE_T22F3.13|21ur-15544,0,0
CELE_T22F3.10|T22F3.10,82,106
CELE_F59B1.11|21ur-15392,0,0
CELE_T22F3.T3|T22F3.t3,0,0
CELE_T22F3.T2|T22F3.t2,0,0
CELE_T22F3.14|T22F3.14,0,0
CELE_T22F3.2|T22F3.2,2961,2932
CELE_T22F3.12|T22F3.12,11,0
CELE_T22F3.4|rpl-11.1,48738,46201
CELE_F59B1.7|srx-41,0,0
CELE_F59B1.2|F59B1.2,3493,3480
CELE_F59B1.10|F59B1.10,45,36
CELE_F59B1.1|str-114,0,0
CELE_F59B1.9|acr-23,0,0
CELE_F59B1.8|F59B1.8,1660,914
CELE_Y39H10B.2|Y39H10B.2,529,464
CELE_Y39H10B.3|Y39H10B.3,14,0
CELE_W08A12.3|W08A12.3,113,131
CELE_W08A12.2|W08A12.2,370,470
CELE_C17E7.3|sre-9,26,23
CELE_K07C6.11|srx-68,0,23
CELE_C17E7.1|nhr-156,61,59
CELE_K07C6.5|cyp-35A5,668,563
CELE_K07C6.16|K07C6.16,0,0
CELE_K07C6.4|cyp-35B1,477,477
CELE_K07C6.3|cyp-35B2,175,51
CELE_T09H2.2|T09H2.2,0,0
CELE_T09H2.1|dach-1,768,1563
CELE_B0213.21|B0213.21,0,0
CELE_B0213.10|cyp-34A5,113,200
CELE_B0213.22|B0213.22,0,0
CELE_B0213.20|21ur-12305,0,0
CELE_B0213.11|cyp-34A6,64,57
CELE_B0213.23|B0213.23,0,0
CELE_B0213.12|cyp-34A7,39,37
CELE_B0213.25|B0213.25,0,0
CELE_B0213.18|B0213.18,0,0
CELE_B0213.14|cyp-34A8,460,510
CELE_T27C4.4|lin-40,8715,7748
CELE_T27C4.7|T27C4.7,0,0
CELE_T27C4.6|linc-136,0,0
CELE_T27C4.3|str-30,0,0
CELE_T27C4.5|T27C4.5,0,0
CELE_Y39H10A.9|Y39H10A.9,0,0
CELE_Y39H10A.8|Y39H10A.8,0,0
CELE_Y39H10A.2|oac-55,40,0
CELE_R08E5.4|R08E5.4,0,0
CELE_R08E5.1|R08E5.1,36,33
CELE_R08F11.6|fpn-1.3,0,0
CELE_R08F11.2|srt-30,0,0
CELE_R08F11.5|srw-7,0,0
CELE_H10D18.3|srw-6,0,0
CELE_H10D18.5|H10D18.5,117,63
CELE_F47C10.7|nhr-188,0,0
CELE_F47C10.8|nhr-189,0,0
CELE_F47C10.4|nhr-187,0,0
CELE_C17E7.7|nhr-159,0,0
CELE_C17E7.8|nhr-124,0,0
CELE_C17E7.15|21ur-10092,0,0
CELE_C17E7.14|21ur-14490,0,0
CELE_W08A12.1|unc-132,2630,2185
CELE_T27C4.1|nrsn-1,792,959
CELE_T27C4.2|hpo-36,208,177
CELE_Y39H10A.3|mtm-9,2513,2357
CELE_Y39H10A.6|gid-7,1544,1627
CELE_Y39H10A.7|chk-1,4051,4000
CELE_Y39H10A.1|Y39H10A.1,9,28
CELE_R08E5.3|rips-1,442,220
CELE_R08E5.2|cysl-3,2475,1808
CELE_R08F11.1|R08F11.1,2907,2633
CELE_R08F11.7|R08F11.7,162,45
CELE_R08F11.3|cyp-33C8,353,287
CELE_R08F11.4|R08F11.4,58,48
CELE_H10D18.4|scl-13,25,24
CELE_H10D18.2|scl-12,57,79
CELE_H10D18.1|H10D18.1,24,37
CELE_F47C10.2|btb-21,130,181
CELE_C17E7.13|C17E7.13,27,27
CELE_C17E7.9|C17E7.9,1201,1027
CELE_C17E7.12|C17E7.12,1014,750
CELE_C17E7.4|C17E7.4,2709,2372
CELE_B0213.17|nlp-34,142,399
CELE_B0213.24|B0213.24,0,0
CELE_B0213.15|cyp-34A9,6794,10778
CELE_B0213.16|cyp-34A10,1894,1418
CELE_B0213.5|nlp-30,196,158
CELE_B0213.6|nlp-31,1613,1320
CELE_B0213.4|nlp-29,1632,2022
CELE_B0213.3|nlp-28,3217,3059
CELE_B0213.2|nlp-27,2630,1837
CELE_K09D9.12|K09D9.12,525,412
CELE_K09D9.6|srh-4,0,0
CELE_K09D9.1|K09D9.1,255,211
CELE_K09D9.2|cyp-35A3,3904,2475
CELE_C49G7.7|C49G7.7,141,87
CELE_C49G7.8|cyp-35A4,858,344
CELE_C49G7.12|C49G7.12,207,66
CELE_C49G7.10|C49G7.10,292,219
CELE_C49G7.5|irg-2,194,236
CELE_C49G7.4|phat-3,814,716
CELE_C49G7.11|djr-1.2,43,39
CELE_D1065.7|D1065.7,0,3
CELE_D1065.6|D1065.6,104,67
CELE_D1065.1|otpl-2,0,0
CELE_D1065.5|srh-211,0,0
CELE_F38H12.6|21ur-15323,0,0
CELE_F38H12.5|F38H12.5,0,0
CELE_C49G7.3|phat-7,4501,4387
CELE_T05B4.14|clc-18,12,0
CELE_F38H12.3|nhr-181,225,336
CELE_T05B4.19|T05B4.19,0,0
CELE_T05B4.8|T05B4.8,15,0
CELE_T05B4.11|phat-5,146,66
CELE_T05B4.12|T05B4.12,0,0
CELE_T05B4.17|T05B4.17,0,0
CELE_T05B4.13|T05B4.13,0,0
CELE_T05B4.16|T05B4.16,0,0
CELE_T05B4.4|T05B4.4,0,0
CELE_T05B4.3|phat-4,562,272
CELE_T05B4.2|nhr-57,218,193
CELE_T05B4.1|lgc-1,20,0
CELE_Y45G5AM.5|Y45G5AM.5,255,251
CELE_Y45G5AL.1|Y45G5AL.1,4176,3985
CELE_Y45G5AM.6|Y45G5AM.6,320,278
CELE_Y45G5AM.3|Y45G5AM.3,389,343
CELE_Y45G5AM.7|Y45G5AM.7,3575,3274
CELE_Y45G5AM.8|coh-4,1022,1097
CELE_Y45G5AM.2|pid-5,2668,2542
CELE_Y45G5AM.9|Y45G5AM.9,3275,3647
CELE_Y45G5AM.1|nhr-114,762,608
CELE_H43I07.3|algn-5,1688,1311
CELE_H43I07.2|rpac-40,2224,2190
CELE_H43I07.4|H43I07.4,5,7
CELE_H43I07.1|H43I07.1,1570,1597
CELE_E03D2.2|nlp-9,431,509
CELE_ZC142.1|srt-13,0,0
CELE_E03D2.1|nlp-13,565,521
CELE_F47D2.7|srt-20,0,0
CELE_F47D2.8|srt-37,0,0
CELE_F47D2.1|srt-19,0,0
CELE_F47D2.11|F47D2.11,0,0
CELE_ZC132.10|ZC132.10,2,0
CELE_ZC132.T1|ZC132.t1,2,0
CELE_ZC132.9|ZC132.9,19,0
CELE_R02D1.1|nhr-125,110,90
CELE_R02D1.2|R02D1.2,89,54
CELE_D2063.2|oac-12,0,0
CELE_D2063.1|D2063.1,486,230
CELE_D2063.4|irld-1,22,13
CELE_D2063.3|glrx-3,3732,3629
CELE_F32D1.1|figl-1,1787,1744
CELE_F32D1.2|hpo-18,4355,3677
CELE_F32D1.11|F32D1.11,125,156
CELE_F32D1.3|F32D1.3,305,209
CELE_F32D1.12|F32D1.12,0,0
CELE_F32D1.10|mcm-7,23302,21723
CELE_F32D1.5|gmpr-1,22275,21062
CELE_F32D1.8|F32D1.8,0,0
CELE_F13A2.1|F13A2.1,0,0
CELE_F13A2.4|F13A2.4,228,154
CELE_Y47D7A.6|Y47D7A.6,69,11
CELE_Y47D7A.5|grl-5,309,88
CELE_Y47D7A.7|Y47D7A.7,11,0
CELE_Y47D7A.8|skr-14,1242,1070
CELE_F32D1.9|fipp-1,6144,6194
CELE_F32D1.6|neg-1,4040,3583
CELE_F32D1.7|F32D1.7,6451,5760
CELE_Y47D7A.11|Y47D7A.11,0,0
CELE_Y47D7A.12|pugs-11,12,0
CELE_Y47D7A.1|skr-7,2789,2503
CELE_Y47D7A.15|Y47D7A.15,2069,802
CELE_Y47D7A.13|Y47D7A.13,1891,590
CELE_H22D07.1|gnrr-5,48,98
CELE_T08H10.3|T08H10.3,39,16
CELE_Y47D7A.16|rft-1,255,196
CELE_Y47D7A.14|rft-2,1266,1367
CELE_T08H10.1|exc-15,4006,3812
CELE_T28F12.2|unc-62,3370,3178
CELE_Y61A9LA.7|Y61A9LA.7,27,24
CELE_Y61A9LA.12|Y61A9LA.12,73,69
CELE_Y61A9LA.5|Y61A9LA.5,52,58
CELE_Y61A9LA.4|Y61A9LA.4,14,0
CELE_T28F12.4|T28F12.4,0,0
CELE_T28F12.1|T28F12.1,28,0
CELE_T28F12.3|sos-1,4401,4333
CELE_Y61A9LA.8|sut-2,7451,6937
CELE_Y61A9LA.13|Y61A9LA.13,0,0
CELE_Y61A9LA.3|Y61A9LA.3,2775,2823
CELE_Y61A9LA.1|Y61A9LA.1,1770,1967
CELE_Y61A9LA.11|txt-6,919,702
CELE_Y61A9LA.10|Y61A9LA.10,4490,4366
CELE_F41F3.2|soc-1,510,423
CELE_F54D11.4|F54D11.4,1178,1260
CELE_F54D11.2|sumv-2,4507,4500
CELE_F54D11.1|pmt-2,10193,7411
CELE_F54D11.3|F54D11.3,413,502
CELE_F41F3.8|F41F3.8,102,74
CELE_F41F3.3|F41F3.3,6081,2180
CELE_F41F3.1|F41F3.1,13,0
CELE_F41F3.6|srx-74,0,0
CELE_K03B4.5|srx-77,0,14
CELE_K03B4.9|K03B4.9,34,17
CELE_K03B4.4|nssp-51,83,65
CELE_F41F3.4|col-139,8536,3105
CELE_ZC266.1|ZC266.1,279,262
CELE_F39G3.7|prx-6,485,470
CELE_F39G3.5|F39G3.5,527,287
CELE_F39G3.4|F39G3.4,0,0
CELE_F39G3.8|tig-2,234,360
CELE_K03B4.3|taf-10,1681,1553
CELE_K03B4.2|K03B4.2,3103,3108
CELE_K03B4.1|K03B4.1,2398,2417
CELE_K03B4.7|cpg-8,5475,5328
CELE_F39G3.2|gtnt-28,195,174
CELE_F39G3.1|ugt-61,260,262
CELE_F39G3.3|F39G3.3,1973,1901
CELE_C18G1.7|gtnt-11,0,0
CELE_C18G1.6|gtnt-10,29,28
CELE_C18G1.5|hil-4,14056,12725
CELE_C18G1.3|bgnt-1.4,0,0
CELE_C18G1.9|C18G1.9,34,0
CELE_C18G1.2|elt-7,400,363
CELE_C18G1.1|C18G1.1,45,65
CELE_Y60C6A.1|Y60C6A.1,27,12
CELE_Y60C6A.3|Y60C6A.3,15,0
CELE_R02F11.5|21ur-15363,0,0
CELE_R02F11.2|R02F11.2,36,75
CELE_C18G1.4|pgl-3,11274,9885
CELE_R02F11.6|R02F11.6,0,0
CELE_R02F11.8|R02F11.8,0,0
CELE_R02F11.1|R02F11.1,546,244
CELE_R02F11.3|R02F11.3,563,549
CELE_R02F11.4|ccep-97,3449,3182
CELE_C37H5.6|adss-1,13216,12871
CELE_C37H5.3|abhd-5.2,796,970
CELE_C37H5.2|abhd-5.1,227,326
CELE_T19H12.6|T19H12.6,81,39
CELE_T19H12.13|T19H12.13,0,0
CELE_T19H12.15|T19H12.15,10,0
CELE_T19H12.8|nhr-220,33,0
CELE_C37H5.1|nex-4,44,54
CELE_C37H5.13|C37H5.13,1558,1498
CELE_T19H12.3|T19H12.3,411,335
CELE_T19H12.9|ugt-12,960,946
CELE_C37H5.15|C37H5.15,0,0
CELE_C37H5.8|hsp-6,23112,21484
CELE_C37H5.5|C37H5.5,3227,3262
CELE_C37H5.14|C37H5.14,57,48
CELE_C37H5.9|nas-9,780,1106
CELE_T19H12.10|ugt-11,224,202
CELE_T19H12.1|ugt-9,1331,991
CELE_T19H12.2|T19H12.2,18437,17314
CELE_T19H12.14|T19H12.14,0,0
CELE_T19H12.11|ugt-10,398,105
CELE_H23N18.4|ugt-67,94,23
CELE_H23N18.3|ugt-8,3188,1905
CELE_H23N18.2|ugt-14,469,233
CELE_H23N18.1|ugt-13,1429,926
CELE_H23N18.5|H23N18.5,251,37
CELE_H23N18.6|H23N18.6,19,122
CELE_C02E7.5|srh-23,0,0
CELE_C02E7.4|srh-22,0,0
CELE_C02E7.1|catp-2,0,0
CELE_C02E7.16|C02E7.16,0,0
CELE_C02E7.7|C02E7.7,895,278
CELE_C02E7.6|C02E7.6,1177,403
CELE_C13D9.7|ncx-8,134,105
CELE_F26G5.1|F26G5.1,1896,1862
CELE_F26G5.9|tam-1,11664,11621
CELE_C13D9.1|srr-6,44,96
CELE_C13D9.13|C13D9.13,0,0
CELE_C13D9.8|ncx-9,77,67
CELE_C13D9.9|ugt-7,496,287
CELE_K11D12.3|srr-4,706,456
CELE_K11D12.4|cpt-4,737,661
CELE_K11D12.5|swt-7,2358,1465
CELE_K11D12.8|K11D12.8,52,40
CELE_K11D12.9|exc-14,114,79
CELE_K11D12.13|K11D12.13,5948,5071
CELE_K11D12.6|K11D12.6,19,20
CELE_K11D12.7|K11D12.7,1172,900
CELE_K11D12.11|K11D12.11,181,136
CELE_Y58A7A.1|Y58A7A.1,271,175
CELE_K11D12.2|pqn-51,7855,7928
CELE_K11D12.12|K11D12.12,502,488
CELE_Y58A7A.2|Y58A7A.2,28,29
CELE_Y58A7A.9|Y58A7A.9,0,0
CELE_K11D12.1|cwp-4,29,34
CELE_K11D12.10|mlk-1,1375,1329
CELE_Y58A7A.6|glb-32,69,32
CELE_C04F5.10|21ur-12792,0,0
CELE_C04F5.2|C04F5.2,0,0
CELE_C04F5.3|unc-46,27,18
CELE_Y58A7A.7|Y58A7A.7,0,0
CELE_Y58A7A.8|Y58A7A.8,0,0
CELE_Y58A7A.3|Y58A7A.3,1926,1969
CELE_Y58A7A.4|Y58A7A.4,944,853
CELE_Y58A7A.5|Y58A7A.5,70,29
CELE_C04F5.7|ugt-63,4605,2493
CELE_C04F5.8|C04F5.8,3047,2928
CELE_C04F5.9|C04F5.9,1531,1644
CELE_F14F9.9|F14F9.9,0,0
CELE_F14F9.4|F14F9.4,587,358
CELE_F14F9.6|F14F9.6,15,9
CELE_C04F5.1|sid-1,3589,3694
CELE_F14F9.5|F14F9.5,190,202
CELE_F14F9.8|F14F9.8,14,18
CELE_C03A7.4|abu-15,169,51
CELE_C03A7.15|C03A7.15,0,0
CELE_C03A7.3|srw-140,0,0
CELE_C03A7.9|srt-64,0,0
CELE_C03A7.10|srt-65,0,0
CELE_C03A7.2|C03A7.2,0,0
CELE_C03A7.7|abu-6,114,56
CELE_C03A7.8|abu-7,190,80
CELE_C03A7.11|ugt-51,329,397
CELE_C03A7.13|C03A7.13,65,82
CELE_C03A7.14|abu-8,283,116
CELE_Y47A7.2|Y47A7.2,606,452
CELE_Y47A7.1|ttc-37,1971,2171
CELE_C52A10.4|C52A10.4,0,0
CELE_C52A10.2|cest-35.2,233,152
CELE_C52A10.3|C52A10.3,155,154
CELE_Y49G5B.4|Y49G5B.4,0,0
CELE_Y49G5B.6|Y49G5B.6,0,0
CELE_Y49G5B.1|Y49G5B.1,2930,2866
CELE_C52A10.1|cest-32,863,728
CELE_B0238.5|srt-67,0,0
CELE_B0238.16|21ur-8852,0,0
CELE_B0238.6|srt-70,0,0
CELE_B0238.8|srt-69,0,0
CELE_B0238.13|B0238.13,43,41
CELE_B0238.18|B0238.18,0,0
CELE_B0238.15|B0238.15,27,44
CELE_B0238.1|cest-35.1,510,409
CELE_B0238.12|spi-2,69,91
CELE_B0238.11|penr-1,5784,5615
CELE_Y49G5A.1|Y49G5A.1,583,1177
CELE_B0238.10|natc-2,5252,4790
CELE_B0238.9|B0238.9,5738,5513
CELE_C10G8.5|ncx-2,3234,2747
CELE_C10G8.2|C10G8.2,0,0
CELE_C10G8.3|C10G8.3,35,21
CELE_C10G8.6|ceh-34,302,355
CELE_C10G8.4|C10G8.4,5068,3595
CELE_T09D3.7|srg-27,0,0
CELE_T09D3.3|T09D3.3,27,0
CELE_T09D3.4|nhr-216,21,0
CELE_C10G8.8|C10G8.8,2176,1689
CELE_C35A11.1|dmsr-7,57,78
CELE_C25A6.1|C25A6.1,28,41
CELE_C35A11.9|C35A11.9,0,0
CELE_C35A11.5|C35A11.5,0,0
CELE_C35A11.2|C35A11.2,28,25
CELE_C35A11.4|C35A11.4,616,234
CELE_F08F3.10|F08F3.10,16,0
CELE_F08F3.4|F08F3.4,3170,2943
CELE_F08F3.6|F08F3.6,3148,2818
CELE_F08F3.7|cyp-14A5,772,254
CELE_F08F3.8|F08F3.8,28,0
CELE_F08F3.12|F08F3.12,0,0
CELE_F08F3.17|linc-96,73,53
CELE_F08F3.3|rhr-1,11185,6884
CELE_F08F3.13|F08F3.13,0,0
CELE_F08F3.11|mir-255,4,4
CELE_F08F3.1|F08F3.1,19,23
CELE_ZC317.1|ZC317.1,56,103
CELE_F08F3.9|snpc-1.3,56,60
CELE_F08F3.2|acl-6,5246,5077
CELE_ZC317.6|ZC317.6,60,54
CELE_ZC317.7|ZC317.7,693,759
CELE_T05C3.4|grl-18,37,22
CELE_T05C3.6|T05C3.6,941,741
CELE_T05C3.5|dnj-19,17688,16723
CELE_C24G6.10|C24G6.10,0,0
CELE_C24G6.4|nhr-47,852,812
CELE_C24G6.6|hpo-15,11804,12966
CELE_C24G6.3|mms-19,4455,4286
CELE_C18C4.9|glb-6,46,47
CELE_C24G6.9|21ur-12866,0,0
CELE_C24G6.2|hir-1,768,780
CELE_C24G6.7|grl-1,29,24
CELE_C24G6.8|C24G6.8,5690,5264
CELE_C24G6.13|cox-16,1441,1199
CELE_C24G6.1|syp-2,1967,1903
CELE_C18C4.2|cft-1,143,127
CELE_C18C4.3|ugt-48,915,302
CELE_C18C4.7|C18C4.7,3066,2729
CELE_C18C4.14|C18C4.14,0,0
CELE_C18C4.13|C18C4.13,0,0
CELE_C18C4.12|C18C4.12,0,0
CELE_C18C4.11|C18C4.11,0,0
CELE_CD4.14|CD4.14,0,0
CELE_CD4.19|CD4.19,0,0
CELE_CD4.18|CD4.18,0,0
CELE_CD4.17|CD4.17,0,0
CELE_C18C4.10|klc-2,3089,2597
CELE_CD4.13|CD4.13,4,0
CELE_CD4.6|pas-6,11605,10577
CELE_M03E7.3|M03E7.3,0,6
CELE_M03E7.6|M03E7.6,0,0
CELE_CD4.16|CD4.16,0,2
CELE_CD4.1|CD4.1,126,118
CELE_M03E7.4|lrpc-1,91,45
CELE_CD4.12|21ur-13757,0,0
CELE_CD4.4|vps-37,1862,1920
CELE_CD4.3|mrpl-48,1396,1053
CELE_CD4.2|crn-2,633,749
CELE_CD4.7|zhit-1,1098,981
CELE_CD4.10|CD4.10,369,247
CELE_CD4.8|CD4.8,616,651
CELE_M03E7.2|M03E7.2,25,17
CELE_M03E7.5|memb-2,1902,1760
CELE_T01C2.3|T01C2.3,0,0
CELE_T01C2.6|T01C2.6,0,0
CELE_M03E7.1|M03E7.1,56,51
CELE_T01C2.1|acy-4,678,663
CELE_C14C11.4|C14C11.4,538,346
CELE_C14C11.3|hex-2,2754,1572
CELE_C14C11.6|mut-14,2078,2106
CELE_C14C11.8|pqn-13,609,256
CELE_C14C11.9|C14C11.9,0,0
CELE_C14C11.2|C14C11.2,2128,2283
CELE_C14C11.1|C14C11.1,130,65
CELE_C14C11.7|C14C11.7,634,505
CELE_F25B4.5|prp-39,5998,5967
CELE_F25B4.6|hmgs-1,941,916
CELE_F25B4.17|anr-6,0,0
CELE_F25B4.4|F25B4.4,768,716
CELE_F25B4.7|F25B4.7,2091,1911
CELE_F25B4.10|21ur-14854,0,0
CELE_F25B4.15|F25B4.15,0,0
CELE_F25B4.8|F25B4.8,461,283
CELE_F25B4.12|F25B4.12,0,0
CELE_F25B4.9|clec-1,6625,3754
CELE_F25B4.2|peli-1,1610,1539
CELE_K09H11.16|K09H11.16,14,22
CELE_F25B4.1|gcst-1,3906,3430
CELE_K09H11.14|K09H11.14,0,0
CELE_K09H11.4|K09H11.4,30,0
CELE_K09H11.13|K09H11.13,0,0
CELE_K09H11.6|K09H11.6,22,22
CELE_K09H11.3|rga-3,8228,8246
CELE_K09H11.1|acds-10,1933,1495
CELE_K09H11.11|K09H11.11,15,0
CELE_K09H11.7|pgph-1,566,485
CELE_C53A3.1|C53A3.1,29,27
CELE_C53A3.2|pgph-3,588,526
CELE_F44E7.2|pgph-2,2200,2176
CELE_F44E7.17|F44E7.17,74,59
CELE_F44E7.7|F44E7.7,19,0
CELE_F44E7.5|F44E7.5,1357,1355
CELE_F44E7.14|F44E7.14,0,0
CELE_F44E7.15|F44E7.15,0,0
CELE_F44E7.11|mir-253,0,0
CELE_F44E7.13|F44E7.13,0,0
CELE_F44E7.8|nhr-142,206,157
CELE_F44E7.4|F44E7.4,19742,18199
CELE_ZC250.11|ZC250.11,0,0
CELE_F44E7.9|F44E7.9,2089,1832
CELE_ZC250.2|ZC250.2,163,168
CELE_ZC250.3|nstp-3,93,44
CELE_ZC250.4|ZC250.4,724,603
CELE_ZC250.6|ZC250.6,0,0
CELE_ZC250.7|ZC250.7,0,0
CELE_ZC250.1|cyn-17,243,111
CELE_ZC250.5|ZC250.5,22,0
CELE_F26F12.7|let-418,16645,16132
CELE_F26F12.1|col-140,49630,48763
CELE_F26F12.8|F26F12.8,48,42
CELE_F26F12.5|F26F12.5,44,45
CELE_F26F12.12|F26F12.12,0,0
CELE_F26F12.14|F26F12.14,0,0
CELE_F26F12.18|F26F12.18,0,0
CELE_F26F12.4|F26F12.4,120,74
CELE_C02G6.5|C02G6.5,0,0
CELE_C02G6.1|C02G6.1,91,54
CELE_C04E6.14|C04E6.14,0,0
CELE_C04E6.7|C04E6.7,324,242
CELE_C04E6.9|srd-16,0,0
CELE_C04E6.5|C04E6.5,37,0
CELE_C04E6.13|nssp-52,86,99
CELE_F26F12.11|F26F12.11,0,0
CELE_F26F12.3|F26F12.3,11497,13949
CELE_M03F8.8|M03F8.8,0,0
CELE_M03F8.4|galt-1,62,70
CELE_C04E6.11|lrpr-1,2349,2501
CELE_C10F3.3|acy-2,87,0
CELE_C10F3.2|dhs-16,116,91
CELE_C10F3.7|C10F3.7,73,54
CELE_C10F3.5|pcm-1,842,808
CELE_C10F3.4|mcp-1,359,360
CELE_M03F8.2|pst-1,2569,2597
CELE_M03F8.11|anr-23,0,0
CELE_M03F8.3|syf-3,7157,6827
CELE_M03F8.1|bus-28,77,51
CELE_M03F8.6|M03F8.6,64,40
CELE_C10F3.6|fut-8,479,429
CELE_C10F3.1|cpg-4,7186,6807
CELE_F29G9.14|F29G9.14,0,0
CELE_F29G9.13|F29G9.13,0,0
CELE_F29G9.4|fos-1,1264,1225
CELE_F29G9.5|rpt-2,16074,15457
CELE_F17A9.1|fbxa-178,26,16
CELE_F17A9.6|ceh-49,1178,1149
CELE_W06H8.2|W06H8.2,60,35
CELE_W06H8.8|ttn-1,3224,2411
CELE_F12F3.6|F12F3.6,0,0
CELE_F12F3.4|21ur-14790,0,0
CELE_F12F3.8|F12F3.8,0,0
CELE_F12F3.1|exp-2,155,202
CELE_F12F3.5|F12F3.5,0,0
CELE_H05O09.3|H05O09.3,0,0
CELE_W06H8.1|rme-1,15133,12916
CELE_W06H8.15|W06H8.15,0,0
CELE_F29G9.9|F29G9.9,0,0
CELE_F29G9.17|F29G9.17,0,0
CELE_F29G9.15|F29G9.15,0,0
CELE_F29G9.11|F29G9.11,0,0
CELE_R01B10.2|R01B10.2,0,0
CELE_R01B10.7|R01B10.7,0,0
CELE_Y38A10A.1|srd-20,0,0
CELE_Y38A10A.9|Y38A10A.9,0,0
CELE_Y38A10A.3|srh-10,0,0
CELE_Y38A10A.4|fbxa-214,0,0
CELE_Y38A10A.8|Y38A10A.8,0,0
CELE_Y38A10A.10|Y38A10A.10,0,0
CELE_F17A9.7|F17A9.7,0,0
CELE_F29G9.3|aps-1,1994,1936
CELE_F29G9.2|picc-1,7556,7425
CELE_F29G9.6|dhs-17,648,609
CELE_F29G9.7|F29G9.7,283,293
CELE_F29G9.1|F29G9.1,151,92
CELE_F29G9.8|21ur-10392,1,1
CELE_R01B10.1|cpi-2,8585,7467
CELE_R01B10.3|R01B10.3,553,284
CELE_R01B10.4|pgap-3,519,622
CELE_R01B10.5|jamp-1,2420,2282
CELE_R01B10.6|seip-1,1755,1701
CELE_Y38A10A.2|Y38A10A.2,101,48
CELE_Y38A10A.7|Y38A10A.7,2525,2324
CELE_Y38A10A.6|smut-1,3842,3425
CELE_Y38A10A.5|crt-1,74983,57591
CELE_F17A9.3|atf-8,227,156
CELE_F17A9.2|cwf-19L1,3672,3657
CELE_F17A9.4|F17A9.4,875,613
CELE_F17A9.5|F17A9.5,1051,854
CELE_K08B12.3|K08B12.3,224,221
CELE_K08B12.4|K08B12.4,19,36
CELE_W06H8.13|W06H8.13,0,0
CELE_W06H8.14|W06H8.14,0,0
CELE_W06H8.6|W06H8.6,11464,10293
CELE_W06H8.5|W06H8.5,1394,1421
CELE_W06H8.16|W06H8.16,7,5
CELE_K08B12.2|dmd-7,2749,2278
CELE_F31F7.2|F31F7.2,54,0
CELE_K08B12.13|K08B12.13,0,0
CELE_K08B12.5|mrck-1,10025,10267
CELE_K08B12.1|K08B12.1,515,233
CELE_K12B6.3|fil-2,41,26
CELE_K12B6.11|K12B6.11,13,8
CELE_K12B6.2|spe-49,0,0
CELE_K12B6.4|K12B6.4,15,15
CELE_K12B6.9|K12B6.9,301,376
CELE_F31F7.1|F31F7.1,10091,7340
CELE_K12B6.8|K12B6.8,445,315
CELE_K12B6.1|sago-1,3073,3090
CELE_T28C12.3|fbxa-202,42,0
CELE_T28C12.2|T28C12.2,44,61
CELE_F13H6.25|F13H6.25,0,0
CELE_F13H6.26|F13H6.26,4,0
CELE_T28C12.1|T28C12.1,0,0
CELE_T28C12.T1|T28C12.t1,0,0
CELE_T28C12.6|T28C12.6,58,54
CELE_T28C12.4|cest-24,4021,2694
CELE_T28C12.11|T28C12.11,0,0
CELE_T28C12.15|T28C12.15,29,8
CELE_T28C12.10|T28C12.10,13,9
CELE_F13H6.1|bcl-11,1778,1726
CELE_F13H6.12|F13H6.12,0,0
CELE_F13H6.10|F13H6.10,0,0
CELE_F13H6.24|F13H6.24,0,0
CELE_F13H6.16|F13H6.16,0,0
CELE_F13H6.4|F13H6.4,113,59
CELE_F57F4.2|F57F4.2,28,0
CELE_F13H6.17|F13H6.17,0,0
CELE_F13H6.5|F13H6.5,218,188
CELE_F13H6.3|cest-33,3010,2823
CELE_T05H4.8|T05H4.8,0,0
CELE_T05H4.T1|T05H4.t1,0,0
CELE_T05H4.T2|T05H4.t2,0,0
CELE_T05H4.7|cht-6,35,0
CELE_T05H4.10|urb-1,1427,1488
CELE_T05H4.11|T05H4.11,3559,3600
CELE_T05H4.12|atp-4,8108,7637
CELE_T05H4.13|alh-4,8296,8515
CELE_T05H4.14|gad-1,6478,5841
CELE_F57F4.8|F57F4.8,0,0
CELE_F57F4.1|F57F4.1,76,0
CELE_F57F4.3|gfi-1,60946,26410
CELE_F57F4.4|bcf-1,65428,27816
CELE_T05H4.4|T05H4.4,33,0
CELE_T05H4.15|T05H4.15,73,79
CELE_T05H4.2|fbxa-196,21,0
CELE_T05H4.6|erfa-1,13629,12573
CELE_T05H4.5|hpo-19,6809,5824
CELE_T05H4.1|acl-8,2562,2230
CELE_ZK40.1|acl-9,5252,5144
CELE_W01A11.14|W01A11.14,0,0
CELE_W01A11.15|W01A11.15,0,0
CELE_W01A11.20|W01A11.20,0,0
CELE_W01A11.19|W01A11.19,0,0
CELE_W01A11.13|W01A11.13,0,0
CELE_W01A11.12|W01A11.12,0,0
CELE_W01A11.18|W01A11.18,0,0
CELE_W01A11.17|W01A11.17,0,0
CELE_W01A11.16|W01A11.16,0,0
CELE_W01A11.10|W01A11.10,0,0
CELE_W01A11.21|W01A11.21,0,0
CELE_W01A11.3|unc-83,4052,3362
CELE_W01A11.4|lec-10,9187,4883
CELE_W01A11.5|cpt-6,1530,1800
CELE_W01A11.2|dgtr-1,2008,1947
CELE_W01A11.7|W01A11.7,40,58
CELE_W01A11.1|W01A11.1,11480,13182
CELE_W01A11.6|moc-2,339,295
CELE_F46E10.16|F46E10.16,0,0
CELE_F46E10.2|F46E10.2,1039,1021
CELE_F46E10.18|F46E10.18,10,0
CELE_F46E10.17|F46E10.17,0,0
CELE_F46E10.15|F46E10.15,0,0
CELE_F46E10.14|F46E10.14,0,0
CELE_F46E10.1|acs-1,1534,1022
CELE_F46E10.11|hpo-26,174,70
CELE_K04A8.15|K04A8.15,0,0
CELE_K04A8.5|lipl-4,28,43
CELE_K04A8.T2|K04A8.t2,0,0
CELE_K04A8.19|K04A8.19,0,0
CELE_K04A8.21|spp-27,0,0
CELE_K04A8.8|spp-20,0,0
CELE_K04A8.18|spp-26,0,0
CELE_K04A8.4|twk-10,0,0
CELE_K04A8.2|K04A8.2,0,0
CELE_K04A8.13|K04A8.13,0,0
CELE_Y40G12A.1|ubh-3,2040,1825
CELE_Y40G12A.2|ubh-2,1163,1131
CELE_F46E10.8|ubh-1,540,534
CELE_F46E10.9|dpy-11,6234,5453
CELE_F46E10.10|mdh-1,20915,19662
CELE_K04A8.16|K04A8.16,0,0
CELE_K04A8.11|K04A8.11,0,0
CELE_K04A8.6|dre-1,3895,2699
CELE_K04A8.17|K04A8.17,4,0
CELE_EGAP9.2|fut-2,70,38
CELE_EGAP9.4|EGAP9.4,0,0
CELE_K04A8.1|K04A8.1,1028,570
CELE_EGAP9.3|EGAP9.3,140,132
CELE_ZK1055.4|ZK1055.4,67,0
CELE_ZK1055.6|ZK1055.6,496,552
CELE_ZK1055.1|hcp-1,15236,14871
CELE_ZK1055.7|ZK1055.7,1239,1069
CELE_F44C4.4|gon-14,6887,6353
CELE_F44C4.3|cpr-4,3093,7212
CELE_F44C4.9|F44C4.9,0,0
CELE_F44C4.5|ppt-1,425,346
CELE_T10H9.2|scd-2,190,162
CELE_T10H9.6|str-180,0,0
CELE_T10H9.7|mir-70,0,0
CELE_T10H9.5|pmp-5,364,242
CELE_K11G9.2|cest-31,179,155
CELE_T10H9.1|T10H9.1,47,43
CELE_T10H9.8|T10H9.8,316,382
CELE_T10H9.3|syx-18,3310,2936
CELE_T10H9.4|snb-1,7353,7143
CELE_K11G9.14|K11G9.14,0,0
CELE_K11G9.5|K11G9.5,130,137
CELE_K11G9.13|K11G9.13,0,0
CELE_K11G9.12|K11G9.12,0,0
CELE_K11G9.1|cest-34,36,35
CELE_K11G9.4|egl-46,982,895
CELE_K11G9.6|mtl-1,2381,5045
CELE_W02F12.9|W02F12.9,0,0
CELE_W02F12.8|W02F12.8,83,50
CELE_W02F12.2|W02F12.2,546,345
CELE_W02F12.1|W02F12.1,216,165
CELE_W02F12.6|sna-1,2409,2378
CELE_ZC487.8|ZC487.8,0,0
CELE_ZC487.1|ZC487.1,56,55
CELE_ZC487.4|grl-9,67,26
CELE_ZC487.5|grl-8,56,39
CELE_T25F10.11|T25F10.11,0,0
CELE_T25F10.3|T25F10.3,730,736
CELE_T25F10.2|dbl-1,251,254
CELE_T25F10.5|bbs-8,69,25
CELE_W02F12.3|era-1,11193,11578
CELE_W02F12.4|W02F12.4,2670,2499
CELE_W02F12.5|dlst-1,10381,10550
CELE_ZC404.16|ZC404.16,45,52
CELE_ZC404.5|srh-28,0,0
CELE_T25F10.6|clik-1,16339,12645
CELE_T25F10.1|T25F10.1,0,0
CELE_ZC404.15|ZC404.15,15,0
CELE_ZC404.8|spn-4,34992,33777
CELE_ZC404.13|dmsr-9,0,0
CELE_ZC404.1|ZC404.1,20,23
CELE_H34P18.1|dmsr-12,0,0
CELE_T27B2.2|T27B2.2,0,0
CELE_T27B2.1|dmsr-16,25,15
CELE_T15B7.8|T15B7.8,0,0
CELE_T15B7.10|T15B7.10,55,48
CELE_T15B7.5|col-141,49,40
CELE_ZC404.3|spe-39,3838,3684
CELE_ZC404.2|ZC404.2,12,5
CELE_ZC404.9|gck-2,5362,5389
CELE_C55H1.2|gpa-10,20,0
CELE_T19F4.1|frpr-18,28,69
CELE_T15B7.4|col-142,3240,2279
CELE_T15B7.14|T15B7.14,28,0
CELE_T15B7.3|col-143,16240,15401
CELE_T15B7.15|T15B7.15,24,30
CELE_T15B7.2|hpo-8,7647,6083
CELE_T15B7.16|lgc-54,55,42
CELE_T15B7.1|T15B7.1,1780,1310
CELE_K11C4.2|K11C4.2,87,106
CELE_K11C4.1|K11C4.1,40,15
CELE_K11C4.4|odc-1,1365,1115
CELE_K11C4.7|K11C4.7,0,0
CELE_K11C4.6|K11C4.6,0,0
CELE_K11C4.8|K11C4.8,0,0
CELE_K11C4.3|unc-70,15061,13294
CELE_Y57E12B.3|lipl-6,77,67
CELE_Y57E12B.10|Y57E12B.10,0,8
CELE_C33G8.7|nhr-161,193,149
CELE_T07H8.4|mec-1,116,113
CELE_T07H8.10|T07H8.10,0,0
CELE_T07H8.6|ptr-15,221,161
CELE_C33G8.10|nhr-162,43,0
CELE_C33G8.12|nhr-163,93,111
CELE_C33G8.8|nhr-139,81,46
CELE_C33G8.9|nhr-140,103,117
CELE_K11C4.5|unc-68,3244,941
CELE_K11C4.9|K11C4.9,0,0
CELE_K11C4.11|K11C4.11,0,0
CELE_K11C4.T1|K11C4.t1,0,0
CELE_Y57E12B.9|Y57E12B.9,0,0
CELE_Y57E12B.6|Y57E12B.6,0,0
CELE_C33G8.11|nhr-107,260,200
CELE_C33G8.5|srab-4,31,54
CELE_C33G8.6|nhr-42,476,477
CELE_C33G8.4|spig-10,437,476
CELE_C33G8.17|anr-21,0,0
CELE_C33G8.3|drd-10,139,329
CELE_C33G8.1|srw-127,0,0
CELE_C33G8.13|C33G8.13,0,0
CELE_C33G8.2|C33G8.2,311,416
CELE_F20A1.3|srsx-32,0,0
CELE_F20A1.4|F20A1.4,0,0
CELE_F20A1.6|F20A1.6,200,266
CELE_F20A1.7|twk-11,263,133
CELE_F20A1.12|F20A1.12,0,0
CELE_F20A1.13|F20A1.13,0,0
CELE_F20A1.2|F20A1.2,40,0
CELE_F20A1.8|F20A1.8,6,0
CELE_F20A1.9|tofu-2,3405,3155
CELE_F20A1.1|spig-1,2007,1802
CELE_F20A1.10|txt-17,655,714
CELE_Y57E12AL.5|mdt-6,3030,3210
CELE_Y57E12AL.6|Y57E12AL.6,4089,3592
CELE_Y57E12AL.1|Y57E12AL.1,8277,8661
CELE_Y57E12AM.1|tmem-258,3644,3306
CELE_Y57E12AR.1|Y57E12AR.1,152,120
CELE_VC5.7|21ur-13369,0,0
CELE_VC5.2|VC5.2,901,1170
CELE_VC5.6|nhr-286,156,125
CELE_VC5.5|nhr-135,333,224
CELE_T01C4.2|odr-2,110,83
CELE_T01C4.8|T01C4.8,0,0
CELE_T01C4.1|lmd-5,64,0
CELE_F10D2.4|str-112,0,16
CELE_F10D2.8|F10D2.8,55,83
CELE_F10D2.14|21ur-12685,0,0
CELE_F10D2.15|F10D2.15,0,0
CELE_F10D2.13|F10D2.13,0,0
CELE_F10D2.5|ugt-40,84,114
CELE_F10D2.6|ugt-37,75,40
CELE_F10D2.7|ugt-38,52,63
CELE_F27B10.1|nssp-53,114,74
CELE_VC5.3|npa-1,19971,19221
CELE_VC5.4|mys-1,3698,3679
CELE_F10D2.9|fat-7,2454,1817
CELE_F10D2.10|F10D2.10,515,331
CELE_F10D2.2|ugt-39,527,526
CELE_F09G2.6|ugt-36,63,82
CELE_F10D2.11|ugt-41,529,634
CELE_F09G2.11|F09G2.11,0,0
CELE_F09G2.5|lgc-39,169,125
CELE_F09G2.4|cpsf-2,4834,4688
CELE_F09G2.3|pitr-5,33,0
CELE_F09G2.8|F09G2.8,5457,5143
CELE_F09G2.9|attf-2,14343,15868
CELE_F09G2.2|F09G2.2,5699,5495
CELE_F09G2.1|F09G2.1,961,814
CELE_C13F10.4|soap-1,7311,7686
CELE_C13F10.5|C13F10.5,1379,1322
CELE_C13F10.6|C13F10.6,3624,3419
CELE_C13F10.2|kxd-1,668,508
CELE_C13F10.7|C13F10.7,2348,2225
CELE_C13F10.1|C13F10.1,45,48
CELE_C05C8.3|fkb-3,1631,1025
CELE_C05C8.4|gei-6,5450,4774
CELE_C05C8.2|krr-1,2859,2722
CELE_C05C8.5|C05C8.5,1466,1400
CELE_C05C8.6|hpo-9,5398,5416
CELE_C05C8.1|C05C8.1,1312,1296
CELE_C05C8.9|hyls-1,1734,1678
CELE_C13A2.12|C13A2.12,95,46
CELE_C05C8.7|C05C8.7,1970,1531
CELE_C13A2.9|C13A2.9,18,0
CELE_C13A2.7|C13A2.7,0,0
CELE_C13A2.3|C13A2.3,20,0
CELE_C13A2.1|gtnt-4,0,0
CELE_F07G11.1|F07G11.1,15,0
CELE_F10G2.6|srx-92,0,0
CELE_F07G11.10|F07G11.10,0,0
CELE_F10G2.4|F10G2.4,120,92
CELE_F10G2.3|clec-7,685,792
CELE_F10G2.7|F10G2.7,0,0
CELE_F10G2.9|nhr-263,33,0
CELE_C03G6.9|srh-244,0,0
CELE_C03G6.10|nhr-148,17,26
CELE_F10G2.1|F10G2.1,1621,1442
CELE_C03G6.6|C03G6.6,0,0
CELE_C03G6.12|nhr-149,22,0
CELE_C03G6.14|cyp-35A1,58,60
CELE_C03G6.5|exc-13,167,128
CELE_C03G6.3|srj-14,115,157
CELE_C03G6.17|C03G6.17,304,256
CELE_C03G6.18|srp-5,35,30
CELE_C03G6.19|srp-6,738,711
CELE_C03G6.15|cyp-35A2,10543,10775
CELE_C02H6.2|fbxa-105,383,286
CELE_R13D7.7|gst-41,101,197
CELE_R13D7.11|cnc-9,6,0
CELE_R13D7.4|srx-60,0,0
CELE_F18E3.11|F18E3.11,40,33
CELE_R13D7.2|R13D7.2,368,213
CELE_F18E3.12|F18E3.12,11,0
CELE_F18E3.13|F18E3.13,65,57
CELE_F18E3.6|srw-71,0,0
CELE_F25E5.16|F25E5.16,31,27
CELE_F25E5.6|nhr-141,58,67
CELE_F25E5.9|F25E5.9,0,6
CELE_F18E3.7|ddo-2,224,333
CELE_F25E5.8|F25E5.8,932,1020
CELE_F25E5.5|F25E5.5,393,339
CELE_F25E5.4|try-12,174,133
CELE_F25E5.2|F25E5.2,70,46
CELE_C18B10.8|srh-125,0,0
CELE_C18B10.6|C18B10.6,29,0
CELE_C18B10.3|srbc-9,0,0
CELE_C54F6.10|str-31,0,0
CELE_C54F6.8|nhr-171,69,59
CELE_C54F6.11|srb-19,0,0
CELE_C54F6.15|C54F6.15,7,0
CELE_F25E5.1|F25E5.1,2182,2025
CELE_C54F6.20|C54F6.20,20,5
CELE_C54F6.18|C54F6.18,35,48
CELE_C54F6.5|C54F6.5,284,505
CELE_C54F6.3|C54F6.3,30,0
CELE_C54F6.1|srh-268,0,0
CELE_C54F6.13|nhx-3,331,205
CELE_C54F6.14|ftn-1,425,218
CELE_F19F10.3|F19F10.3,150,112
CELE_F19F10.4|ttr-10,203,128
CELE_F19F10.5|ets-7,187,148
CELE_F19F10.1|F19F10.1,93,88
CELE_F19F10.14|F19F10.14,0,0
CELE_F19F10.7|clec-212,0,0
CELE_F19F10.13|F19F10.13,20,13
CELE_F19F10.9|snu-66,8047,7836
CELE_F19F10.12|ints-9,2707,2842
CELE_F19F10.10|ets-6,3077,2881
CELE_F19F10.11|F19F10.11,3628,3403
CELE_C50E3.5|C50E3.5,2954,3058
CELE_C50E3.6|C50E3.6,101,83
CELE_C50E3.3|clec-213,0,0
CELE_C50E3.11|C50E3.11,1285,1251
CELE_C50E3.12|C50E3.12,979,983
CELE_C50E3.13|C50E3.13,1614,1550
CELE_F07C4.6|F07C4.6,63,15
CELE_F07C4.7|grsp-4,922,856
CELE_F07C4.2|clec-45,57,58
CELE_F07C4.11|F07C4.11,0,0
CELE_F07C4.17|F07C4.17,0,0
CELE_C12D5.5|nssp-54,14,12
CELE_C12D5.4|C12D5.4,16,0
CELE_C12D5.3|nssp-55,47,39
CELE_C12D5.7|cyp-33A1,955,1009
CELE_C12D5.10|C12D5.10,17,23
CELE_ZK105.3|ZK105.3,0,0
CELE_ZK105.4|srsx-40,13,0
CELE_C12D5.2|nhr-152,84,41
CELE_C12D5.8|nhr-94,119,92
CELE_C12D5.9|C12D5.9,183,193
CELE_ZK105.13|ZK105.13,17,22
CELE_ZK105.8|ZK105.8,0,0
CELE_ZK105.10|21ur-14055,0,0
CELE_ZK105.1|ZK105.1,3503,3092
CELE_T05B11.10|T05B11.10,0,0
CELE_T05B11.12|T05B11.12,0,0
CELE_T05B11.13|T05B11.13,0,0
CELE_T05B11.8|21ur-10977,0,0
CELE_T05B11.1|fbxl-5,785,730
CELE_T05B11.4|gtnt-40,399,359
CELE_Y97E10C.2|Y97E10C.2,0,0
CELE_Y97E10C.T1|Y97E10C.t1,0,0
CELE_T05B11.7|T05B11.7,63,40
CELE_T05B11.9|T05B11.9,0,0
CELE_Y97E10C.1|Y97E10C.1,1429,986
CELE_T05B11.3|clic-1,6193,5532
CELE_C26F1.6|frpr-3,21,0
CELE_C26F1.7|hint-3,1069,923
CELE_C26F1.5|grl-10,240,159
CELE_C26F1.9|rpl-39,18438,16427
CELE_C26F1.1|C26F1.1,264,197
CELE_C26F1.10|flp-21,147,128
CELE_ZK742.7|nssp-56,49,79
CELE_ZK742.2|uvs-1,1837,1686
CELE_C26F1.14|C26F1.14,0,0
CELE_C26F1.12|21ur-10679,0,0
CELE_C26F1.4|fau-1,25535,20929
CELE_C26F1.3|C26F1.3,1819,1780
CELE_C26F1.2|cyp-32A1,345,490
CELE_ZK742.5|lbp-4,1546,1573
CELE_ZK742.1|xpo-1,25042,25349
CELE_ZK742.3|ZK742.3,199,127
CELE_ZK742.4|ZK742.4,287,219
CELE_ZK742.6|ZK742.6,40,38
CELE_C37C3.6|mig-6,13877,12503
CELE_C37C3.7|txt-5,166,100
CELE_C37C3.13|ttr-33,255,307
CELE_C37C3.12|C37C3.12,65,65
CELE_C37C3.8|memo-1,1876,2228
CELE_C37C3.10|C37C3.10,0,0
CELE_C37C3.11|C37C3.11,16,0
CELE_F40A3.5|nipi-4,130,166
CELE_F40A3.4|F40A3.4,33,34
CELE_C37C3.9|C37C3.9,6990,6508
CELE_C37C3.16|C37C3.16,4,0
CELE_C37C3.18|C37C3.18,2974,2396
CELE_C37C3.2|C37C3.2,10844,9770
CELE_C37C3.1|C37C3.1,2343,2306
CELE_F40A3.3|F40A3.3,4853,4295
CELE_F40A3.2|F40A3.2,738,591
CELE_Y97E10B.6|srx-11,0,0
CELE_Y97E10B.11|21ur-14789,0,0
CELE_Y97E10B.10|srt-53,0,0
CELE_Y97E10B.2|srsx-5,0,0
CELE_Y97E10B.14|Y97E10B.14,0,0
CELE_Y97E10B.13|Y97E10B.13,0,0
CELE_Y97E10B.7|ncx-10,64,30
CELE_F40A3.8|21ur-15049,0,0
CELE_F40A3.1|F40A3.1,553,539
CELE_F40A3.6|F40A3.6,589,393
CELE_F40A3.7|F40A3.7,93,95
CELE_F26D11.13|F26D11.13,0,0
CELE_F26D11.9|clec-217,0,0
CELE_F26D11.12|F26D11.12,109,78
CELE_F26D11.6|pals-34,75,97
CELE_F26D11.10|che-7,69,40
CELE_F26D11.17|F26D11.17,0,0
CELE_F26D11.18|F26D11.18,0,0
CELE_F26D11.19|F26D11.19,0,0
CELE_F26D11.16|F26D11.16,0,2
CELE_F26D11.11|let-413,3276,2957
CELE_Y97E10AM.1|ceh-76,18,11
CELE_Y97E10AR.2|Y97E10AR.2,166,75
CELE_Y97E10AR.1|Y97E10AR.1,454,361
CELE_Y97E10AL.4|Y97E10AL.4,0,0
CELE_F26D11.1|F26D11.1,566,548
CELE_F26D11.20|F26D11.20,11,33
CELE_Y97E10AL.3|natb-1,2134,1830
CELE_Y97E10AL.2|abhd-12,6590,6680
CELE_Y97E10AR.3|Y97E10AR.3,1789,1769
CELE_Y97E10AR.4|Y97E10AR.4,2609,2535
CELE_F43H9.2|sptl-2,1289,651
CELE_Y97E10AR.7|lmtr-2,1520,1500
CELE_Y97E10AR.5|rpb-9,1710,1605
CELE_Y97E10AR.6|Y97E10AR.6,4730,4860
CELE_F43H9.1|ech-3,518,480
CELE_F43H9.3|F43H9.3,1082,936
CELE_F43H9.5|F43H9.5,0,0
CELE_F43H9.4|F43H9.4,801,798
CELE_ZC513.12|sth-1,82,47
CELE_ZC513.16|ZC513.16,0,0
CELE_ZC513.8|col-43,893,223
CELE_ZC513.2|ZC513.2,48,36
CELE_ZC513.11|str-138,0,0
CELE_ZC513.9|str-139,0,0
CELE_C09H5.9|str-130,0,0
CELE_F58G4.7|str-145,0,0
CELE_C09H5.2|catp-3,824,516
CELE_D1014.7|gtnt-18,0,0
CELE_F58G4.1|myo-5,1519,1541
CELE_ZC513.14|ZC513.14,0,0
CELE_ZC513.6|oma-2,23606,21340
CELE_ZC513.4|vars-1,2383,2470
CELE_ZC513.5|algn-12,4007,3881
CELE_ZC513.7|ZC513.7,6694,6964
CELE_D1014.5|gtnt-16,195,71
CELE_D1014.8|spr-1,2685,2933
CELE_D1014.13|D1014.13,0,16
CELE_D1014.2|D1014.2,131,150
CELE_D1014.1|sul-2,121,129
CELE_F20D6.6|F20D6.6,42,24
CELE_F20D6.5|F20D6.5,127,160
CELE_F20D6.8|F20D6.8,129,99
CELE_D1014.3|snap-1,5792,5864
CELE_D1014.4|D1014.4,1305,1239
CELE_F20D6.3|srp-8,66,95
CELE_F20D6.10|F20D6.10,153,177
CELE_F20D6.4|srp-7,8528,7273
CELE_F20D6.14|21ur-14829,0,0
CELE_F20D6.11|F20D6.11,2155,1199
CELE_K07C11.5|cri-2,550,584
CELE_K07C11.13|K07C11.13,0,0
CELE_K07C11.4|cest-17,1522,1675
CELE_K07C11.14|K07C11.14,0,0
CELE_K07C11.8|K07C11.8,264,115
CELE_K07C11.3|timp-1,654,597
CELE_K07C11.7|K07C11.7,6575,4676
CELE_K07C11.1|pax-1,39,48
CELE_K07C11.10|K07C11.10,18,21
CELE_C16D9.11|C16D9.11,0,0
CELE_C16D9.14|C16D9.14,0,0
CELE_C16D9.T3|C16D9.t3,0,0
CELE_C16D9.12|C16D9.12,0,0
CELE_C16D9.T2|C16D9.t2,0,0
CELE_C16D9.2|rol-3,354,295
CELE_C16D9.5|C16D9.5,32,31
CELE_C16D9.4|C16D9.4,363,222
CELE_C16D9.7|srt-25,0,0
CELE_C16D9.6|C16D9.6,164,159
CELE_C16D9.9|C16D9.9,12,25
CELE_C16D9.8|C16D9.8,0,0
CELE_C16D9.1|pana-1,53,26
CELE_K07C11.9|cogc-6,3329,3199
CELE_K07C11.2|air-1,9831,9146
CELE_K07C11.12|K07C11.12,3,0
CELE_T23B12.14|T23B12.14,8,4
CELE_ZK994.11|ZK994.11,0,0
CELE_ZK994.T1|ZK994.t1,0,0
CELE_ZK994.9|ZK994.9,0,0
CELE_ZK994.T3|ZK994.t3,0,0
CELE_ZK994.10|ZK994.10,0,0
CELE_ZK994.T2|ZK994.t2,0,0
CELE_ZK994.3|pxn-1,832,548
CELE_ZK994.7|ZK994.7,2,0
CELE_ZK994.6|ZK994.6,32,29
CELE_T23B12.4|natc-1,6527,6570
CELE_T23B12.3|mrps-2,2235,2037
CELE_T23B12.2|mrpl-4,1503,1487
CELE_T23B12.1|phf-30,1749,1469
CELE_T23B12.8|gplb-1,151,77
CELE_F45F2.15|F45F2.15,0,0
CELE_F45F2.14|F45F2.14,0,0
CELE_F45F2.12|his-8,16,7
CELE_F45F2.4|his-7,35,18
CELE_F45F2.13|his-6,30,18
CELE_F45F2.3|his-5,16,30
CELE_F45F2.1|otpl-4,0,0
CELE_F25G6.15|F25G6.15,0,0
CELE_F25G6.18|F25G6.18,0,0
CELE_F25G6.21|F25G6.21,0,0
CELE_F25G6.13|F25G6.13,0,0
CELE_F25G6.7|slc-17.8,28,0
CELE_F25G6.5|stdh-4,0,0
CELE_F25G6.14|F25G6.14,0,0
CELE_F25G6.6|asns-1,177,42
CELE_F25G6.17|F25G6.17,0,0
CELE_F25G6.4|acr-15,118,84
CELE_F25G6.19|F25G6.19,3,0
CELE_ZK994.1|ZK994.1,0,0
CELE_ZK994.8|21ur-10609,0,0
CELE_F45F2.16|F45F2.16,0,0
CELE_F45F2.9|F45F2.9,1458,1385
CELE_F45F2.10|F45F2.10,8971,9055
CELE_F45F2.11|F45F2.11,5082,4757
CELE_F25G6.3|acr-16,128,93
CELE_F25G6.8|F25G6.8,2927,2752
CELE_F25G6.9|F25G6.9,7377,7183
CELE_F25G6.10|mir-357,0,0
CELE_F25G6.11|mir-358,0,0
CELE_F25G6.2|symk-1,3647,3641
CELE_F25G6.1|F25G6.1,603,576
CELE_C10B5.1|C10B5.1,632,608
CELE_C10B5.3|C10B5.3,932,828
CELE_F41E6.8|F41E6.8,18,0
CELE_F41E6.15|F41E6.15,350,294
CELE_F41E6.6|tag-196,6430,6475
CELE_F41E6.7|F41E6.7,34,14
CELE_F21F8.5|F21F8.5,0,0
CELE_F21F8.8|str-137,0,0
CELE_F21F8.9|str-136,0,0
CELE_F21F8.1|srg-33,0,0
CELE_W02D7.13|21ur-15011,0,0
CELE_W02D7.12|W02D7.12,0,0
CELE_W02D7.1|W02D7.1,0,0
CELE_C08D8.4|C08D8.4,0,0
CELE_C08D8.5|C08D8.5,0,0
CELE_C08D8.6|C08D8.6,0,0
CELE_C08D8.3|C08D8.3,0,0
CELE_F38E1.8|srsx-22,0,0
CELE_F38E1.12|srsx-23,0,0
CELE_F38E1.6|F38E1.6,0,0
CELE_F38E1.10|F38E1.10,0,0
CELE_F52E1.4|gcy-7,0,0
CELE_F52E1.3|F52E1.3,0,0
CELE_F52E1.15|F52E1.15,0,0
CELE_F52E1.16|F52E1.16,0,0
CELE_K11D5.1|K11D5.1,0,0
CELE_T23B12.5|T23B12.5,0,15
CELE_T23B12.12|T23B12.12,0,0
CELE_F21F8.7|asp-6,215913,182315
CELE_F21F8.4|asp-12,4565,2819
CELE_F21F8.3|asp-5,72486,50150
CELE_F21F8.2|asp-11,18,22
CELE_F21F8.10|str-135,17,0
CELE_F21F8.11|slc-17.5,332,301
CELE_W02D7.3|smex-1,39,29
CELE_W02D7.4|W02D7.4,359,389
CELE_W02D7.5|W02D7.5,419,468
CELE_W02D7.6|W02D7.6,1688,1587
CELE_W02D7.7|sel-9,5785,5169
CELE_W02D7.11|W02D7.11,22,252
CELE_W02D7.8|W02D7.8,56,53
CELE_W02D7.2|clec-218,125,409
CELE_W02D7.10|clec-219,12,0
CELE_C08D8.2|tmd-2,572,463
CELE_C08D8.7|C08D8.7,41,36
CELE_C08D8.1|C08D8.1,168,152
CELE_F38E1.7|mom-2,5757,5509
CELE_F38E1.9|mpdu-1,2437,2247
CELE_F38E1.5|gpa-2,52,38
CELE_F38E1.3|F38E1.3,16,0
CELE_F52E1.5|F52E1.5,198,113
CELE_F52E1.14|F52E1.14,9729,5943
CELE_F52E1.7|hsp-17,2990,1585
CELE_F52E1.8|pho-6,89,177
CELE_F52E1.9|bus-6,358,343
CELE_F52E1.2|F52E1.2,183,210
CELE_F52E1.10|vha-18,3648,3508
CELE_F52E1.1|pos-1,39145,35598
CELE_F52E1.13|lmd-3,15026,16658
CELE_F52E1.17|F52E1.17,2,5
CELE_K11D5.2|K11D5.2,4,0
CELE_T23B12.11|nssp-57,251,213
CELE_T23B12.6|T23B12.6,4051,3950
CELE_T23B12.7|dnj-22,3155,3018
CELE_F41E6.5|F41E6.5,339,367
CELE_F41E6.9|vps-60,5054,4123
CELE_F41E6.2|grd-5,2049,1125
CELE_F41E6.11|idpc-2,168,32
CELE_F41E6.10|fip-4,0,0
CELE_F41E6.4|smk-1,14376,14886
CELE_F28A12.10|F28A12.10,0,0
CELE_F28A12.2|grl-12,16,0
CELE_F41E6.14|oac-29,69,0
CELE_F41E6.17|nssp-58,15,0
CELE_F41E6.12|F41E6.12,289,125
CELE_F41E6.13|atg-18,10417,9903
CELE_F28A12.3|nssp-59,24,20
CELE_F28A12.4|asp-13,2306,2329
CELE_ZC190.5|ZC190.5,0,0
CELE_ZC190.16|ZC190.16,0,0
CELE_ZC190.11|ZC190.11,0,0
CELE_ZC190.12|ZC190.12,0,0
CELE_ZC190.4|ZC190.4,1105,924
CELE_ZC190.8|ZC190.8,13,0
CELE_ZC190.10|ZC190.10,0,0
CELE_ZC190.1|cln-3.3,526,271
CELE_ZC190.7|ZC190.7,18,0
CELE_ZC196.10|21ur-15085,0,0
CELE_ZC196.7|glr-5,144,92
CELE_ZC196.8|ZC196.8,0,0
CELE_ZC196.9|ZC196.9,0,0
CELE_ZC196.6|droe-8,0,0
CELE_ZC196.4|ZC196.4,44,45
CELE_ZC196.5|ZC196.5,350,320
CELE_ZC196.3|ZC196.3,0,0
CELE_ZC196.2|ZC196.2,33,0
CELE_B0507.12|21ur-14767,0,0
CELE_B0507.10|ddn-1,25,64
CELE_B0507.8|B0507.8,25,36
CELE_B0507.13|B0507.13,0,0
CELE_B0507.16|linc-69,7,6
CELE_B0507.3|B0507.3,234,229
CELE_B0507.2|B0507.2,993,887
CELE_B0507.1|B0507.1,341,188
CELE_C01B7.1|sup-37,3013,3010
CELE_C01B7.9|C01B7.9,0,0
CELE_C01B7.10|C01B7.10,0,0
CELE_C01B7.4|magu-2,838,454
CELE_K06C4.5|his-17,13,0
CELE_K06C4.10|his-18,13,15
CELE_K06C4.17|frpr-13,92,70
CELE_K06C4.9|frpr-12,23,0
CELE_K06C4.8|frpr-11,130,180
CELE_K06C4.6|mod-1,57,70
CELE_K06C4.20|K06C4.20,0,0
CELE_C01B7.11|C01B7.11,0,0
CELE_C01B7.16|C01B7.16,0,0
CELE_C01B7.13|C01B7.13,0,0
CELE_W09B7.3|W09B7.3,0,0
CELE_F07B7.8|F07B7.8,0,0
CELE_F07B7.16|F07B7.16,0,0
CELE_F07B7.14|F07B7.14,0,0
CELE_K06C4.1|K06C4.1,0,0
CELE_K06C4.24|K06C4.24,0,0
CELE_C01B7.6|rpm-1,1415,1385
CELE_C01B7.7|C01B7.7,10,0
CELE_W09B7.2|W09B7.2,84,66
CELE_W09B7.1|W09B7.1,14,0
CELE_F07B7.9|his-50,11,5
CELE_F07B7.5|his-49,17,11
CELE_F07B7.10|his-51,25,22
CELE_F07B7.4|his-52,16,17
CELE_F07B7.11|his-54,20,15
CELE_F07B7.3|his-53,30,28
CELE_F07B7.12|rpms-1,472,589
CELE_F07B7.13|F07B7.13,9,0
CELE_F07B7.2|F07B7.2,81,66
CELE_F07B7.1|F07B7.1,14,0
CELE_K06C4.2|his-28,11,7
CELE_K06C4.13|his-27,16,11
CELE_K06C4.3|his-21,27,22
CELE_K06C4.12|his-22,17,16
CELE_K06C4.4|his-20,15,16
CELE_K06C4.11|his-19,29,30
CELE_H14N18.4|H14N18.4,554,480
CELE_H14N18.5|H14N18.5,0,0
CELE_H14N18.8|H14N18.8,0,0
CELE_H14N18.3|ttr-47,2770,2399
CELE_H14N18.6|H14N18.6,0,0
CELE_T19A5.10|T19A5.10,0,0
CELE_H14N18.1|unc-23,1887,1195
CELE_T19A5.3|T19A5.3,775,436
CELE_F59E11.10|nhr-195,118,75
CELE_F59E11.8|nhr-194,58,96
CELE_F59E11.7|F59E11.7,51,91
CELE_F59E11.11|nhr-143,339,311
CELE_F59E11.12|nhr-144,238,265
CELE_F59E11.5|F59E11.5,395,339
CELE_R03H4.2|srx-2,0,0
CELE_F59E11.3|sri-23,21,20
CELE_F59E11.2|F59E11.2,46,62
CELE_R03H4.1|oac-40,0,0
CELE_R03H4.5|oac-41,0,0
CELE_C25E10.5|C25E10.5,260,162
CELE_C25E10.4|C25E10.4,72,58
CELE_C25E10.15|C25E10.15,0,0
CELE_C25E10.17|C25E10.17,9,0
CELE_C25E10.3|srsx-34,423,300
CELE_C25E10.7|spi-3,46,28
CELE_T19A5.13|T19A5.13,0,0
CELE_T19A5.8|T19A5.8,0,5
CELE_T19A5.12|T19A5.12,0,0
CELE_T19A5.2|gck-1,4896,5128
CELE_T19A5.11|T19A5.11,18,5
CELE_T19A5.1|ttc-17,8754,8580
CELE_T19A5.4|nhr-44,206,200
CELE_C25E10.8|C25E10.8,412,301
CELE_C25E10.9|swm-1,634,621
CELE_C25E10.10|C25E10.10,314,286
CELE_C25E10.16|C25E10.16,0,0
CELE_C25E10.13|C25E10.13,11,17
CELE_C25E10.12|C25E10.12,475,447
CELE_T27E4.6|oac-50,0,0
CELE_T27E4.20|T27E4.20,0,0
CELE_T27E4.18|T27E4.18,0,0
CELE_T27E4.4|fip-2,1407,1299
CELE_T27E4.5|T27E4.5,28,0
CELE_T27E4.14|T27E4.14,0,0
CELE_T27E4.7|T27E4.7,410,482
CELE_T27E4.8|hsp-16.1,986,614
CELE_T27E4.3|hsp-16.48,994,318
CELE_T27E4.15|T27E4.15,0,0
CELE_T27E4.1|T27E4.1,55,61
CELE_T27E4.9|hsp-16.49,1007,1005
CELE_T27E4.2|hsp-16.11,1012,639
CELE_F21C10.18|F21C10.18,36,29
CELE_F21C10.10|F21C10.10,1810,1490
CELE_F21C10.9|F21C10.9,90,39
CELE_F21C10.12|frpr-6,19,37
CELE_F21C10.8|pqn-31,765,576
CELE_F21C10.4|F21C10.4,44,67
CELE_F21C10.17|F21C10.17,0,0
CELE_F21C10.3|F21C10.3,101,117
CELE_F21C10.19|F21C10.19,12,22
CELE_B0222.2|pitr-2,0,0
CELE_B0222.1|B0222.1,56,37
CELE_F21C10.7|F21C10.7,2140,1389
CELE_F21C10.13|F21C10.13,39,60
CELE_F21C10.11|F21C10.11,546,405
CELE_B0222.3|pitr-3,424,355
CELE_B0222.4|spl-2,261,210
CELE_B0222.15|B0222.15,0,8
CELE_B0222.14|B0222.14,0,0
CELE_B0222.5|B0222.5,551,516
CELE_C24B5.9|C24B5.9,0,0
CELE_B0222.11|B0222.11,21,27
CELE_C24B5.5|pqn-16,0,0
CELE_B0222.9|gad-3,1604,2819
CELE_B0222.6|col-144,5763,2010
CELE_B0222.7|col-145,1996,586
CELE_B0222.8|col-10,5335,1783
CELE_C24B5.1|sphr-1,71,68
CELE_C24B5.4|C24B5.4,363,335
CELE_C24B5.8|C24B5.8,0,0
CELE_C24B5.2|spas-1,4937,5055
CELE_C24B5.3|ptr-1,437,328
CELE_T18H9.5|inx-10,413,301
CELE_T18H9.2|asp-2,22648,18652
CELE_T18H9.1|grd-6,377,127
CELE_F07C3.2|nssp-60,168,97
CELE_F07C3.3|F07C3.3,36,0
CELE_T18H9.6|mdt-27,3081,3066
CELE_T18H9.7|pacs-1,5131,5169
CELE_F07C3.7|aat-2,327,249
CELE_F07C3.9|F07C3.9,121,249
CELE_F07C3.12|F07C3.12,0,0
CELE_F07C3.4|glo-4,2493,2708
CELE_F07C3.10|nhr-36,131,115
CELE_ZK682.4|hlh-10,0,0
CELE_ZK682.2|slc-17.7,1286,1429
CELE_ZK682.7|ZK682.7,26,43
CELE_ZK682.12|ZK682.12,0,0
CELE_ZK682.5|lron-2,223,146
CELE_F44A2.4|nhr-39,0,0
CELE_F44A2.5|F44A2.5,556,540
CELE_F44A2.2|kvs-3,39,0
CELE_F44A2.3|F44A2.3,765,694
CELE_K07B1.7|K07B1.7,1763,1707
CELE_K07B1.1|try-5,28,31
CELE_E02C12.6|E02C12.6,29,25
CELE_E02C12.5|gpa-3,55,46
CELE_E02C12.4|ttr-40,124,103
CELE_E02C12.13|ttr-49,440,610
CELE_E02C12.11|E02C12.11,0,0
CELE_E02C12.17|E02C12.17,0,0
CELE_E02C12.12|E02C12.12,13,13
CELE_E02C12.8|E02C12.8,382,249
CELE_F44A2.7|F44A2.7,40,0
CELE_F44A2.1|ntl-2.2,11294,11025
CELE_K07B1.5|acl-14,4452,4539
CELE_K07B1.4|K07B1.4,1707,1519
CELE_K07B1.3|ucp-4,846,789
CELE_K07B1.2|coq-6,1334,1413
CELE_K07B1.6|tos-1,22139,28506
CELE_F36D4.4|F36D4.4,0,0
CELE_F36D4.10|F36D4.10,0,0
CELE_F36D4.T2|F36D4.t2,0,0
CELE_F36D4.12|F36D4.12,0,0
CELE_F36D4.T1|F36D4.t1,0,0
CELE_F36D4.8|21ur-15485,0,0
CELE_F36D4.2|trpp-4,1051,1076
CELE_F36D4.3|hum-2,9710,8729
CELE_F36D4.6|F36D4.6,0,0
CELE_F36D4.9|F36D4.9,0,0
CELE_F36D4.11|F36D4.11,0,0
CELE_F36D4.1|F36D4.1,11,0
CELE_F36D4.5|F36D4.5,6914,6673
CELE_K06A4.14|K06A4.14,0,0
CELE_K06A4.11|K06A4.11,2,0
CELE_F07D3.2|flp-6,617,682
CELE_K06A4.2|K06A4.2,32,28
CELE_Y54B9A.1|Y54B9A.1,0,0
CELE_H24G06.2|H24G06.2,0,0
CELE_H24G06.3|H24G06.3,0,0
CELE_H24G06.5|H24G06.5,0,0
CELE_H24G06.4|H24G06.4,0,0
CELE_H24G06.1|wdr-62,3106,2856
CELE_F07D3.3|F07D3.3,16,0
CELE_K06A4.7|K06A4.7,7511,4659
CELE_K06A4.15|K06A4.15,15,18
CELE_K06A4.13|K06A4.13,0,0
CELE_K06A4.T1|K06A4.t1,0,0
CELE_K06A4.4|swt-5,67,14
CELE_K06A4.3|gsnl-1,1223,884
CELE_K06A4.5|haao-1,597,341
CELE_F11A3.4|F11A3.4,0,0
CELE_F11A3.1|acs-14,3891,3078
CELE_C50F4.9|C50F4.9,247,139
CELE_F11A3.2|eif-2Bdelta,4284,4053
CELE_C50F4.8|C50F4.8,1152,1391
CELE_C50F4.10|C50F4.10,30,0
CELE_C50F4.2|pfk-1.2,76,0
CELE_C50F4.1|C50F4.1,4200,3524
CELE_C50F4.4|C50F4.4,488,486
CELE_C50F4.12|C50F4.12,1761,1719
CELE_C50F4.16|C50F4.16,2463,2394
CELE_C50F4.11|mdf-1,6060,5441
CELE_C50F4.13|his-35,1732,1406
CELE_C50F4.5|his-41,1756,1199
CELE_C50F4.6|C50F4.6,1287,969
CELE_C50F4.7|his-37,2397,1909
CELE_C50F4.14|nstp-10,3367,2846
CELE_F25B3.5|F25B3.5,55,88
CELE_F25B3.4|F25B3.4,48,26
CELE_F25B3.7|21ur-12258,0,0
CELE_F25B3.1|ehbp-1,5643,5644
CELE_F25B3.3|rgef-1,152,113
CELE_F25B3.2|F25B3.2,0,0
CELE_F25B3.6|rtfo-1,10300,9664
CELE_K09G1.2|K09G1.2,17,0
CELE_T06E4.11|pqn-63,87,49
CELE_T06E4.10|idpc-7,46,22
CELE_K09G1.4|dop-2,102,118
CELE_K09G1.5|K09G1.5,0,0
CELE_T06E4.9|idpc-6,64,28
CELE_T06E4.8|idpc-5,55,13
CELE_K09G1.1|K09G1.1,2842,2239
CELE_T06E4.14|idpc-4,132,39
CELE_T06E4.18|T06E4.18,0,0
CELE_T06E4.12|idpc-3,110,16
CELE_T06E4.6|col-146,1052,323
CELE_T06E4.5|T06E4.5,0,0
CELE_T06E4.4|col-147,2263,616
CELE_T06E4.3|atl-1,4830,4787
CELE_B0331.2|pitr-4,40,0
CELE_T06E4.16|T06E4.16,0,0
CELE_B0331.1|cyp-29A4,75,50
CELE_ZK287.13|ZK287.13,0,0
CELE_ZK287.1|ZK287.1,600,421
CELE_ZK287.2|sulp-8,390,430
CELE_T06E4.1|hcp-2,9617,9298
CELE_ZK287.4|ZK287.4,203,139
CELE_ZK287.15|ZK287.15,0,0
CELE_ZK287.14|ZK287.14,0,0
CELE_ZK287.3|ctdh-1,448,469
CELE_ZK287.9|ZK287.9,415,149
CELE_ZK287.8|her-1,44,0
CELE_ZK287.7|ZK287.7,1170,1376
CELE_ZK287.5|rbx-1,5716,5459
CELE_ZK287.6|ztf-9,799,609
CELE_ZK287.11|ZK287.11,1,0
CELE_F40F9.10|F40F9.10,61,39
CELE_F40F9.12|21ur-14353,0,0
CELE_F40F9.3|F40F9.3,86,26
CELE_F40F9.1|xbx-6,4495,4096
CELE_F40F9.2|tag-120,1161,1039
CELE_F40F9.11|F40F9.11,0,0
CELE_F40F9.5|slcr-46.3,1124,999
CELE_F58E6.12|marc-1,0,0
CELE_F40F9.9|aqp-4,1140,485
CELE_F58E6.1|sta-2,384,420
CELE_F58E6.4|F58E6.4,11,8
CELE_F58E6.6|F58E6.6,0,0
CELE_F58E6.13|F58E6.13,300,105
CELE_F58E6.5|F58E6.5,186,83
CELE_F58E6.7|hrg-3,52,27
CELE_F58E6.11|F58E6.11,53,56
CELE_F46B6.16|F46B6.16,0,0
CELE_F46B6.18|F46B6.18,0,0
CELE_F58E6.10|unc-42,119,98
CELE_F40F9.6|aagr-3,15282,14652
CELE_F40F9.7|drap-1,5509,4727
CELE_F40F9.14|F40F9.14,4,0
CELE_F46B6.9|F46B6.9,35,32
CELE_F46B6.13|F46B6.13,4,0
CELE_F46B6.10|F46B6.10,0,0
CELE_C50C10.5|sru-32,0,0
CELE_R07B5.2|R07B5.2,0,0
CELE_R07B5.3|sru-40,27,8
CELE_F46B6.8|lipl-2,4319,11680
CELE_T11A5.7|srab-26,0,0
CELE_T11A5.5|sdz-31,60,61
CELE_T11A5.6|clp-9,125,160
CELE_R07B5.9|lsy-12,4326,4178
CELE_R07B5.11|R07B5.11,0,1
CELE_R07B5.10|R07B5.10,0,0
CELE_T11A5.8|T11A5.8,0,0
CELE_F46B6.6|F46B6.6,3071,2845
CELE_F46B6.2|F46B6.2,17,0
CELE_F46B6.12|F46B6.12,2039,1959
CELE_F46B6.3|smg-4,3451,3344
CELE_F46B6.4|F46B6.4,1573,1523
CELE_F46B6.5|F46B6.5,8374,8095
CELE_F46B6.7|ztf-7,28723,30296
CELE_C50H2.14|21ur-12229,0,0
CELE_C50H2.2|egl-47,0,0
CELE_C50H2.15|C50H2.15,0,0
CELE_C50H2.10|fipr-11,11,8
CELE_C50H2.3|mec-9,52,73
CELE_C50H2.12|fipr-10,42,25
CELE_C50H2.1|fshr-1,2142,2109
CELE_C50H2.4|C50H2.4,0,0
CELE_C50H2.13|C50H2.13,196,297
CELE_T07C12.12|rmh-2,1831,1778
CELE_T07C12.15|nlp-58,107,154
CELE_T07C12.14|suds-3,2529,2208
CELE_T07C12.11|madf-4,92,99
CELE_T07C12.7|ttr-46,3591,3563
CELE_T07C12.8|mam-5,70,0
CELE_T07C12.9|anmt-3,1095,1457
CELE_C27H6.10|C27H6.10,0,0
CELE_C27H6.5|C27H6.5,0,0
CELE_C27H6.1|unc-41,358,210
CELE_K08H10.12|21ur-15143,0,0
CELE_K08H10.10|K08H10.10,0,0
CELE_K08H10.4|uda-1,6932,6656
CELE_C27H6.2|ruvb-1,6439,6478
CELE_C27H6.3|tofu-1,2633,2795
CELE_C27H6.9|C27H6.9,1467,1273
CELE_C27H6.4|rmd-2,7419,6875
CELE_C27H6.8|C27H6.8,5518,5480
CELE_K08H10.7|rde-1,4530,4268
CELE_K08H10.9|trpp-6,1204,1165
CELE_T06E8.6|T06E8.6,0,0
CELE_T06E8.4|T06E8.4,0,0
CELE_T06E8.3|T06E8.3,0,0
CELE_F57A8.9|F57A8.9,0,0
CELE_F57A8.1|F57A8.1,1997,2115
CELE_F57A8.8|fipr-13,129,122
CELE_F57A8.7|mfsd-8.4,0,0
CELE_R04B5.3|nhr-205,187,94
CELE_F57A8.3|str-118,0,0
CELE_F57A8.2|yif-1,3280,3101
CELE_R04B5.4|nhr-12,906,616
CELE_R04B5.11|R04B5.11,0,0
CELE_R04B5.6|R04B5.6,30,27
CELE_R04B5.5|R04B5.5,807,755
CELE_R04B5.8|srd-49,0,0
CELE_R04B5.10|R04B5.10,0,0
CELE_R04B5.9|ugt-47,1362,767
CELE_C08B6.2|C08B6.2,0,0
CELE_C08B6.1|ugt-17,292,559
CELE_C08B6.11|C08B6.11,316,258
CELE_C08B6.3|gtnt-1,290,335
CELE_C08B6.17|C08B6.17,0,0
CELE_C08B6.4|cht-5,459,243
CELE_K08H10.14|K08H10.14,0,0
CELE_K08H10.15|K08H10.15,0,0
CELE_K08H10.16|K08H10.16,0,0
CELE_K08H10.1|lea-1,62299,19641
CELE_T06E8.1|acl-2,2604,2308
CELE_C51E3.9|C51E3.9,325,278
CELE_C51E3.10|C51E3.10,1097,704
CELE_C51E3.6|C51E3.6,517,439
CELE_C08B6.10|C08B6.10,283,232
CELE_C08B6.9|aos-1,5409,4753
CELE_C08B6.7|wdr-20,9982,9623
CELE_C08B6.8|C08B6.8,1773,1662
CELE_C51E3.7|egl-3,4405,4633
CELE_ZK856.4|ZK856.4,16,35
CELE_C51E3.13|linc-146,0,0
CELE_ZK856.1|cul-5,4540,4473
CELE_ZK856.6|nssp-61,25,22
CELE_ZK856.18|ZK856.18,15,0
CELE_ZK856.5|ZK856.5,1241,756
CELE_ZK856.7|ZK856.7,2362,1762
CELE_ZK856.8|chpf-1,3202,3119
CELE_ZK856.11|ZK856.11,2208,2109
CELE_ZK856.16|ZK856.16,599,628
CELE_ZK856.10|rpc-25,1163,1148
CELE_ZK856.13|tftc-3,5616,5857
CELE_ZK856.9|zhit-3,2311,2340
CELE_ZK856.17|21ur-13198,0,0
CELE_ZK856.14|ZK856.14,0,0
CELE_C12D8.13|C12D8.13,0,0
CELE_C12D8.18|fipr-5,115,76
CELE_C12D8.19|fipr-9,75,32
CELE_C12D8.14|fipr-4,37,19
CELE_C12D8.20|C12D8.20,0,0
CELE_C12D8.5|daf-36,1063,756
CELE_C12D8.2|C12D8.2,0,0
CELE_C12D8.22|C12D8.22,0,0
CELE_C12D8.16|fipr-7,46,12
CELE_C12D8.17|fipr-6,22,8
CELE_ZK856.12|hpo-40,5056,4682
CELE_C12D8.6|fipr-8,43,12
CELE_C12D8.1|fubl-1,11313,10883
CELE_Y22F5A.2|sri-18,0,0
CELE_Y22F5A.1|nhr-232,206,275
CELE_Y22F5A.12|linc-38,11,0
CELE_Y22F5A.7|21ur-13262,0,0
CELE_Y22F5A.10|Y22F5A.10,0,0
CELE_Y22F5A.3|ric-4,573,475
CELE_C12D8.10|akt-1,11273,11357
CELE_C12D8.11|rop-1,8311,7869
CELE_Y22F5A.4|lys-1,27873,13085
CELE_Y22F5A.6|lys-3,44,29
CELE_B0024.3|B0024.3,53,49
CELE_B0024.15|B0024.15,21,0
CELE_B0024.1|col-149,1172,215
CELE_B0024.2|col-150,298,199
CELE_Y22F5A.5|lys-2,18693,10267
CELE_B0024.6|gcy-6,0,0
CELE_B0024.8|che-12,86,84
CELE_B0024.16|21ur-8896,0,0
CELE_B0024.4|B0024.4,3473,2393
CELE_B0024.14|crim-1,1768,2311
CELE_B0024.18|B0024.18,0,0
CELE_Y22F5B.1|Y22F5B.1,0,0
CELE_B0024.9|trx-2,1426,1224
CELE_B0024.10|asps-1,4442,4122
CELE_B0024.11|B0024.11,3508,3442
CELE_B0024.12|gna-1,180,157
CELE_B0024.13|srdf-3,2078,2253
CELE_K07C5.1|arx-2,5610,5474
CELE_K07C5.2|K07C5.2,1227,1328
CELE_K07C5.9|nssp-62,64,52
CELE_K07C5.13|K07C5.13,56,35
CELE_K07C5.3|K07C5.3,2902,2809
CELE_K07C5.17|K07C5.17,0,0
CELE_K07C5.4|nol-56,11681,12106
CELE_K07C5.12|K07C5.12,6,0
CELE_K07C5.5|ceeh-2,491,622
CELE_K07C5.7|ttll-15,186,64
CELE_K07C5.6|sluh-7,8675,8055
CELE_AC3.16|AC3.16,0,0
CELE_AC3.3|abu-1,223,72
CELE_AC3.2|ugt-49,1497,1289
CELE_AC3.4|pqn-2,175,51
CELE_AC3.10|spe-10,20,0
CELE_K07C5.8|cash-1,16616,15286
CELE_AC3.7|ugt-1,506,607
CELE_F15H10.11|21ur-15033,0,0
CELE_F15H10.8|F15H10.8,60,35
CELE_AC3.8|ugt-2,317,438
CELE_AC3.14|AC3.14,0,0
CELE_AC3.5|AC3.5,2991,2304
CELE_F15H10.3|apc-10,1489,1485
CELE_F15H10.2|col-13,2648,789
CELE_F15H10.1|col-12,3060,918
CELE_F15H10.4|tag-314,41,0
CELE_Y32F6A.4|Y32F6A.4,5197,2468
CELE_F22E12.11|F22E12.11,0,0
CELE_F22E12.7|F22E12.7,0,0
CELE_F22E12.13|F22E12.13,0,0
CELE_F22E12.3|F22E12.3,55,0
CELE_F22E12.2|chw-1,187,130
CELE_Y32F6B.6|Y32F6B.6,0,0
CELE_Y32F6B.4|21ur-15622,0,0
CELE_Y32F6B.8|Y32F6B.8,0,0
CELE_F22E12.4|egl-9,1587,1728
CELE_Y32F6B.5|Y32F6B.5,0,0
CELE_Y32F6B.3|crp-1,331,250
CELE_Y32F6B.1|Y32F6B.1,741,1511
CELE_C35A5.1|aqp-5,15,0
CELE_C35A5.2|ugt-33,886,590
CELE_C35A5.4|C35A5.4,29,0
CELE_C35A5.3|C35A5.3,127,126
CELE_C35A5.10|C35A5.10,38,0
CELE_C35A5.11|C35A5.11,302,186
CELE_C35A5.5|gtnt-14,55,0
CELE_C35A5.12|C35A5.12,0,0
CELE_C35A5.13|C35A5.13,4,0
CELE_C35A5.6|C35A5.6,292,309
CELE_C35A5.7|dmsr-8,82,69
CELE_Y32F6A.1|set-22,2272,1963
CELE_Y32F6A.3|pap-1,7615,7551
CELE_Y32F6A.5|Y32F6A.5,16428,11508
CELE_Y32F6A.6|Y32F6A.6,200,173
CELE_F22E12.1|F22E12.1,1141,912
CELE_C35A5.8|xpo-7,14101,14032
CELE_C35A5.9|hda-11,59,48
CELE_F32G8.7|21ur-14682,0,0
CELE_F25D1.5|F25D1.5,733,388
CELE_F32G8.4|best-14,1425,1065
CELE_F32G8.5|col-152,49,18
CELE_F25D1.2|txt-10,0,0
CELE_F25D1.1|ppm-1.A,16710,15526
CELE_F25D1.10|F25D1.10,0,0
CELE_F25D1.11|F25D1.11,14,17
CELE_T21C9.8|ttr-23,264,468
CELE_T21C9.7|srg-32,0,0
CELE_T21C9.6|T21C9.6,1346,1471
CELE_T21C9.9|T21C9.9,186,55
CELE_T21C9.11|T21C9.11,14,17
CELE_F32G8.9|F32G8.9,0,0
CELE_F32G8.10|F32G8.10,0,0
CELE_F32G8.6|cat-4,11491,3789
CELE_T21C9.2|vps-54,4392,4572
CELE_T21C9.3|del-6,3136,3206
CELE_T21C9.1|mics-1,4116,3818
CELE_T21C9.4|erh-1,2763,2549
CELE_T21C9.5|lpd-9,3088,3075
CELE_T21C9.13|T21C9.13,5367,5246
CELE_T21C9.12|scpl-4,4183,4424
CELE_C32C4.9|C32C4.9,0,0
CELE_C32C4.4|C32C4.4,0,0
CELE_C32C4.11|C32C4.11,0,0
CELE_C32C4.5|mab-23,0,0
CELE_H09F14.1|H09F14.1,44,82
CELE_C32C4.16|C32C4.16,8,13
CELE_T21C9.17|T21C9.17,0,0
CELE_H27A22.1|H27A22.1,1930,1937
CELE_C32C4.14|C32C4.14,0,0
CELE_C32C4.1|kvs-2,71,29
CELE_C32C4.15|C32C4.15,0,0
CELE_C32C4.3|mdss-1,17,0
CELE_C32C4.2|aqp-6,26,30
CELE_C32C4.10|C32C4.10,0,0
CELE_C32C4.7|ugt-35,65,0
CELE_F29F11.2|ugt-34,1422,852
CELE_F29F11.4|twk-12,71,111
CELE_F29F11.8|F29F11.8,0,0
CELE_F29F11.19|F29F11.19,0,0
CELE_F29F11.5|ceh-22,119,89
CELE_F29F11.3|tut-2,1520,1562
CELE_F29F11.1|sqv-4,9380,8510
CELE_C05A2.4|C05A2.4,0,0
CELE_C05A2.3|C05A2.3,0,0
CELE_C05A2.1|pph-1,818,753
CELE_F29F11.6|gsp-1,10332,9480
CELE_T28B11.19|T28B11.19,0,0
CELE_T28B11.18|T28B11.18,0,0
CELE_T28B11.4|T28B11.4,0,0
CELE_T28B11.14|T28B11.14,0,0
CELE_T28B11.22|T28B11.22,0,0
CELE_T28B11.7|T28B11.7,0,0
CELE_T28B11.11|T28B11.11,0,0
CELE_T28B11.24|T28B11.24,0,0
CELE_T28B11.13|T28B11.13,0,0
CELE_T28B11.12|T28B11.12,0,0
CELE_T28B11.10|T28B11.10,0,0
CELE_T28B11.3|T28B11.3,0,0
CELE_T28B11.9|T28B11.9,0,0
CELE_T28B11.6|T28B11.6,0,0
CELE_T28B11.23|T28B11.23,0,0
CELE_T28B11.21|T28B11.21,0,0
CELE_T28B11.16|T28B11.16,0,0
CELE_T28B11.15|T28B11.15,0,0
CELE_T28B11.2|T28B11.2,0,0
CELE_T28B11.8|T28B11.8,0,0
CELE_T28B11.25|T28B11.25,0,0
CELE_T28B11.5|T28B11.5,0,0
CELE_T28B11.20|T28B11.20,0,0
CELE_T28B11.1|T28B11.1,8834,9072
CELE_T28B11.17|T28B11.17,3,0
CELE_ZC302.1|mre-11,5600,5332
CELE_F28H7.4|selt-1.2,20,30
CELE_ZC302.2|wdr-5.3,5002,5569
CELE_ZC302.3|ZC302.3,28,18
CELE_F28H7.6|irld-6,45,41
CELE_F28H7.8|F28H7.8,232,185
CELE_F28H7.3|F28H7.3,6762,3899
CELE_D1054.6|D1054.6,0,0
CELE_D1054.8|D1054.8,408,254
CELE_D1054.9|D1054.9,358,97
CELE_D1054.21|D1054.21,0,0
CELE_D1054.22|D1054.22,0,0
CELE_D1054.20|D1054.20,0,0
CELE_F28H7.12|F28H7.12,0,0
CELE_F28H7.10|ocr-1,0,0
CELE_D1054.17|D1054.17,0,3
CELE_D1054.1|D1054.1,723,671
CELE_D1054.2|pas-2,9900,8665
CELE_D1054.3|D1054.3,4478,3762
CELE_D1054.5|D1054.5,305,335
CELE_D1054.10|D1054.10,23742,22035
CELE_D1054.19|D1054.19,19,18
CELE_D1054.12|srh-184,0,0
CELE_D1054.18|D1054.18,320,332
CELE_D1054.11|ule-3,26974,26150
CELE_C29A12.2|C29A12.2,91,98
CELE_D1054.13|secs-1,1153,1130
CELE_D1054.14|prp-38,3109,3060
CELE_D1054.15|plrg-1,5849,5642
CELE_C29A12.22|C29A12.22,0,0
CELE_C29A12.1|C29A12.1,2656,2605
CELE_C29A12.3|lig-1,8145,7687
CELE_C29A12.21|C29A12.21,0,0
CELE_C29A12.8|21ur-10209,0,0
CELE_C29A12.16|C29A12.16,0,0
CELE_C29A12.20|C29A12.20,0,0
CELE_C29A12.14|C29A12.14,0,0
CELE_C29A12.12|C29A12.12,0,0
CELE_C29A12.18|C29A12.18,0,0
CELE_C29A12.10|C29A12.10,0,0
CELE_C29A12.17|C29A12.17,0,0
CELE_C29A12.4|nrx-1,350,282
CELE_F32D8.1|cat-6,34,0
CELE_F53H10.3|21ur-12286,0,0
CELE_F53H10.4|F53H10.4,0,0
CELE_C29A12.6|C29A12.6,110,85
CELE_F53H10.2|saeg-1,2122,2460
CELE_F32D8.12|F32D8.12,458,545
CELE_F32D8.3|F32D8.3,36,28
CELE_F32D8.7|F32D8.7,213,53
CELE_F32D8.9|spp-16,733,522
CELE_F32D8.16|F32D8.16,0,0
CELE_F32D8.17|F32D8.17,0,0
CELE_F32D8.15|F32D8.15,42,35
CELE_F32D8.10|zzz-1,179,151
CELE_F58B4.1|nas-31,107,140
CELE_F58B4.6|F58B4.6,107,94
CELE_F58B4.3|nssp-63,113,127
CELE_F32D8.4|F32D8.4,1133,1207
CELE_F32D8.14|F32D8.14,3014,2770
CELE_F32D8.5|F32D8.5,1439,1324
CELE_F32D8.13|F32D8.13,199,219
CELE_F32D8.6|sec-61.G,8068,5938
CELE_F58B4.5|F58B4.5,1019,1003
CELE_F17C11.12|F17C11.12,658,550
CELE_F17C11.11|F17C11.11,3327,2139
CELE_F17C11.2|nssp-64,310,353
CELE_F17C11.26|F17C11.26,2058,1564
CELE_F17C11.17|zip-9,3227,2625
CELE_F53B7.2|frpr-9,73,25
CELE_F53B7.5|fig-1,343,404
CELE_C13G3.1|C13G3.1,338,300
CELE_C13G3.2|hot-6,233,164
CELE_F53B7.7|nssp-65,32,39
CELE_F53B7.3|isy-1,3691,2942
CELE_C13G3.8|C13G3.8,0,0
CELE_C13G3.6|C13G3.6,0,0
CELE_C13G3.5|C13G3.5,0,0
CELE_C13G3.3|pptr-2,6214,6034
CELE_F17C11.23|anr-43,0,0
CELE_F17C11.19|21ur-14649,0,0
CELE_F17C11.9|eef-1G,87671,87094
CELE_F17C11.20|F17C11.20,4,0
CELE_F17C11.3|col-153,273,281
CELE_F17C11.4|F17C11.4,981,1321
CELE_F17C11.5|clec-221,43,40
CELE_F17C11.6|F17C11.6,137,258
CELE_F17C11.13|F17C11.13,40,24
CELE_F17C11.7|pigt-1,3699,3672
CELE_F17C11.8|vps-36,2180,1883
CELE_F17C11.18|21ur-13802,1,1
CELE_F17C11.10|ctf-4,10864,10200
CELE_C45B11.1|pak-2,4792,4605
CELE_C45B11.9|C45B11.9,19,0
CELE_C45B11.8|C45B11.8,9,0
CELE_C45B11.4|srh-74,0,0
CELE_C45B11.7|C45B11.7,29,39
CELE_T04C12.13|21ur-14351,0,0
CELE_T04C12.2|srh-75,0,0
CELE_T04C12.7|T04C12.7,118,291
CELE_C45B11.10|C45B11.10,0,0
CELE_C45B11.2|C45B11.2,79,29
CELE_C45B11.6|C45B11.6,173,176
CELE_C45B11.3|dhs-18,2514,2685
CELE_T04C12.31|T04C12.31,0,0
CELE_T04C12.1|T04C12.1,56,57
CELE_T04C12.11|T04C12.11,591,702
CELE_T04C12.3|nlp-80,357,342
CELE_T04C12.8|T04C12.8,229,506
CELE_Y42A5A.9|Y42A5A.9,0,0
CELE_Y42A5A.4|cdkl-1,28,43
CELE_Y42A5A.6|Y42A5A.6,0,0
CELE_Y42A5A.5|etfr-1,132,148
CELE_Y42A5A.8|Y42A5A.8,0,0
CELE_Y42A5A.12|Y42A5A.12,0,0
CELE_Y42A5A.1|Y42A5A.1,181,171
CELE_Y42A5A.2|lact-8,181,92
CELE_Y42A5A.3|Y42A5A.3,32,62
CELE_H19N07.1|erfa-3,13210,11824
CELE_T04C12.21|T04C12.21,0,0
CELE_T04C12.23|T04C12.23,0,23
CELE_T04C12.28|T04C12.28,0,0
CELE_T04C12.16|T04C12.16,0,0
CELE_T04C12.4|act-3,57462,47743
CELE_T04C12.17|T04C12.17,7,0
CELE_T04C12.14|T04C12.14,13,3
CELE_T04C12.5|act-2,69001,64717
CELE_T04C12.25|T04C12.25,5,4
CELE_T04C12.6|act-1,44036,35570
CELE_T04C12.30|T04C12.30,6,4
CELE_C06H2.5|glb-3,68,41
CELE_C06H2.8|mir-268,0,0
CELE_C06H2.10|C06H2.10,0,0
CELE_T19C4.24|T19C4.24,5,3
CELE_C06H2.4|folt-1,100,124
CELE_C06H2.7|C06H2.7,1158,1026
CELE_T19C4.7|nlp-33,2430,1318
CELE_T19C4.2|srg-39,0,0
CELE_T19C4.8|srg-38,0,0
CELE_T19C4.13|21ur-13270,0,0
CELE_T19C4.1|T19C4.1,525,413
CELE_T19C4.14|21ur-12218,0,0
CELE_T19C4.19|T19C4.19,0,0
CELE_T19C4.T1|T19C4.t1,0,0
CELE_T19C4.17|T19C4.17,0,0
CELE_T19C4.5|T19C4.5,444,351
CELE_T19C4.6|gpa-1,45,57
CELE_T19C4.12|T19C4.12,5,6
CELE_VK10D6R.1|cnc-10,485,524
CELE_K10D6.3|K10D6.3,0,0
CELE_K10D6.11|K10D6.11,0,0
CELE_K10D6.1|lgc-49,0,0
CELE_K10D6.2|clc-6,728,613
CELE_K10D6.15|K10D6.15,0,0
CELE_K10D6.6|K10D6.6,0,0
CELE_K10D6.14|K10D6.14,0,0
CELE_K10D6.10|K10D6.10,0,0
CELE_K10D6.19|K10D6.19,0,0
CELE_K10D6.25|K10D6.25,0,0
CELE_K10D6.9|K10D6.9,0,0
CELE_K10D6.17|K10D6.17,0,0
CELE_K10D6.22|K10D6.22,0,0
CELE_K10D6.4|K10D6.4,825,879
CELE_K10D6.24|K10D6.24,2,4
CELE_T19B10.1|cyp-29A2,1312,816
CELE_H19N07.2|math-33,16974,17523
CELE_H19N07.3|nhj-1,367,432
CELE_H19N07.4|mboa-2,3044,3425
CELE_C06H2.1|atp-5,17350,16881
CELE_C06H2.6|lmtr-3,2906,2827
CELE_C06H2.2|strt-7,1863,1672
CELE_C06H2.3|jmjd-5,1262,1159
CELE_T19B10.2|T19B10.2,4728,3032
CELE_T19B10.3|bgal-1,1176,995
CELE_T19B10.4|pqn-70,9266,9002
CELE_F07B10.8|F07B10.8,0,0
CELE_T19B10.9|mam-4,80,89
CELE_F07B10.1|cln-3.1,397,200
CELE_C03E10.6|clec-222,2567,2547
CELE_T19B10.18|anr-7,0,0
CELE_T19B10.5|T19B10.5,807,552
CELE_T19B10.6|dvc-1,5905,5673
CELE_T19B10.7|ima-1,6789,6473
CELE_T19B10.8|pgap-1,9447,9066
CELE_T19B10.11|mxl-1,1745,1606
CELE_C03E10.5|clec-223,3158,3884
CELE_C03E10.3|C03E10.3,54,60
CELE_T03F7.3|srh-46,0,0
CELE_T03F7.12|T03F7.12,0,0
CELE_T03F7.11|T03F7.11,0,0
CELE_T03F7.1|snf-11,352,270
CELE_C03E10.4|gly-20,5903,5318
CELE_T03F7.7|T03F7.7,804,724
CELE_T03F7.8|T03F7.8,0,0
CELE_F47G9.3|cutl-18,125,76
CELE_T03F7.14|T03F7.14,2,0
CELE_F47G9.4|F47G9.4,345,367
CELE_T02E9.6|T02E9.6,0,0
CELE_F47G9.1|tmed-10,6513,5683
CELE_T02E9.8|T02E9.8,0,0
CELE_T02E9.22|T02E9.22,0,0
CELE_T02E9.28|T02E9.28,0,0
CELE_T02E9.14|T02E9.14,0,0
CELE_T02E9.1|npr-25,48,45
CELE_T02E9.3|dop-5,95,98
CELE_T02E9.9|T02E9.9,0,0
CELE_T02E9.13|T02E9.13,0,0
CELE_T02E9.5|T02E9.5,2344,2201
CELE_T02E9.2|grl-7,706,295
CELE_F55C10.5|F55C10.5,324,254
CELE_F55C10.1|cnb-1,1660,1692
CELE_F55C10.2|col-154,1510,293
CELE_K03B8.14|K03B8.14,0,0
CELE_K03B8.11|K03B8.11,9,11
CELE_K03B8.10|K03B8.10,4,0
CELE_K03B8.19|K03B8.19,0,0
CELE_F55C10.3|col-155,2239,986
CELE_K03B8.6|K03B8.6,380,277
CELE_K03B8.8|K03B8.8,234,129
CELE_K03B8.18|K03B8.18,0,0
CELE_K03B8.T1|K03B8.t1,0,0
CELE_K03B8.12|21ur-12485,0,0
CELE_K03B8.9|deg-3,130,120
CELE_K03B8.22|K03B8.22,0,0
CELE_T26H10.1|des-2,148,120
CELE_F57B7.1|dmsr-1,289,244
CELE_F57B7.2|F57B7.2,180,132
CELE_T11F9.1|T11F9.1,0,0
CELE_F57B7.5|21ur-14531,0,0
CELE_F57B7.4|mig-17,315,312
CELE_F57B7.3|col-156,591,182
CELE_T11F9.28|T11F9.28,0,0
CELE_T11F9.29|T11F9.29,0,0
CELE_T11F9.25|T11F9.25,0,0
CELE_T11F9.24|T11F9.24,0,0
CELE_T11F9.2|zipt-16,51,0
CELE_T11F9.4|aat-6,716,343
CELE_T11F9.5|nas-21,33,27
CELE_T11F9.3|nas-20,1108,772
CELE_T11F9.17|srh-9,0,0
CELE_T11F9.7|T11F9.7,0,0
CELE_T11F9.6|nas-22,73,0
CELE_T11F9.15|T11F9.15,4,0
CELE_T11F9.18|srh-1,0,0
CELE_T11F9.9|col-157,822,193
CELE_T11F9.11|dhs-19,1062,942
CELE_T11F9.12|htrl-1,1676,1249
CELE_C55A6.21|C55A6.21,0,0
CELE_C55A6.16|C55A6.16,0,0
CELE_C55A6.12|C55A6.12,510,422
CELE_C55A6.1|C55A6.1,3946,3577
CELE_C55A6.19|C55A6.19,0,0
CELE_C55A6.10|C55A6.10,1900,2000
CELE_C55A6.2|ttll-5,5763,5910
CELE_C55A6.3|C55A6.3,130,66
CELE_C55A6.17|C55A6.17,0,0
CELE_C55A6.6|C55A6.6,744,446
CELE_C55A6.5|sdz-8,953,341
CELE_C55A6.4|C55A6.4,1509,523
CELE_C55A6.7|C55A6.7,696,288
CELE_C55A6.11|C55A6.11,70,18
CELE_C55A6.9|pafo-1,5632,5427
CELE_F38B7.2|F38B7.2,235,108
CELE_F38B7.12|F38B7.12,0,0
CELE_F38B7.16|F38B7.16,0,0
CELE_F38B7.15|F38B7.15,0,0
CELE_F38B7.14|F38B7.14,0,0
CELE_F38B7.1|ccch-1,3102,3308
CELE_F38B7.3|F38B7.3,1113,1302
CELE_F38B7.5|duo-1,2094,2112
CELE_H12C20.2|pms-2,2392,2601
CELE_H12C20.6|nhr-101,215,301
CELE_H12C20.7|H12C20.7,48,49
CELE_H12C20.3|nhr-68,611,799
CELE_F35B12.11|F35B12.11,0,0
CELE_F35B12.4|piit-1,225,72
CELE_F35B12.9|F35B12.9,739,654
CELE_F35B12.2|dhs-20,1176,2156
CELE_F35B12.3|idpp-16,746,845
CELE_F35B12.6|tag-290,319,283
CELE_F35B12.5|sas-5,4305,4024
CELE_F35B12.17|F35B12.17,2,0
CELE_F35B12.7|nlp-24,1922,1180
CELE_F35B12.8|glb-15,37,43
CELE_F35B12.13|F35B12.13,0,0
CELE_F35B12.10|F35B12.10,505,519
CELE_T27F2.6|T27F2.6,0,0
CELE_T27F2.5|T27F2.5,0,0
CELE_T27F2.2|sipa-1,1024,999
CELE_F46F3.1|ceh-27,448,412
CELE_F46F3.12|F46F3.12,0,0
CELE_F46F3.3|F46F3.3,46,29
CELE_F46F3.2|lgc-44,202,144
CELE_T27F2.3|bir-1,2042,1783
CELE_T27F2.1|skp-1,7391,6258
CELE_T27F2.4|zip-10,240,115
CELE_W05E10.6|21ur-14859,0,0
CELE_W05E10.5|W05E10.5,53,26
CELE_W05E10.8|W05E10.8,0,0
CELE_W05E10.16|W05E10.16,0,0
CELE_W05E10.3|ceh-32,1217,1138
CELE_F46F3.9|F46F3.9,0,0
CELE_F46F3.21|F46F3.21,0,0
CELE_F46F3.16|F46F3.16,0,0
CELE_F46F3.20|F46F3.20,0,0
CELE_F46F3.4|ape-1,11367,6571
CELE_W05E10.1|mfsd-8.2,459,130
CELE_B0240.3|daf-11,78,0
CELE_B0240.1|rhr-2,164,95
CELE_W05E10.17|W05E10.17,0,0
CELE_W05E10.10|W05E10.10,0,0
CELE_W05E10.9|W05E10.9,0,0
CELE_W05E10.4|tre-3,1548,1738
CELE_B0240.4|npp-22,8135,7948
CELE_T04F3.7|T04F3.7,0,0
CELE_T04F3.10|T04F3.10,0,0
CELE_T04F3.2|smoc-1,48,36
CELE_T04F3.3|T04F3.3,47,0
CELE_B0240.5|B0240.5,0,0
CELE_T04F3.1|T04F3.1,2938,2109
CELE_F55A11.5|bus-18,123,89
CELE_F55A11.4|F55A11.4,2110,1957
CELE_T04F3.5|T04F3.5,0,0
CELE_T04F3.8|T04F3.8,0,0
CELE_F55A11.12|mir-250,0,0
CELE_F55A11.9|mir-61,0,0
CELE_T04F3.4|T04F3.4,278,222
CELE_F55A11.1|F55A11.1,5717,5383
CELE_F55A11.2|syx-5,4064,3887
CELE_F55A11.3|sel-11,7961,7011
CELE_F55A11.13|F55A11.13,0,0
CELE_F55A11.6|F55A11.6,547,540
CELE_F55A11.11|F55A11.11,135,45
CELE_F55A11.7|F55A11.7,3965,4549
CELE_F55A11.8|F55A11.8,1238,1083
CELE_D2023.1|D2023.1,196,196
CELE_D2023.14|D2023.14,0,0
CELE_D2023.17|D2023.17,0,0
CELE_D2023.12|D2023.12,0,0
CELE_D2023.16|D2023.16,0,0
CELE_D2023.11|D2023.11,0,0
CELE_D2023.13|D2023.13,0,0
CELE_D2023.10|D2023.10,0,0
CELE_D2023.3|D2023.3,33,36
CELE_D2023.8|D2023.8,42,38
CELE_D2023.2|pyc-1,14575,15456
CELE_D2023.15|D2023.15,0,0
CELE_D2023.4|D2023.4,1217,960
CELE_D2023.5|mpst-1,1724,1666
CELE_D2023.6|D2023.6,3516,3493
CELE_D2023.7|col-158,1027,237
CELE_R13H4.1|nphp-4,136,123
CELE_R13H4.3|pho-8,143,53
CELE_R13H4.2|R13H4.2,4895,4058
CELE_R13H4.13|R13H4.13,2,0
CELE_R13H4.7|R13H4.7,0,29
CELE_R13H4.5|R13H4.5,242,258
CELE_K12G11.1|sulp-4,199,245
CELE_K12G11.14|K12G11.14,0,0
CELE_K12G11.2|sulp-5,88,98
CELE_R13H4.4|hmp-1,9004,8688
CELE_R13H4.10|R13H4.10,0,0
CELE_K12G11.6|K12G11.6,45,48
CELE_K12G11.3|adh-1,1327,4126
CELE_K12G11.4|sodh-2,921,359
CELE_F57F5.8|anr-15,0,0
CELE_F10C2.10|F10C2.10,0,0
CELE_F10C2.9|F10C2.9,0,0
CELE_F10C2.11|F10C2.11,0,0
CELE_F10C2.8|mir-87,0,0
CELE_F10C2.12|F10C2.12,0,0
CELE_F57F5.4|add-2,1159,1357
CELE_F57F5.5|pkc-1,7348,7015
CELE_F10C2.3|F10C2.3,167,117
CELE_F10C2.2|kup-1,4874,4455
CELE_F10C2.7|F10C2.7,0,0
CELE_R07B7.2|R07B7.2,2459,2430
CELE_F10C2.4|pold-1,9202,8502
CELE_F10C2.5|F10C2.5,2147,1889
CELE_F10C2.6|dars-2,1510,1284
CELE_K12G11.9|K12G11.9,0,0
CELE_K12G11.8|K12G11.8,0,0
CELE_K12G11.7|K12G11.7,0,0
CELE_R31.6|R31.6,0,0
CELE_R31.4|R31.4,0,0
CELE_R31.5|R31.5,0,0
CELE_R31.7|R31.7,0,3
CELE_F58H1.25|F58H1.25,0,0
CELE_F58H1.24|F58H1.24,0,0
CELE_F58H1.17|F58H1.17,0,0
CELE_F58H1.9|21ur-14381,0,0
CELE_F58H1.13|F58H1.13,0,0
CELE_F58H1.26|F58H1.26,0,0
CELE_F58H1.21|F58H1.21,0,0
CELE_F58H1.23|F58H1.23,0,0
CELE_F58H1.18|F58H1.18,0,0
CELE_F58H1.20|F58H1.20,0,0
CELE_F58H1.10|F58H1.10,0,0
CELE_F58H1.12|F58H1.12,0,0
CELE_F58H1.11|F58H1.11,0,0
CELE_F58H1.19|F58H1.19,0,0
CELE_F58H1.15|F58H1.15,0,0
CELE_F58H1.22|F58H1.22,0,0
CELE_C52E4.9|21ur-13195,0,0
CELE_C52E4.16|C52E4.16,0,0
CELE_C52E4.18|C52E4.18,0,0
CELE_C52E4.17|C52E4.17,0,0
CELE_C52E4.10|21ur-10927,0,1
CELE_C52E4.14|C52E4.14,0,0
CELE_C52E4.8|C52E4.8,0,0
CELE_C52E4.11|21ur-13859,0,0
CELE_C52E4.13|C52E4.13,0,0
CELE_F57F5.2|gcy-33,0,0
CELE_C52E4.12|C52E4.12,0,0
CELE_F57F5.6|21ur-14066,0,0
CELE_F57F5.7|F57F5.7,0,0
CELE_R31.1|sma-1,16751,14710
CELE_R31.2|R31.2,4328,4702
CELE_R31.3|osm-6,39,32
CELE_F58H1.1|aman-2,7480,6468
CELE_F58H1.2|F58H1.2,130,58
CELE_F58H1.3|F58H1.3,1858,1603
CELE_F58H1.8|F58H1.8,741,749
CELE_F58H1.4|gpla-1,139,93
CELE_F58H1.6|F58H1.6,77,43
CELE_F58H1.16|F58H1.16,3,0
CELE_F58H1.5|F58H1.5,462,394
CELE_F58H1.7|F58H1.7,220,306
CELE_C52E4.1|cpr-1,8866,19225
CELE_C52E4.2|mif-2,1197,1105
CELE_C52E4.3|snr-4,7637,6729
CELE_C52E4.4|rpt-1,14776,14100
CELE_C52E4.5|mans-2,2650,1395
CELE_C52E4.6|cyl-1,5513,5288
CELE_C52E4.7|C52E4.7,58,23
CELE_F57F5.T1|F57F5.t1,2,0
CELE_F57F5.1|cpr-9,127279,98833
CELE_F57F5.3|F57F5.3,32,26
CELE_R07B7.4|kmo-2,72,40
CELE_R07B7.5|kmo-1,927,715
CELE_R07B7.1|clh-6,2855,3006
CELE_R07B7.3|pqn-53,8225,8261
CELE_R07B7.6|R07B7.6,869,644
CELE_R07B7.17|21ur-12491,0,0
CELE_R07B7.9|R07B7.9,171,144
CELE_R07B7.8|R07B7.8,512,342
CELE_R07B7.10|R07B7.10,494,399
CELE_R07B7.19|21ur-9450,0,0
CELE_R07B7.12|gtnt-38,0,0
CELE_R07B7.13|nhr-206,36,0
CELE_R07B7.15|nhr-208,22,31
CELE_R07B7.11|gana-1,947,698
CELE_R07B7.18|21ur-14827,0,0
CELE_R07B7.16|nhr-209,215,245
CELE_C13C4.2|nhr-154,295,280
CELE_C13C4.1|nhr-153,147,162
CELE_C13C4.12|C13C4.12,0,0
CELE_C13C4.3|nhr-136,168,155
CELE_C13C4.4|lhpp-1,355,285
CELE_C13C4.10|C13C4.10,0,0
CELE_C13C4.5|spin-1,1508,662
CELE_C13C4.8|C13C4.8,0,0
CELE_C13C4.7|C13C4.7,133,137
CELE_C27A7.2|C27A7.2,28,0
CELE_C27A7.1|enpp-1,658,764
CELE_C27A7.10|C27A7.10,0,0
CELE_C13C4.6|C13C4.6,482,438
CELE_C27A7.6|hrg-14,2637,2453
CELE_C27A7.3|C27A7.3,124,66
CELE_C27A7.4|che-11,120,83
CELE_C27A7.9|C27A7.9,0,0
CELE_C27A7.8|C27A7.8,685,593
CELE_ZK863.2|col-37,131,172
CELE_ZK863.12|ZK863.12,0,0
CELE_ZK863.1|ZK863.1,20,0
CELE_C27A7.5|C27A7.5,1971,2149
CELE_ZK863.5|srd-4,0,0
CELE_ZK863.8|ZK863.8,282,357
CELE_ZK863.9|clec-224,14,20
CELE_ZK863.3|elpc-3,2922,3199
CELE_ZK863.4|usip-1,12362,11487
CELE_ZK836.18|ZK836.18,0,0
CELE_ZK836.14|ZK836.14,0,0
CELE_ZK836.12|ZK836.12,0,0
CELE_ZK836.4|ZK836.4,0,0
CELE_ZK836.8|ZK836.8,0,0
CELE_K12F2.2|vab-8,1530,1055
CELE_ZK863.7|rnp-1,4229,4732
CELE_ZK863.6|dpy-30,5174,4993
CELE_ZK836.2|ogdh-2,6402,6253
CELE_ZK836.3|ZK836.3,111,132
CELE_ZK836.1|lon-3,605,103
CELE_T04H1.1|tag-348,0,0
CELE_T04H1.10|srw-80,0,0
CELE_K12F2.5|K12F2.5,0,0
CELE_K12F2.4|K12F2.4,0,0
CELE_K12F2.3|K12F2.3,0,0
CELE_K12F2.1|myo-3,5732,4099
CELE_T04H1.3|ttr-22,18,0
CELE_T04H1.2|slfl-5,11858,11705
CELE_T04H1.6|lrx-1,108,33
CELE_T04H1.7|ugt-55,33,59
CELE_T04H1.8|ugt-56,29,25
CELE_T04H1.9|tbb-6,177,132
CELE_F55C5.1|ssp-35,76,23
CELE_F55C5.2|F55C5.2,37,0
CELE_F55C5.3|twk-24,135,156
CELE_T04H1.4|rad-50,7406,6829
CELE_T04H1.5|T04H1.5,1536,1477
CELE_F55C5.5|tsfm-1,1638,1770
CELE_F55C5.11|bnc-1,0,0
CELE_F55C5.4|capg-2,6970,6642
CELE_F55C5.9|srh-16,42,24
CELE_F55C5.10|F55C5.10,85,57
CELE_F55C5.7|rskd-1,4768,4847
CELE_F55C5.8|srpa-68,7298,7385
CELE_R04F11.1|hpo-30,24,19
CELE_C51F7.1|frm-7,7953,9188
CELE_R04F11.3|R04F11.3,5151,4877
CELE_R04F11.5|R04F11.5,975,876
CELE_R04F11.15|R04F11.15,0,0
CELE_R04F11.19|R04F11.19,0,0
CELE_R04F11.14|R04F11.14,0,0
CELE_R04F11.16|R04F11.16,0,0
CELE_R04F11.7|R04F11.7,0,0
CELE_R04F11.10|R04F11.10,0,0
CELE_R04F11.23|R04F11.23,0,0
CELE_R04F11.26|R04F11.26,0,0
CELE_R04F11.25|R04F11.25,0,0
CELE_R04F11.27|R04F11.27,0,0
CELE_R04F11.T1|R04F11.t1,0,0
CELE_R04F11.8|R04F11.8,0,0
CELE_R04F11.11|R04F11.11,0,0
CELE_R04F11.9|R04F11.9,0,0
CELE_R04F11.18|R04F11.18,0,0
CELE_R04F11.2|R04F11.2,10673,8579
CELE_R04F11.4|twk-13,114,123
CELE_F23H12.2|tomm-20,3512,3160
CELE_F23H12.1|snb-2,814,841
CELE_F23H12.3|F23H12.3,332,204
CELE_F23H12.7|F23H12.7,14,0
CELE_F23H12.10|F23H12.10,122,151
CELE_K01D12.1|K01D12.1,131,71
CELE_K01D12.3|K01D12.3,29,0
CELE_F23H12.5|F23H12.5,521,237
CELE_F23H12.8|fipr-1,455,578
CELE_F23H12.9|fipr-2,739,524
CELE_K01D12.16|21ur-10895,0,0
CELE_K01D12.15|K01D12.15,33,6
CELE_K01D12.4|twk-14,25,0
CELE_K01D12.17|K01D12.17,0,0
CELE_K01D12.19|K01D12.19,0,0
CELE_F23H12.13|F23H12.13,0,0
CELE_F23H12.4|sqt-3,14360,10719
CELE_K01D12.18|K01D12.18,0,0
CELE_K01D12.7|K01D12.7,45,17
CELE_K01D12.8|K01D12.8,26,23
CELE_K01D12.9|K01D12.9,243,70
CELE_K01D12.5|K01D12.5,45,17
CELE_K01D12.6|miga-1,3723,3271
CELE_K01D12.14|hrg-2,16,17
CELE_K01D12.11|cdr-4,4257,2054
CELE_K01D12.13|cdr-7,252,234
CELE_K01D12.12|cdr-6,2435,1759
CELE_C54D10.2|cdr-3,0,0
CELE_C54D10.1|cdr-2,1797,885
CELE_C54D10.6|srh-25,0,0
CELE_C54D10.5|C54D10.5,26,22
CELE_C54D10.13|C54D10.13,164,186
CELE_C54D10.14|pals-37,62,77
CELE_C54D10.16|C54D10.16,0,0
CELE_C54D10.3|C54D10.3,2542,2234
CELE_C54D10.4|C54D10.4,31,0
CELE_C54D10.7|pals-39,85,73
CELE_C54D10.8|pals-38,0,0
CELE_C54D10.9|C54D10.9,38,22
CELE_C54D10.10|C54D10.10,98,52
CELE_F28C1.2|egl-10,1434,1230
CELE_F28C1.13|F28C1.13,0,0
CELE_F28C1.1|F28C1.1,4015,3789
CELE_W04D2.2|srt-39,0,0
CELE_F28C1.9|21ur-14715,0,0
CELE_W04D2.13|W04D2.13,0,0
CELE_W04D2.8|W04D2.8,0,0
CELE_W04D2.10|W04D2.10,0,0
CELE_W04D2.9|W04D2.9,0,0
CELE_F28C1.3|F28C1.3,3979,3880
CELE_W04D2.1|atn-1,5623,5074
CELE_W04D2.11|W04D2.11,0,0
CELE_W04D2.12|W04D2.12,0,0
CELE_W04D2.3|inx-11,615,600
CELE_W04D2.7|W04D2.7,2,1
CELE_W04D2.5|mrps-11,3063,2823
CELE_W04D2.4|W04D2.4,5859,5428
CELE_W04D2.6|rbm-25,8561,7903
CELE_T28H10.1|T28H10.1,250,299
CELE_T28H10.4|nlp-46,23,18
CELE_C13C12.6|C13C12.6,0,0
CELE_C13C12.2|dyf-4,137,119
CELE_F45D3.6|21ur-11827,0,0
CELE_F45D3.1|F45D3.1,73,64
CELE_F45D3.2|F45D3.2,207,194
CELE_C13C12.7|C13C12.7,0,0
CELE_T28H10.2|T28H10.2,335,245
CELE_T28H10.3|lgmn-1,15158,18213
CELE_C13C12.1|cal-1,193,181
CELE_F45D3.9|F45D3.9,3,0
CELE_F45D3.3|F45D3.3,2253,2168
CELE_F45D3.15|F45D3.15,5,3
CELE_F45D3.12|F45D3.12,0,0
CELE_F45D3.11|F45D3.11,5,5
CELE_F45D3.4|F45D3.4,15752,18250
CELE_E02A10.4|nssp-66,68,56
CELE_E02A10.2|grl-23,87,45
CELE_E02A10.8|E02A10.8,0,0
CELE_E02A10.7|E02A10.7,0,0
CELE_E02A10.3|E02A10.3,131,67
CELE_E02A10.6|E02A10.6,0,0
CELE_C14C10.1|C14C10.1,113,70
CELE_C14C10.7|ttr-43,85,69
CELE_F45D3.5|sel-1,8224,7813
CELE_E02A10.1|mrps-5,4491,4396
CELE_C14C10.2|C14C10.2,467,548
CELE_C14C10.4|mma-1,5992,5778
CELE_C14C10.3|ril-2,6426,6811
CELE_ZC116.1|ZC116.1,264,207
CELE_ZC116.3|cubn-1,565,444
CELE_ZC116.2|cyc-2.2,129,39
CELE_F56H9.9|glam-2,8,15
CELE_C14C10.5|psme-4,15782,14884
CELE_C14C10.6|erg-28,446,367
CELE_ZC116.5|ZC116.5,47,22
CELE_F56H9.3|gpa-8,19,0
CELE_F56H9.8|F56H9.8,0,0
CELE_F56H9.4|gpa-9,53,53
CELE_F56H9.2|F56H9.2,7700,4890
CELE_W05B10.3|W05B10.3,9,11
CELE_W05B10.4|W05B10.4,158,126
CELE_K10C8.4|K10C8.4,0,0
CELE_F56H9.5|lin-25,1294,1213
CELE_W05B10.2|ccch-3,1739,1486
CELE_W05B10.1|his-74,5862,5160
CELE_K10C8.5|K10C8.5,0,0
CELE_K10C8.T1|K10C8.t1,0,0
CELE_K10C8.2|frpr-15,38,30
CELE_K10C8.1|parn-1,1090,926
CELE_R11D1.2|R11D1.2,0,0
CELE_R11D1.3|R11D1.3,78,108
CELE_R11D1.4|R11D1.4,0,0
CELE_R11D1.7|R11D1.7,0,0
CELE_R11D1.12|nssp-67,64,55
CELE_K10C8.3|istr-1,6276,5974
CELE_R11D1.1|R11D1.1,3557,3592
CELE_R11D1.13|R11D1.13,46,35
CELE_R11D1.8|rpl-28,24105,23081
CELE_C15C8.9|C15C8.9,0,0
CELE_C15C8.2|cky-1,88,42
CELE_R11D1.9|mrpl-49,847,836
CELE_R11D1.10|zfyv-19,1168,1093
CELE_R11D1.11|dhs-21,1691,1443
CELE_C15C8.1|xbx-9,130,75
CELE_C15C8.5|C15C8.5,38,35
CELE_F18E2.5|gpa-13,0,0
CELE_C15C8.3|hrg-7,1552,1844
CELE_C15C8.7|C15C8.7,1408,1333
CELE_C15C8.4|C15C8.4,2753,2451
CELE_F18E2.14|F18E2.14,1,0
CELE_F18E2.1|papl-1,1398,990
CELE_F18E2.2|abcf-1,7495,7031
CELE_F18E2.10|F18E2.10,0,0
CELE_ZC455.10|fkb-4,183,119
CELE_ZC455.9|srbc-44,0,0
CELE_ZC455.1|ZC455.1,190,88
CELE_F18E2.7|F18E2.7,0,0
CELE_F18E2.9|F18E2.9,0,0
CELE_F18E2.11|F18E2.11,0,0
CELE_ZC455.16|ZC455.16,0,0
CELE_ZC455.14|ZC455.14,0,0
CELE_ZC455.T1|ZC455.t1,0,0
CELE_ZC455.7|sre-20,0,0
CELE_F18E2.3|scc-3,8490,7318
CELE_ZC455.4|ugt-6,219,168
CELE_ZC455.6|ugt-5,1133,827
CELE_ZC455.5|ugt-4,238,383
CELE_ZC443.7|ZC443.7,0,0
CELE_ZC443.9|anr-29,0,0
CELE_ZC443.1|ZC443.1,208,223
CELE_ZC443.2|ZC443.2,55,67
CELE_ZC443.3|ZC443.3,1904,2858
CELE_ZC443.4|ZC443.4,384,417
CELE_ZC443.5|ugt-18,2100,1379
CELE_ZC443.6|ugt-16,471,336
CELE_C44H9.4|hzl-1,291,323
CELE_C44H9.6|C44H9.6,387,306
CELE_C44H9.7|C44H9.7,176,118
CELE_C44H9.5|C44H9.5,1009,1200
CELE_T07F10.4|bus-19,342,273
CELE_T07F10.12|T07F10.12,0,0
CELE_T07F10.10|T07F10.10,0,0
CELE_T07F10.9|T07F10.9,0,0
CELE_T07F10.11|T07F10.11,0,0
CELE_T07F10.7|21ur-14576,0,0
CELE_R90.5|glb-24,44,37
CELE_R90.12|R90.12,0,0
CELE_T07F10.1|anp-1,4126,2928
CELE_T07F10.6|nspg-1,74,46
CELE_T07F10.5|T07F10.5,136,140
CELE_T07F10.3|T07F10.3,2871,2716
CELE_R90.2|ttr-27,72,79
CELE_R90.3|ttr-28,35,39
CELE_R90.4|ttr-29,95,151
CELE_R90.1|ttbk-7,2179,1740
CELE_F54F3.6|F54F3.6,0,0
CELE_F54F3.5|F54F3.5,0,0
CELE_F54F3.2|F54F3.2,95,28
CELE_F54F3.1|nid-1,7681,5898
CELE_F54F3.3|lipl-1,1867,882
CELE_F54F3.4|dhrs-4,994,1073
CELE_T16G1.1|pqn-67,161,91
CELE_T16G1.2|T16G1.2,147,67
CELE_T16G1.7|T16G1.7,623,1039
CELE_T16G1.6|T16G1.6,309,445
CELE_T16G1.5|T16G1.5,163,44
CELE_T16G1.16|T16G1.16,0,0
CELE_T16G1.3|T16G1.3,22,91
CELE_T16G1.4|T16G1.4,328,743
CELE_T16G1.18|T16G1.18,0,0
CELE_T16G1.10|pqn-68,340,284
CELE_T16G1.8|grl-2,71,27
CELE_T16G1.9|T16G1.9,3212,2833
CELE_T16G1.13|T16G1.13,11,6
CELE_T16G1.11|eif-3.K,4555,3830
CELE_R186.6|mpst-7,65,52
CELE_R186.1|hrg-9,53,64
CELE_R186.4|lin-46,28,31
CELE_R186.2|srd-35,0,0
CELE_R186.3|R186.3,2921,2554
CELE_R186.8|R186.8,693,576
CELE_F15B9.9|dsl-7,27,40
CELE_F15B9.8|F15B9.8,682,406
CELE_R186.5|shw-3,47,34
CELE_R186.10|R186.10,0,0
CELE_R186.13|R186.13,0,0
CELE_R186.14|R186.14,0,0
CELE_R186.12|R186.12,0,0
CELE_R186.7|pnn-1,4842,4154
CELE_F15B9.3|far-5,228,223
CELE_F15B9.1|far-3,426,291
CELE_F15B9.6|F15B9.6,186,110
CELE_F15B9.15|F15B9.15,0,0
CELE_F15B9.5|try-10,482,286
CELE_F15B9.14|F15B9.14,0,0
CELE_F15B9.T1|F15B9.t1,0,0
CELE_F15B9.4|inft-2,4654,4759
CELE_F15B9.10|F15B9.10,2562,2177
CELE_W07G4.2|W07G4.2,0,0
CELE_W07G4.9|21ur-12786,0,0
CELE_W07G4.10|W07G4.10,0,0
CELE_W07G4.T1|W07G4.t1,0,0
CELE_W07G4.12|W07G4.12,0,0
CELE_F15B9.7|fmi-1,1557,1399
CELE_W07G4.1|W07G4.1,50,23
CELE_W07G4.3|scyl-1,6049,5269
CELE_F42E8.3|F42E8.3,0,0
CELE_W07G4.6|srr-1,50,60
CELE_W07G4.5|W07G4.5,1106,651
CELE_C34B4.3|C34B4.3,57,70
CELE_W07G4.4|lap-2,15591,14266
CELE_C34B4.4|C34B4.4,24,20
CELE_C34B4.7|lurp-4,54,29
CELE_C34B4.2|C34B4.2,1816,1678
CELE_C34B4.12|C34B4.12,0,0
CELE_C34B4.10|C34B4.10,0,0
CELE_C34B4.13|C34B4.13,0,0
CELE_C34B4.1|max-1,552,370
CELE_B0365.1|acly-2,18078,17436
CELE_B0365.10|B0365.10,2,0
CELE_B0365.3|eat-6,40151,36120
CELE_B0365.9|B0365.9,161,119
CELE_B0365.5|clec-225,93,68
CELE_B0365.6|clec-41,21615,6454
CELE_K03H4.7|K03H4.7,0,0
CELE_K03H4.5|K03H4.5,0,0
CELE_T09E8.1|noca-1,15549,14212
CELE_K03H4.6|K03H4.6,0,0
CELE_K03H4.3|K03H4.3,0,0
CELE_K03H4.4|K03H4.4,0,0
CELE_T09E8.6|T09E8.6,0,0
CELE_T09E8.4|T09E8.4,0,0
CELE_T09E8.2|him-17,7627,6866
CELE_T09E8.3|cni-1,2318,2304
CELE_F57B1.2|sun-1,5580,4979
CELE_F57B1.5|F57B1.5,144,124
CELE_F57B1.12|F57B1.12,0,0
CELE_F57B1.6|F57B1.6,138,102
CELE_F57B1.13|F57B1.13,0,0
CELE_C34D1.10|C34D1.10,0,0
CELE_C34D1.6|C34D1.6,0,0
CELE_C34D1.11|C34D1.11,0,0
CELE_C34D1.9|C34D1.9,0,0
CELE_C34D1.8|C34D1.8,0,0
CELE_C34D1.12|C34D1.12,0,0
CELE_C34D1.14|C34D1.14,0,0
CELE_C34D1.13|C34D1.13,0,0
CELE_C34D1.7|C34D1.7,0,0
CELE_C34D1.1|dmd-10,55,67
CELE_C34D1.3|odr-3,90,93
CELE_C34D1.4|C34D1.4,469,528
CELE_C34D1.5|zip-5,326,315
CELE_F57B1.9|F57B1.9,65,46
CELE_F57B1.10|F57B1.10,0,0
CELE_F57B1.3|col-159,2902,1021
CELE_F57B1.4|col-160,15045,11279
CELE_F32F2.1|uig-1,1534,1426
CELE_F32F2.2|F32F2.2,0,0
CELE_C26E1.7|C26E1.7,0,0
CELE_C26E1.6|C26E1.6,0,0
CELE_C26E1.5|C26E1.5,0,0
CELE_C26E1.4|C26E1.4,0,0
CELE_F32F2.3|F32F2.3,11,14
CELE_C26E1.3|ceh-79,239,406
CELE_C26E1.2|C26E1.2,449,855
CELE_C50B6.3|C50B6.3,5354,4997
CELE_C50B6.5|srh-18,0,0
CELE_C50B6.2|nasp-2,58442,51847
CELE_C50B6.4|col-161,2812,666
CELE_C50B6.7|C50B6.7,1505,1466
CELE_C50B6.10|str-4,0,0
CELE_C50B6.9|C50B6.9,73,85
CELE_C50B6.12|str-37,0,0
CELE_C50B6.8|nhr-168,509,147
CELE_C50B6.14|nhr-129,202,108
CELE_F32H5.3|F32H5.3,235,203
CELE_F32H5.4|F32H5.4,199,159
CELE_F32H5.7|twk-43,94,98
CELE_F32H5.8|F32H5.8,0,0
CELE_F32H5.1|F32H5.1,1222,1175
CELE_F32H5.6|srx-125,35,34
CELE_M04G12.1|ifbp-1,1334,1105
CELE_M04G12.2|cpz-2,4431,3597
CELE_M04G12.3|gcy-34,34,45
CELE_M04G12.4|somi-1,1981,1982
CELE_F53F1.2|F53F1.2,2187,1926
CELE_F53F1.14|F53F1.14,50,75
CELE_F53F1.3|F53F1.3,738,715
CELE_F53F1.4|F53F1.4,1588,523
CELE_F53F1.10|srd-18,0,0
CELE_F53F1.11|srd-19,0,0
CELE_Y2H9A.2|srd-17,0,0
CELE_F53F1.6|F53F1.6,69,83
CELE_F53F1.5|cut-2,1819,786
CELE_Y2H9A.1|mes-4,4886,5122
CELE_Y2H9A.6|Y2H9A.6,0,0
CELE_Y2H9A.4|Y2H9A.4,108,38
CELE_Y2H9A.3|col-162,1780,592
CELE_F25H9.2|F25H9.2,280,231
CELE_F25H9.4|bath-39,286,233
CELE_T10G3.8|T10G3.8,23,42
CELE_T10G3.2|T10G3.2,0,0
CELE_T10G3.4|T10G3.4,19,0
CELE_F25H9.5|frm-10,4610,4604
CELE_F25H9.6|ppcd-1,1501,1507
CELE_F25H9.7|F25H9.7,616,472
CELE_T10G3.1|T10G3.1,263,294
CELE_C56A3.3|frpr-5,118,116
CELE_C56A3.11|21ur-12534,0,0
CELE_C56A3.10|C56A3.10,0,214
CELE_R11G10.3|R11G10.3,39,34
CELE_C56A3.9|C56A3.9,138,13
CELE_C56A3.2|ttr-44,1198,2369
CELE_R11G10.4|R11G10.4,0,0
CELE_R11G10.T2|R11G10.t2,0,0
CELE_R11G10.T1|R11G10.t1,0,0
CELE_T10G3.3|T10G3.3,276,157
CELE_T10G3.5|eea-1,3848,3491
CELE_T10G3.6|gut-2,2125,1895
CELE_R11G10.1|avr-15,498,473
CELE_C56A3.7|cav-2,91,85
CELE_C56A3.14|C56A3.14,0,0
CELE_C56A3.12|C56A3.12,0,0
CELE_C56A3.13|C56A3.13,0,0
CELE_C56A3.8|C56A3.8,700,630
CELE_C56A3.1|grl-17,76,24
CELE_C56A3.6|micu-3,1976,2244
CELE_C56A3.4|C56A3.4,1853,1964
CELE_C56A3.5|C56A3.5,1964,2081
CELE_C50B8.1|slrp-1,4210,3723
CELE_C50B8.3|nuaf-1,1478,1355
CELE_C50B8.4|C50B8.4,90,127
CELE_C50B8.2|bir-2,1622,1512
CELE_F53F4.2|F53F4.2,0,0
CELE_F53F4.23|F53F4.23,0,0
CELE_F53F4.17|nssp-68,25,5
CELE_F53F4.18|F53F4.18,9,0
CELE_C50B8.6|C50B8.6,316,356
CELE_C50B8.5|C50B8.5,162,134
CELE_F53F4.4|F53F4.4,86,81
CELE_F53F4.21|F53F4.21,0,0
CELE_F53F4.3|tbcb-1,3156,3053
CELE_F53F4.6|rdy-2,56,41
CELE_F53F4.5|fmo-4,1323,1079
CELE_F53F4.7|F53F4.7,0,0
CELE_F53F4.20|21ur-12236,0,0
CELE_F53F4.9|srd-11,0,0
CELE_F53F4.13|spig-9,2284,1966
CELE_F53F4.15|F53F4.15,0,0
CELE_F53F4.16|F53F4.16,596,670
CELE_F53F4.25|F53F4.25,0,0
CELE_F53F4.11|F53F4.11,5566,5279
CELE_F53F4.10|nduv-2,7047,6624
CELE_F53F4.12|F53F4.12,1361,1274
CELE_F53F4.14|sde-2,4130,4091
CELE_H37A05.2|H37A05.2,40,56
CELE_H37A05.4|H37A05.4,1261,1106
CELE_H37A05.1|lpin-1,11313,10493
CELE_F58G11.1|letm-1,7615,6798
CELE_F58G11.4|F58G11.4,63,57
CELE_F58G11.5|tag-65,3368,3230
CELE_F58G11.2|rde-12,14485,12535
CELE_F58G11.3|mip-2,6865,6552
CELE_F58G11.9|F58G11.9,0,0
CELE_F58G11.8|F58G11.8,0,0
CELE_F58G11.6|ccz-1,2829,2736
CELE_T01D3.1|bug-1,443,427
CELE_T01D3.3|T01D3.3,375,382
CELE_T01D3.2|hlh-34,20,0
CELE_T01D3.4|srx-96,0,0
CELE_T01D3.5|zipt-9,3153,3116
CELE_F35E12.12|F35E12.12,0,0
CELE_F35E12.11|F35E12.11,0,0
CELE_F35E12.1|scl-16,18,0
CELE_F35E12.2|F35E12.2,22,0
CELE_F35E12.3|fbxa-181,60,122
CELE_T01D3.6|T01D3.6,35100,21166
CELE_F35E12.7|dct-17,15889,9850
CELE_F35E12.9|F35E12.9,1549,926
CELE_F35E12.10|F35E12.10,2593,1621
CELE_F35E12.8|cld-9,2396,842
CELE_F20G2.1|F20G2.1,96,65
CELE_F20G2.9|F20G2.9,19,0
CELE_F20G2.7|F20G2.7,70,81
CELE_F20G2.2|F20G2.2,2451,1320
CELE_F20G2.8|21ur-14637,0,0
CELE_F20G2.3|F20G2.3,421,227
CELE_F20G2.5|F20G2.5,1060,314
CELE_F53C11.1|F53C11.1,1708,836
CELE_F53C11.9|spi-4,252,267
CELE_F53C11.2|oac-33,40,0
CELE_F53C11.3|decr-1.1,5726,5018
CELE_F53C11.4|F53C11.4,5331,5238
CELE_F53C11.5|F53C11.5,7987,7819
CELE_F53C11.6|twk-32,32,44
CELE_F55B12.1|ceh-24,20,0
CELE_F53C11.7|swan-2,2846,2556
CELE_F53C11.8|swan-1,2597,2543
CELE_F35E12.4|F35E12.4,300,346
CELE_F35E12.13|F35E12.13,14,15
CELE_F35E12.6|F35E12.6,26963,16200
CELE_F35E12.5|irg-5,360829,255951
CELE_F55B12.11|F55B12.11,16,53
CELE_F55B12.10|F55B12.10,34,28
CELE_F09F3.1|srx-130,0,0
CELE_F55B12.14|F55B12.14,0,0
CELE_F55B12.5|nrf-5,2368,2168
CELE_F09F3.6|ttr-21,430,394
CELE_F09F3.11|srx-135,0,0
CELE_F09F3.10|nhr-175,0,0
CELE_F09F3.15|F09F3.15,0,0
CELE_F09F3.8|F09F3.8,95,84
CELE_F55B12.3|sel-10,10954,10147
CELE_F55B12.4|hpo-31,2187,2343
CELE_F09F3.9|cpt-5,812,541
CELE_T22G5.2|lbp-7,1869,2448
CELE_T22G5.3|T22G5.3,417,398
CELE_T22G5.8|21ur-15418,0,0
CELE_T22G5.6|lbp-8,37,0
CELE_T22G5.4|srsx-19,24,0
CELE_T22G5.7|spp-12,64,30
CELE_T22G5.5|sptl-3,2498,1894
CELE_C06B3.2|oac-3,107,0
CELE_C06B3.3|cyp-35C1,6515,4060
CELE_R10D12.7|R10D12.7,14,7
CELE_R10D12.1|R10D12.1,336,265
CELE_C06B3.4|stdh-1,736,886
CELE_C06B3.6|C06B3.6,2947,3572
CELE_C06B3.7|C06B3.7,264,127
CELE_R10D12.8|R10D12.8,404,373
CELE_R10D12.9|swt-6,414,302
CELE_R10D12.10|R10D12.10,42,0
CELE_R10D12.12|algn-13,1225,1008
CELE_R10D12.18|R10D12.18,17,17
CELE_T26F2.3|eol-1,35,0
CELE_T26F2.2|T26F2.2,118,90
CELE_R10D12.13|R10D12.13,1406,1263
CELE_R10D12.14|sao-1,12547,11985
CELE_F58E10.2|end-1,107,81
CELE_F58E10.1|ric-7,5089,4618
CELE_F58E10.7|droe-4,601,875
CELE_F58E10.6|srh-308,0,0
CELE_F58E10.5|end-3,22,20
CELE_T08G5.10|mtl-2,1194,1335
CELE_T08G5.17|21ur-15514,0,0
CELE_T08G5.15|T08G5.15,17,16
CELE_T08G5.16|T08G5.16,0,0
CELE_T08G5.18|T08G5.18,0,0
CELE_T08G5.11|T08G5.11,3,0
CELE_T08G5.3|T08G5.3,56,30
CELE_T08G5.13|T08G5.13,0,0
CELE_T08G5.7|T08G5.7,0,0
CELE_F58D12.5|F58D12.5,0,0
CELE_F58D12.2|F58D12.2,0,0
CELE_F58D12.1|F58D12.1,8,0
CELE_D1086.21|D1086.21,10,0
CELE_D1086.17|D1086.17,139,66
CELE_F58E10.3|ddx-17,37359,33821
CELE_F58E10.4|aip-1,2327,1954
CELE_T08G5.12|ins-10,25,19
CELE_T08G5.5|vps-39,6265,5983
CELE_D1086.20|D1086.20,69,26
CELE_D1086.11|D1086.11,8180,6727
CELE_D1086.6|D1086.6,3140,2914
CELE_D1086.19|D1086.19,24,35
CELE_D1086.7|D1086.7,1951,1613
CELE_D1086.18|D1086.18,49,46
CELE_D1086.5|D1086.5,195,315
CELE_D1086.10|D1086.10,15137,12054
CELE_D1086.4|him-5,754,678
CELE_D1086.16|smy-4,0,0
CELE_D1086.15|smy-5,0,0
CELE_D1086.3|D1086.3,1175,1173
CELE_D1086.8|D1086.8,216,191
CELE_D1086.2|D1086.2,250,181
CELE_H39E23.3|H39E23.3,35,0
CELE_D1086.1|D1086.1,731,611
CELE_D1086.12|D1086.12,912,599
CELE_AH10.1|acs-10,150,61
CELE_T02B5.3|cest-1.2,413,1711
CELE_T02B5.1|cest-1.1,1266,600
CELE_ZC376.3|cest-2.1,490,700
CELE_H39E23.1|par-1,10575,9845
CELE_H39E23.4|H39E23.4,0,0
CELE_AH10.10|AH10.10,0,0
CELE_AH10.6|21ur-15491,0,0
CELE_AH10.8|AH10.8,0,0
CELE_H39E23.2|H39E23.2,26,22
CELE_AH10.4|AH10.4,6,9
CELE_ZC376.2|cest-2.2,789,538
CELE_ZC376.1|cest-2.3,83,119
CELE_ZC376.4|ceh-74,235,241
CELE_ZC376.5|trm-1,3023,3203
CELE_ZC376.6|ints-2,4401,4281
CELE_T16A9.3|T16A9.3,59,57
CELE_ZC376.7|atfs-1,5095,4834
CELE_K02E11.1|ent-3,82,0
CELE_T16A9.6|T16A9.6,0,0
CELE_K02E11.14|K02E11.14,0,0
CELE_T16A9.5|T16A9.5,215,68
CELE_T16A9.4|nep-21,488,359
CELE_K02E11.2|sre-7,0,0
CELE_K02E11.10|K02E11.10,434,88
CELE_K02E11.3|K02E11.3,173,134
CELE_K02E11.4|K02E11.4,159,126
CELE_K02E11.9|K02E11.9,0,0
CELE_K02E11.6|K02E11.6,170,164
CELE_K02E11.12|21ur-13975,0,0
CELE_K02E11.5|K02E11.5,169,113
CELE_K02E11.7|K02E11.7,177,133
CELE_F40G12.5|F40G12.5,16,0
CELE_F40G12.6|F40G12.6,19,0
CELE_F40G12.14|F40G12.14,7,0
CELE_F40G12.10|F40G12.10,76,0
CELE_F40G12.11|F40G12.11,1865,1744
CELE_F14D7.3|F14D7.3,0,4
CELE_F14D7.4|F14D7.4,17,0
CELE_F14D7.12|F14D7.12,11,10
CELE_F14D7.10|spig-5,7,15
CELE_F14D7.8|F14D7.8,17,0
CELE_F14D7.2|F14D7.2,4209,3720
CELE_F14D7.6|F14D7.6,315,145
CELE_F14D7.7|spig-4,41,28
CELE_F47B8.16|F47B8.16,0,0
CELE_F47B8.2|F47B8.2,704,761
CELE_F47B8.3|F47B8.3,250,384
CELE_F47B8.17|F47B8.17,0,0
CELE_F47B8.4|F47B8.4,178,500
CELE_F47B8.5|F47B8.5,23,0
CELE_F47B8.6|pepm-1,23,0
CELE_F47B8.7|srm-4,17,0
CELE_F47B8.8|F47B8.8,337,349
CELE_F47B8.10|F47B8.10,67,66
CELE_F47B8.11|sss-2,209,42
CELE_F56A12.4|mir-241,2,0
CELE_F56A12.10|F56A12.10,0,0
CELE_F56A12.9|F56A12.9,0,0
CELE_F56A12.7|21ur-15402,0,0
CELE_F56A12.1|unc-39,261,253
CELE_F56A12.2|npr-43,0,0
CELE_C15H11.1|C15H11.1,38,12
CELE_C15H11.13|C15H11.13,9,0
CELE_Y49A3A.5|cyn-1,5361,5108
CELE_Y49A3A.4|Y49A3A.4,43,19
CELE_Y49A3A.6|Y49A3A.6,0,0
CELE_Y49A3A.1|cept-2,7926,7460
CELE_Y49A3A.2|vha-13,31298,22075
CELE_Y49A3A.3|Y49A3A.3,1001,1103
CELE_F23B12.1|F23B12.1,54,0
CELE_F23B12.9|egl-1,71,57
CELE_C15H11.2|gnrr-2,56,35
CELE_C15H11.16|C15H11.16,17,0
CELE_C15H11.12|C15H11.12,4,0
CELE_C15H11.3|nxf-1,8896,8135
CELE_C15H11.11|C15H11.11,68,50
CELE_C15H11.6|nxf-2,2161,2117
CELE_C15H11.5|set-31,1447,1341
CELE_C15H11.4|dhs-22,7491,7397
CELE_C15H11.7|pas-1,8785,8363
CELE_C15H11.8|rpoa-12,957,837
CELE_C15H11.9|rrsr-1,3824,3969
CELE_F23B12.10|F23B12.10,0,0
CELE_F23B12.4|F23B12.4,1017,666
CELE_F23B12.5|dlat-1,11816,12549
CELE_F23B12.6|fntb-1,5267,5036
CELE_F23B12.7|F23B12.7,5055,4856
CELE_F23B12.8|bmk-1,6429,5976
CELE_F08H9.2|F08H9.2,134,27
CELE_F08H9.14|F08H9.14,0,0
CELE_F08H9.10|F08H9.10,0,0
CELE_F08H9.1|coh-3,1808,1765
CELE_F08H9.9|clec-55,105,219
CELE_R02D5.7|R02D5.7,106,61
CELE_R02D5.10|R02D5.10,16,0
CELE_F08H9.6|clec-57,261,245
CELE_F08H9.15|F08H9.15,15,16
CELE_F08H9.5|clec-227,190,166
CELE_F08H9.7|clec-56,1937,1012
CELE_F08H9.8|clec-54,663,634
CELE_R02D5.6|R02D5.6,0,0
CELE_R02D5.11|R02D5.11,0,0
CELE_R02D5.13|R02D5.13,0,0
CELE_R02D5.19|R02D5.19,0,0
CELE_R02D5.18|R02D5.18,0,0
CELE_R02D5.15|R02D5.15,0,0
CELE_R02D5.14|R02D5.14,0,2
CELE_R02D5.23|R02D5.23,0,0
CELE_R02D5.17|R02D5.17,0,0
CELE_R02D5.16|R02D5.16,0,0
CELE_R02D5.12|R02D5.12,0,0
CELE_R02D5.3|R02D5.3,418,302
CELE_R02D5.4|R02D5.4,8,0
CELE_R02D5.24|R02D5.24,4,0
CELE_R02D5.1|R02D5.1,671,668
CELE_R02D5.8|R02D5.8,616,578
CELE_C53A5.17|C53A5.17,1155,1120
CELE_C53A5.16|C53A5.16,936,892
CELE_C53A5.2|ven-1,109,54
CELE_C53A5.1|ril-1,15691,13940
CELE_C53A5.3|hda-1,10914,10572
CELE_Y40H4A.2|Y40H4A.2,34,0
CELE_Y40H4A.1|gar-3,138,133
CELE_Y40H4A.3|Y40H4A.3,0,0
CELE_R11H6.6|R11H6.6,242,186
CELE_C53A5.15|21ur-13956,0,0
CELE_C53A5.5|kcnl-4,67,52
CELE_C53A5.13|C53A5.13,443,295
CELE_C53A5.4|tag-191,24,29
CELE_C53A5.6|rike-1,4697,4225
CELE_R11H6.3|glb-22,33,43
CELE_R11H6.7|R11H6.7,12,0
CELE_R11H6.8|R11H6.8,0,0
CELE_R11H6.1|pes-9,12845,8595
CELE_R11H6.2|R11H6.2,4740,4662
CELE_R11H6.4|R11H6.4,356,400
CELE_R11H6.5|R11H6.5,4187,4062
CELE_F43D2.1|ccnk-1,3087,2795
CELE_F43D2.4|hot-1,134,112
CELE_F43D2.6|F43D2.6,947,702
CELE_F43D2.3|F43D2.3,18,0
CELE_F43D2.7|F43D2.7,125,99
CELE_C54G10.1|C54G10.1,8,10
CELE_F43D2.2|F43D2.2,1975,1863
CELE_C54G10.2|rfc-1,11484,11117
CELE_C47E8.10|C47E8.10,9,0
CELE_C47E8.9|C47E8.9,0,0
CELE_C47E8.1|C47E8.1,19,15
CELE_C47E8.12|C47E8.12,0,0
CELE_C54G10.6|mir-8210,0,0
CELE_C54G10.5|C54G10.5,0,0
CELE_C54G10.3|pmp-3,5045,5334
CELE_C54G10.4|slc-25A29,204,128
CELE_C47E8.T1|C47E8.t1,0,0
CELE_C47E8.15|C47E8.15,0,0
CELE_C47E8.7|unc-112,3605,3075
CELE_R08A2.3|ssp-33,17,9
CELE_R08A2.5|R08A2.5,0,0
CELE_R08A2.2|R08A2.2,37,0
CELE_R08A2.1|R08A2.1,55,0
CELE_R08A2.7|R08A2.7,53,40
CELE_C47E8.8|set-5,1693,1618
CELE_Y50E8A.1|Y50E8A.1,121,137
CELE_Y50E8A.2|Y50E8A.2,8,0
CELE_Y50E8A.5|Y50E8A.5,117,147
CELE_Y50E8A.21|Y50E8A.21,0,0
CELE_Y50E8A.3|oig-3,351,327
CELE_Y50E8A.4|unc-61,6289,6183
CELE_C47E8.3|C47E8.3,30,50
CELE_C47E8.4|C47E8.4,2931,2433
CELE_C47E8.5|hsp-90,185789,170504
CELE_C47E8.11|C47E8.11,14,0
CELE_Y75B12B.8|Y75B12B.8,11,42
CELE_C41G6.13|C41G6.13,11,15
CELE_C41G6.9|srh-165,0,0
CELE_Y75B12B.13|Y75B12B.13,0,0
CELE_Y75B12B.6|plc-2,895,904
CELE_C41G6.1|cyp-34A3,0,0
CELE_C41G6.17|C41G6.17,0,0
CELE_M01B2.6|chil-12,138,101
CELE_M01B2.1|kin-30,44,58
CELE_M01B2.13|M01B2.13,25,158
CELE_M01B2.8|M01B2.8,0,0
CELE_M01B2.10|M01B2.10,269,336
CELE_T10H4.13|T10H4.13,0,0
CELE_T10H4.9|srx-51,0,0
CELE_T10H4.16|T10H4.16,0,0
CELE_T10H4.10|cyp-34A1,22,28
CELE_T10H4.17|T10H4.17,0,0
CELE_T10H4.11|cyp-34A2,761,1490
CELE_ZK1037.4|nhr-246,24,0
CELE_ZK1037.13|nhr-291,0,0
CELE_T10H4.12|cpr-3,2902,1642
CELE_H02K04.1|clec-229,22,0
CELE_ZK1037.6|ZK1037.6,314,300
CELE_C29F3.3|C29F3.3,9,0
CELE_C29F3.2|wrt-8,72,25
CELE_C29F3.5|clec-230,53,40
CELE_C29F3.6|srx-58,0,0
CELE_C29F3.8|21ur-14520,0,0
CELE_R08H2.1|dhs-23,1030,505
CELE_C29F3.9|C29F3.9,0,0
CELE_C29F3.7|C29F3.7,8646,4564
CELE_C29F3.1|ech-1.1,982,800
CELE_Y50E8A.9|scrm-7,0,0
CELE_C48G7.4|C48G7.4,0,0
CELE_W06A7.9|W06A7.9,0,0
CELE_W06A7.11|W06A7.11,0,0
CELE_W06A7.10|W06A7.10,0,0
CELE_W06A7.7|W06A7.7,0,0
CELE_W06A7.6|W06A7.6,0,0
CELE_ZC412.15|ZC412.15,0,0
CELE_ZC412.13|ZC412.13,0,0
CELE_ZC412.T2|ZC412.t2,0,0
CELE_ZC412.14|ZC412.14,0,0
CELE_ZC412.2|gcy-14,0,0
CELE_ZC412.11|ZC412.11,0,0
CELE_ZC412.12|ZC412.12,0,0
CELE_H12D21.16|H12D21.16,0,0
CELE_H12D21.6|H12D21.6,0,0
CELE_H12D21.17|H12D21.17,0,0
CELE_H12D21.9|H12D21.9,61,48
CELE_H12D21.11|H12D21.11,0,0
CELE_W09D12.3|srg-54,0,0
CELE_W09D12.2|srg-55,0,0
CELE_W09D12.4|21ur-15243,0,0
CELE_W09D12.5|W09D12.5,0,0
CELE_C30G7.6|21ur-14713,0,0
CELE_C30G7.7|21ur-14647,0,0
CELE_C30G7.5|C30G7.5,0,0
CELE_F02D8.9|F02D8.9,0,0
CELE_F02D8.7|21ur-15104,0,0
CELE_F02D8.6|21ur-15081,0,0
CELE_F02D8.1|F02D8.1,0,0
CELE_F02D8.8|F02D8.8,0,0
CELE_T01C3.13|T01C3.13,0,0
CELE_T01C3.10|nmr-2,57,42
CELE_F14H8.10|F14H8.10,0,0
CELE_F14H8.T1|F14H8.t1,0,0
CELE_F14H8.2|eakr-1,0,0
CELE_F14H8.5|eakr-2,0,0
CELE_F14H8.4|eakr-3,0,0
CELE_F14H8.6|cng-1,101,74
CELE_F14H8.9|21ur-14673,0,0
CELE_C25D7.9|C25D7.9,0,0
CELE_C25D7.18|C25D7.18,0,0
CELE_C25D7.17|C25D7.17,0,0
CELE_C01G10.18|C01G10.18,0,0
CELE_C01G10.3|srx-78,0,0
CELE_C01G10.2|srx-79,0,0
CELE_C01G10.19|C01G10.19,0,0
CELE_C01G10.13|C01G10.13,0,0
CELE_Y75B12A.1|Y75B12A.1,0,0
CELE_T01G5.8|T01G5.8,0,0
CELE_T01G5.3|srj-27,0,0
CELE_T01G5.10|T01G5.10,0,0
CELE_T01G5.9|21ur-14587,0,0
CELE_T01G5.4|srr-7,0,0
CELE_T01G5.5|str-171,0,0
CELE_K08F9.3|K08F9.3,35,35
CELE_T09F5.21|mir-8197,0,0
CELE_T09F5.2|T09F5.2,0,0
CELE_T09F5.15|srh-53,0,0
CELE_T09F5.5|srh-55,0,0
CELE_T09F5.T1|T09F5.t1,0,0
CELE_T09F5.3|str-45,0,0
CELE_T09F5.4|T09F5.4,0,0
CELE_T09F5.16|srz-11,0,0
CELE_T09F5.8|srh-278,0,0
CELE_T09F5.18|T09F5.18,0,0
CELE_T09F5.19|T09F5.19,0,0
CELE_T09F5.17|T09F5.17,0,0
CELE_T09F5.13|T09F5.13,0,0
CELE_T09F5.14|srw-25,0,0
CELE_Y75B12B.12|Y75B12B.12,0,0
CELE_Y50E8A.16|haf-7,445,445
CELE_Y50E8A.10|Y50E8A.10,16,0
CELE_Y50E8A.11|Y50E8A.11,19,18
CELE_Y50E8A.12|Y50E8A.12,56,33
CELE_C48G7.3|rin-1,7816,7443
CELE_W06A7.2|W06A7.2,446,345
CELE_W06A7.4|W06A7.4,339,277
CELE_W06A7.5|nspa-8,78,13
CELE_W06A7.3|ret-1,26434,28096
CELE_ZC412.3|ZC412.3,671,464
CELE_ZC412.5|ZC412.5,33,11
CELE_ZC412.10|ZC412.10,118,143
CELE_ZC412.6|nspa-5,48,12
CELE_ZC412.8|ZC412.8,15,20
CELE_ZC412.7|nspa-3,260,88
CELE_ZC412.9|ZC412.9,27,0
CELE_H12D21.15|nspa-7,59,13
CELE_H12D21.13|nspa-4,8,0
CELE_H12D21.3|H12D21.3,15,17
CELE_H12D21.1|nspa-1,177,55
CELE_H12D21.2|H12D21.2,21,0
CELE_H12D21.14|nspa-6,40,13
CELE_H12D21.5|H12D21.5,21,0
CELE_H12D21.7|mpst-3,1213,807
CELE_H12D21.10|H12D21.10,325,263
CELE_W09D12.1|zmp-4,1786,2253
CELE_C30G7.2|nssp-70,170,164
CELE_C30G7.3|C30G7.3,115,35
CELE_C30G7.4|C30G7.4,172,130
CELE_C30G7.1|hil-1,785,936
CELE_F02D8.5|nlp-59,131,117
CELE_F02D8.2|grd-12,33,0
CELE_F02D8.4|F02D8.4,1596,1295
CELE_T01C3.1|cdt-2,4012,4022
CELE_T01C3.2|T01C3.2,1999,1829
CELE_T01C3.3|T01C3.3,6731,5967
CELE_T01C3.4|fil-1,1001,1152
CELE_T01C3.5|irld-14,21,0
CELE_T01C3.11|T01C3.11,40,22
CELE_T01C3.6|rps-16,35761,31358
CELE_T01C3.7|fib-1,23249,20890
CELE_T01C3.8|mut-15,1978,1930
CELE_T01C3.9|hrde-2,2291,2207
CELE_F14H8.1|obr-2,1003,911
CELE_C25D7.12|C25D7.12,88,61
CELE_C25D7.14|C25D7.14,14,0
CELE_C25D7.1|melo-3,44,0
CELE_C25D7.3|sdc-3,2167,1944
CELE_C25D7.4|fbxa-82,51,83
CELE_C25D7.5|C25D7.5,235,142
CELE_C25D7.16|C25D7.16,9,13
CELE_C25D7.6|mcm-3,15542,14011
CELE_C25D7.15|nssp-71,32,49
CELE_C25D7.7|rap-2,2628,2555
CELE_C25D7.8|otub-1,4682,4699
CELE_C25D7.10|C25D7.10,1533,1545
CELE_C01G10.12|dnj-3,336,419
CELE_C01G10.11|unc-76,4491,4144
CELE_C01G10.10|C01G10.10,731,659
CELE_C01G10.9|C01G10.9,315,310
CELE_C01G10.8|ahsa-1,11892,10799
CELE_C01G10.7|C01G10.7,1924,1649
CELE_C01G10.15|C01G10.15,53,42
CELE_C01G10.6|C01G10.6,31,30
CELE_C01G10.5|C01G10.5,44,5
CELE_C01G10.4|C01G10.4,52,10
CELE_C01G10.17|C01G10.17,35,22
CELE_C01G10.16|txt-12,13,0
CELE_C01G10.14|C01G10.14,30,0
CELE_T01G5.7|T01G5.7,591,524
CELE_T01G5.1|flor-1,159,94
CELE_K08F9.2|aipl-1,11675,11147
CELE_K08F9.1|K08F9.1,308,373
CELE_K08F9.4|K08F9.4,3867,3506
CELE_T09F5.1|T09F5.1,108,118
CELE_T09F5.12|T09F5.12,450,391
CELE_T09F5.9|clec-47,2388,824
CELE_T09F5.10|T09F5.10,21,0
CELE_T09F5.11|fbxa-84,244,106
CELE_Y75B12B.1|Y75B12B.1,8439,7697
CELE_Y75B12B.3|Y75B12B.3,28,39
CELE_Y75B12B.2|cyn-7,57069,51974
CELE_Y75B12B.4|bath-36,213,240
CELE_Y75B12B.5|cyn-3,10627,9422
CELE_T06E6.15|T06E6.15,0,30
CELE_T06E6.10|T06E6.10,336,323
CELE_Y36E3A.1|fbxa-209,51,60
CELE_T26H5.8|T26H5.8,29,79
CELE_T26H5.10|T26H5.10,15,34
CELE_T26H5.13|linc-123,0,0
CELE_T26H5.11|T26H5.11,0,0
CELE_T26H5.9|T26H5.9,1358,1278
CELE_T26H5.3|srh-239,0,0
CELE_T26H5.4|T26H5.4,46,71
CELE_T26H5.5|srw-33,0,0
CELE_T26H5.14|T26H5.14,126,94
CELE_T23F1.5|rocf-1,299,149
CELE_T23F1.6|pqn-71,27,0
CELE_T06E6.1|T06E6.1,2057,1936
CELE_T06E6.2|cyb-3,48569,46149
CELE_T06E6.3|fbxa-199,21,20
CELE_C06B8.T2|C06B8.t2,0,0
CELE_C06B8.1|nhr-150,46,44
CELE_T23F1.7|dpf-1,255,148
CELE_C06B8.2|C06B8.2,406,265
CELE_C06B8.12|nhr-151,99,126
CELE_C06B8.10|srh-218,0,0
CELE_C06B8.6|srh-219,0,0
CELE_C06B8.13|C06B8.13,0,0
CELE_C06B8.14|C06B8.14,0,0
CELE_C06B8.15|C06B8.15,0,0
CELE_C06B8.T3|C06B8.t3,0,0
CELE_C06B8.7|C06B8.7,2185,2260
CELE_F21A3.10|F21A3.10,0,0
CELE_F21A3.T2|F21A3.t2,0,0
CELE_F21A3.9|F21A3.9,0,0
CELE_C06B8.8|rpl-38,22830,20623
CELE_F21A3.7|lgc-31,96,71
CELE_F21A3.T1|F21A3.t1,2,0
CELE_F21A3.3|F21A3.3,302,201
CELE_F21A3.1|srh-276,0,0
CELE_F21A3.11|F21A3.11,1832,2380
CELE_F21A3.2|F21A3.2,4,0
CELE_F21A3.4|F21A3.4,16,14
CELE_F21A3.5|prde-1,804,765
CELE_F28F8.12|F28F8.12,0,0
CELE_F28F8.T3|F28F8.t3,0,0
CELE_F28F8.T2|F28F8.t2,0,0
CELE_F28F8.1|acr-18,91,51
CELE_F28F8.2|acs-2,41,35
CELE_F28F8.3|lsm-5,1933,1696
CELE_F28F8.4|fbxa-95,389,374
CELE_B0391.14|B0391.14,41,60
CELE_B0391.11|fbxa-152,0,0
CELE_B0391.5|fbxa-153,311,259
CELE_C55A1.14|srz-43,0,0
CELE_C55A1.6|C55A1.6,26,47
CELE_F28F8.8|fbxa-94,0,0
CELE_F28F8.5|mdt-28,2198,1932
CELE_F28F8.6|atx-3,2307,2227
CELE_F28F8.9|F28F8.9,984,962
CELE_F28F8.7|F28F8.7,396,425
CELE_B0391.10|B0391.10,646,708
CELE_F28F8.10|F28F8.10,113,102
CELE_B0391.9|fbxa-139,31,29
CELE_B0391.8|B0391.8,172,184
CELE_K06B4.15|K06B4.15,21,0
CELE_K06B4.5|nhr-196,0,0
CELE_K06B4.11|nhr-53,87,107
CELE_Y6E2A.4|Y6E2A.4,44,231
CELE_Y6E2A.1|Y6E2A.1,0,0
CELE_K06B4.12|twk-34,487,294
CELE_Y6E2A.9|sfxn-1.3,22,0
CELE_T23D5.7|str-19,0,0
CELE_Y6E2A.10|Y6E2A.10,35,19
CELE_T23D5.16|T23D5.16,0,0
CELE_T23D5.11|str-8,0,0
CELE_C55A1.8|sru-42,0,0
CELE_F53E4.1|F53E4.1,5222,5187
CELE_F53E4.2|F53E4.2,0,0
CELE_F57A10.2|F57A10.2,23,29
CELE_F57A10.6|nhr-283,0,0
CELE_F57A10.1|str-9,0,0
CELE_F57A10.8|F57A10.8,0,0
CELE_F57A10.7|F57A10.7,0,0
CELE_F57A10.9|F57A10.9,0,0
CELE_F57A10.3|haf-3,3730,3896
CELE_T26E4.4|T26E4.4,43,0
CELE_T26E4.18|T26E4.18,0,0
CELE_T26E4.12|srd-27,19,0
CELE_F57A10.4|F57A10.4,667,655
CELE_F57A10.5|nhr-60,86,82
CELE_F54B8.17|F54B8.17,0,0
CELE_F54B8.7|srbc-49,0,0
CELE_F54B8.13|nas-40,0,0
CELE_K08G2.13|srh-149,0,0
CELE_F54B8.3|fbxa-69,392,376
CELE_F54B8.4|F54B8.4,251,166
CELE_K08G2.5|srh-148,16,0
CELE_T06C12.4|fbxa-197,252,275
CELE_T06C12.5|fbxa-198,268,245
CELE_T06C12.6|nhr-102,218,165
CELE_T06C12.8|oac-42,0,0
CELE_T06C12.7|nhr-84,443,432
CELE_T06C12.10|cgt-1,162,193
CELE_T06C12.13|nhr-213,52,78
CELE_F35E8.17|F35E8.17,0,0
CELE_F35E8.20|F35E8.20,0,0
CELE_F35E8.2|F35E8.2,44,21
CELE_F35E8.9|F35E8.9,0,0
CELE_F35E8.8|gst-38,6545,2336
CELE_F35E8.13|F35E8.13,0,0
CELE_F35E8.16|21ur-14863,0,0
CELE_F35E8.11|cdr-1,693,395
CELE_F35E8.12|nhr-108,74,42
CELE_T05G11.1|pzf-1,801,720
CELE_F36G9.3|F36G9.3,134,252
CELE_F36G9.18|F36G9.18,0,0
CELE_F36G9.7|F36G9.7,17,73
CELE_F36G9.5|sru-22,38,0
CELE_F36G9.11|clec-232,216,192
CELE_F36G9.17|F36G9.17,3,3
CELE_F36G9.12|oac-20,997,304
CELE_F36G9.14|fbxa-99,143,134
CELE_C06C6.5|nhr-50,193,219
CELE_C06C6.8|C06C6.8,7,0
CELE_C06C6.3|str-231,0,0
CELE_C06C6.11|21ur-13193,0,0
CELE_C06C6.4|nhr-63,161,80
CELE_T10C6.16|T10C6.16,30,12
CELE_T10C6.9|T10C6.9,27,29
CELE_T10C6.19|T10C6.19,0,0
CELE_T10C6.11|his-4,18,8
CELE_T10C6.12|his-3,56,38
CELE_T10C6.13|his-2,8,9
CELE_T10C6.14|his-1,27,15
CELE_T10C6.18|linc-61,0,0
CELE_T10C6.10|T10C6.10,1014,721
CELE_T10C6.15|T10C6.15,84,109
CELE_ZK285.2|ZK285.2,13,9
CELE_T10C6.5|cwc-15,7446,6423
CELE_T10C6.6|T10C6.6,3918,3631
CELE_T10C6.7|T10C6.7,2905,2689
CELE_T10C6.8|hpo-42,345,321
CELE_F14H3.3|F14H3.3,679,635
CELE_F14H3.4|F14H3.4,1628,1453
CELE_F14H3.5|F14H3.5,776,697
CELE_F14H3.14|F14H3.14,0,0
CELE_F22B8.4|F22B8.4,31,23
CELE_F14H3.1|srj-10,0,0
CELE_F14H3.10|cyp-35D1,155,237
CELE_F14H3.11|nhr-176,314,330
CELE_F14H3.12|F14H3.12,348,291
CELE_F22B8.1|srj-29,56,31
CELE_F14H3.6|F14H3.6,12108,10521
CELE_F22B8.7|F22B8.7,663,744
CELE_F22B8.6|cth-1,336,258
CELE_F44G3.14|fbxa-143,61,47
CELE_F44G3.13|fbxa-87,61,112
CELE_F44G3.12|fbxa-142,0,0
CELE_F44G3.7|F44G3.7,67,0
CELE_F44G3.10|clc-11,43,0
CELE_F44G3.6|skr-3,2333,1890
CELE_F10A3.2|fbxa-88,50,26
CELE_F10A3.3|fbxa-18,50,31
CELE_F10A3.8|str-97,0,0
CELE_F10A3.7|F10A3.7,0,0
CELE_F10A3.4|F10A3.4,150,138
CELE_F10A3.6|str-99,0,0
CELE_F10A3.11|F10A3.11,0,0
CELE_F10A3.17|F10A3.17,1010,587
CELE_K05D4.11|K05D4.11,0,0
CELE_K05D4.4|cyp-33D1,48,0
CELE_F11A5.18|F11A5.18,32,21
CELE_F11A5.8|oac-15,0,0
CELE_F11A5.9|F11A5.9,1271,1393
CELE_F11A5.15|F11A5.15,91,131
CELE_F11A5.12|stdh-2,169,185
CELE_F11A5.10|glc-1,1769,2356
CELE_F21H7.2|F21H7.2,90,77
CELE_F21H7.12|F21H7.12,18,49
CELE_F21H7.1|gst-22,352,230
CELE_F21H7.3|F21H7.3,24,25
CELE_F21H7.4|clec-233,54,18
CELE_F21H7.5|F21H7.5,343,101
CELE_F21H7.17|F21H7.17,0,0
CELE_F21H7.10|bgnt-1.3,43,40
CELE_T13F3.2|nhr-218,30,24
CELE_T13F3.3|nhr-127,71,91
CELE_T13F3.5|fbxa-2,87,89
CELE_T13F3.8|T13F3.8,39,38
CELE_T13F3.6|T13F3.6,90,107
CELE_T13F3.7|pacl-1,19,20
CELE_F28G4.4|F28G4.4,22,0
CELE_F28G4.5|oac-18,106,37
CELE_C31A11.10|srbc-84,0,0
CELE_C31A11.1|oac-5,93,53
CELE_F28G4.1|cyp-37B1,2191,7802
CELE_C31A11.4|srbc-82,13,0
CELE_C31A11.7|oac-7,60,53
CELE_F57G8.8|srv-36,0,0
CELE_F57G8.7|F57G8.7,41,147
CELE_F57G8.3|srh-167,0,0
CELE_C31A11.5|oac-6,1584,549
CELE_F57G8.5|slc-9B.2,64,87
CELE_W08G11.5|W08G11.5,0,0
CELE_F57G8.6|nhr-193,73,72
CELE_W08G11.1|W08G11.1,90,26
CELE_F13A7.1|F13A7.1,141,40
CELE_F13A7.9|skr-11,248,178
CELE_F13A7.15|F13A7.15,0,0
CELE_F13A7.10|gst-44,70,57
CELE_F13A7.11|F13A7.11,195,126
CELE_F13A7.12|F13A7.12,72,20
CELE_W08G11.4|pptr-1,4682,5188
CELE_W08G11.3|W08G11.3,2615,2627
CELE_W08G11.6|W08G11.6,2,5
CELE_T20B3.8|clec-23,0,17
CELE_T20B3.15|clec-25,39,58
CELE_T20B3.7|phy-3,56,40
CELE_T20B3.2|tni-3,1143,1230
CELE_T20B3.16|clec-36,72,63
CELE_T20B3.12|clec-26,86,74
CELE_Y102A5B.2|clec-35,0,0
CELE_Y102A5B.1|clec-27,23,32
CELE_F49A5.3|clec-22,0,0
CELE_F49A5.2|clec-31,52,152
CELE_F49A5.4|clec-24,35,24
CELE_F49A5.5|clec-28,33,0
CELE_F49A5.8|srw-23,0,0
CELE_F49A5.10|F49A5.10,8,0
CELE_F09C6.3|F09C6.3,32,18
CELE_F09C6.14|F09C6.14,13,0
CELE_F09C6.11|F09C6.11,27,15
CELE_F09C6.12|F09C6.12,48,21
CELE_F09C6.13|F09C6.13,49,43
CELE_F09C6.1|ifas-2,32,33
CELE_F09C6.5|srp-9,0,0
CELE_F09C6.10|F09C6.10,0,21
CELE_F09C6.9|nhr-116,113,152
CELE_Y102A5C.1|fbxa-206,1167,973
CELE_Y102A5C.4|Y102A5C.4,26,0
CELE_Y102A5C.2|Y102A5C.2,527,542
CELE_Y102A5C.3|fbxa-207,298,318
CELE_Y102A5C.35|Y102A5C.35,15,0
CELE_Y102A5C.36|Y102A5C.36,210,199
CELE_Y102A5C.7|clec-237,0,0
CELE_Y102A5C.14|fbxa-111,0,0
CELE_Y102A5C.13|fbxa-112,0,0
CELE_Y102A5C.15|srh-206,0,0
CELE_Y102A5C.17|clec-238,34,13
CELE_Y102A5C.5|Y102A5C.5,602,627
CELE_Y102A5C.6|Y102A5C.6,1140,1138
CELE_Y102A5C.19|fbxa-90,133,93
CELE_F49H6.5|F49H6.5,50,70
CELE_F28B1.7|srh-256,0,0
CELE_T05E12.8|T05E12.8,28,23
CELE_T05E12.10|T05E12.10,36,64
CELE_Y102A5C.18|efl-1,3932,3885
CELE_T05E12.3|T05E12.3,159,206
CELE_T05E12.9|T05E12.9,0,0
CELE_T05E12.11|21ur-15260,0,0
CELE_T05E12.7|srh-237,28,0
CELE_ZK218.1|ZK218.1,0,0
CELE_T05E12.6|T05E12.6,763,412
CELE_ZK218.5|ZK218.5,0,0
CELE_ZK218.14|ZK218.14,0,0
CELE_Y102A5D.6|rrn-4.8,2,0
CELE_F40D4.17|F40D4.17,182,173
CELE_F40D4.15|21ur-12557,0,0
CELE_F40D4.13|F40D4.13,29,22
CELE_F40D4.16|F40D4.16,32,50
CELE_F40D4.8|srw-51,0,0
CELE_Y68A4A.13|Y68A4A.13,41,79
CELE_T19C9.2|srh-112,0,0
CELE_Y68A4B.3|Y68A4B.3,62,37
CELE_T19C9.10|T19C9.10,26,0
CELE_T19C9.8|T19C9.8,233,140
CELE_Y61B8A.4|fbxa-85,132,69
CELE_K10G4.3|K10G4.3,76,87
CELE_K10G4.10|K10G4.10,13,21
CELE_K10G4.7|srh-262,0,15
CELE_K10G4.14|K10G4.14,0,0
CELE_F31E9.6|F31E9.6,214,157
CELE_F47H4.2|F47H4.2,105,87
CELE_Y20C6A.1|Y20C6A.1,267,279
CELE_Y20C6A.2|fbxb-7,172,156
CELE_T27C5.12|T27C5.12,0,0
CELE_T27C5.8|clc-21,0,10
CELE_F31E9.7|srz-26,0,0
CELE_F31E9.T1|F31E9.t1,0,0
CELE_F31E9.5|srz-58,0,0
CELE_F31E9.8|F31E9.8,0,0
CELE_F31E9.2|srg-44,0,0
CELE_F47H4.4|fbxa-185,0,0
CELE_F47H4.6|fbxa-186,0,0
CELE_F47H4.7|fbxa-187,61,57
CELE_F47H4.11|fbxa-134,0,15
CELE_F31E9.11|F31E9.11,112,53
CELE_F31E9.1|fbxa-180,147,127
CELE_F31E9.3|F31E9.3,58,92
CELE_F31E9.4|sdz-16,139,155
CELE_F47H4.8|fbxa-188,123,112
CELE_F47H4.9|fbxa-189,321,338
CELE_F47H4.10|skr-5,51,44
CELE_F47H4.1|lsy-27,1685,1409
CELE_F20E11.17|F20E11.17,10,0
CELE_F08E10.2|srbc-61,0,0
CELE_F08E10.7|scl-24,23,0
CELE_K03D7.12|K03D7.12,4,0
CELE_C18D4.12|C18D4.12,6,5
CELE_C18D4.2|fbxa-136,0,0
CELE_C18D4.6|C18D4.6,154,183
CELE_C18D4.11|linc-14,38,13
CELE_C38D9.9|fbxa-176,17,36
CELE_C18D4.8|C18D4.8,190,386
CELE_C38D9.12|fbxa-175,45,72
CELE_C38D9.8|C38D9.8,94,78
CELE_C38D9.10|srg-43,0,0
CELE_C38D9.6|fbxa-172,29,61
CELE_Y6G8.2|Y6G8.2,500,911
CELE_Y6G8.16|Y6G8.16,0,0
CELE_Y6G8.15|Y6G8.15,10,0
CELE_Y6G8.3|ztf-25,682,697
CELE_Y6G8.5|Y6G8.5,0,0
CELE_F57G4.4|fbxa-191,125,145
CELE_F57G4.8|fbxa-192,496,404
CELE_F59A1.9|fbxa-193,414,403
CELE_F59A1.8|fbxa-129,266,294
CELE_F59A1.7|fbxa-108,238,381
CELE_F59A1.T1|F59A1.t1,0,0
CELE_F59A1.11|F59A1.11,0,0
CELE_F59A1.T2|F59A1.t2,0,0
CELE_F59A1.19|F59A1.19,0,0
CELE_F59A1.10|dgat-2,294,214
CELE_F59A1.15|F59A1.15,26,0
CELE_F59A1.T6|F59A1.t6,0,0
CELE_F59A1.T5|F59A1.t5,0,0
CELE_F59A1.13|F59A1.13,32,57
CELE_W06D12.5|twk-33,256,184
CELE_W06D12.T2|W06D12.t2,0,0
CELE_W06D12.T1|W06D12.t1,0,0
CELE_R12G8.T2|R12G8.t2,0,0
CELE_W06D12.8|W06D12.8,0,0
CELE_W06D12.3|fat-5,548,506
CELE_W06D12.2|twk-42,97,59
CELE_R12G8.1|R12G8.1,9,11
CELE_F26D2.3|F26D2.3,0,0
CELE_F26D2.18|21ur-12126,0,0
CELE_F26D2.4|srh-145,0,0
CELE_F26D2.5|srh-144,0,0
CELE_F26D2.8|F26D2.8,0,0
CELE_F26D2.7|str-55,0,15
CELE_F26D2.11|srw-29,0,0
CELE_F26D2.1|str-73,0,0
CELE_F26D2.12|clec-234,0,0
CELE_F26D2.14|F26D2.14,0,0
CELE_T08G3.6|T08G3.6,0,0
CELE_T08G3.13|T08G3.13,0,0
CELE_T08G3.15|T08G3.15,0,0
CELE_T08G3.2|str-14,0,0
CELE_T08G3.1|str-15,0,0
CELE_T08G3.3|srh-142,0,0
CELE_T08G3.8|sru-44,0,0
CELE_T08G3.12|srh-138,0,0
CELE_T08G3.10|srw-35,0,0
CELE_T08G3.14|T08G3.14,0,0
CELE_T08G3.11|T08G3.11,0,0
CELE_F57E7.4|F57E7.4,0,0
CELE_F57E7.7|21ur-15494,0,0
CELE_F57E7.1|spig-6,16,9
CELE_F57E7.2|F57E7.2,0,0
CELE_F57E7.3|srh-139,0,0
CELE_F57E7.5|F57E7.5,0,0
CELE_F57E7.6|F57E7.6,0,0
CELE_Y32B12A.5|Y32B12A.5,0,0
CELE_Y32B12A.1|sqst-4,0,0
CELE_Y32B12A.2|srbc-73,0,0
CELE_Y32B12A.6|srh-259,0,0
CELE_Y32B12A.7|srh-260,0,0
CELE_F36D3.6|srh-136,0,0
CELE_F36D3.14|F36D3.14,0,0
CELE_F36D3.7|F36D3.7,0,0
CELE_F36D3.15|F36D3.15,0,0
CELE_F36D3.10|clec-235,0,0
CELE_Y32B12B.8|Y32B12B.8,0,0
CELE_Y32B12B.1|Y32B12B.1,0,0
CELE_Y32B12B.3|srbc-65,0,0
CELE_Y32B12B.4|Y32B12B.4,2910,2841
CELE_Y32B12B.T1|Y32B12B.t1,0,0
CELE_Y32B12B.T2|Y32B12B.t2,0,0
CELE_Y32B12B.7|sru-45,0,0
CELE_Y32B12B.6|nhr-233,0,0
CELE_Y32B12B.5|str-149,0,0
CELE_T03E6.3|nhr-271,0,0
CELE_T03E6.2|T03E6.2,0,0
CELE_T03E6.12|T03E6.12,0,0
CELE_T03E6.4|str-150,0,0
CELE_T03E6.10|T03E6.10,0,0
CELE_T03E6.11|T03E6.11,0,0
CELE_T03E6.6|srw-73,0,0
CELE_T03E6.13|T03E6.13,0,0
CELE_Y32B12C.4|21ur-15242,0,0
CELE_Y32B12C.2|srw-54,0,0
CELE_Y70C5A.2|Y70C5A.2,0,0
CELE_Y70C5A.5|Y70C5A.5,0,0
CELE_Y70C5A.T1|Y70C5A.t1,0,0
CELE_W06G6.2|W06G6.2,0,0
CELE_W06G6.3|srd-21,0,0
CELE_W06G6.4|srd-24,0,0
CELE_W06G6.13|srw-75,0,0
CELE_W06G6.16|W06G6.16,0,0
CELE_W06G6.6|srw-76,0,0
CELE_W06G6.T1|W06G6.t1,0,0
CELE_W06G6.8|srw-77,0,0
CELE_W06G6.19|W06G6.19,0,0
CELE_W06G6.T3|W06G6.t3,0,0
CELE_W06G6.9|W06G6.9,0,0
CELE_W06G6.10|W06G6.10,0,0
CELE_W06G6.20|W06G6.20,0,10
CELE_W06G6.18|W06G6.18,0,0
CELE_W06G6.T2|W06G6.t2,0,0
CELE_W06G6.11|W06G6.11,0,0
CELE_W06G6.21|W06G6.21,0,0
CELE_W06G6.15|W06G6.15,0,0
CELE_Y70C5B.2|Y70C5B.2,0,0
CELE_Y70C5B.1|Y70C5B.1,0,0
CELE_F14F8.14|F14F8.14,0,0
CELE_F14F8.9|F14F8.9,0,0
CELE_F14F8.1|str-61,0,0
CELE_F14F8.2|srz-2,0,0
CELE_F14F8.3|srz-1,0,0
CELE_F14F8.4|srz-103,0,0
CELE_F14F8.6|srw-44,0,0
CELE_F14F8.7|srw-36,0,0
CELE_F14F8.5|srw-43,0,0
CELE_F14F8.13|srz-102,0,0
CELE_F14F8.11|srw-42,0,0
CELE_F14F8.12|srz-101,0,0
CELE_F14F8.10|srw-41,0,0
CELE_Y70C5C.2|clec-9,0,0
CELE_Y70C5C.7|srz-98,0,0
CELE_Y70C5C.8|Y70C5C.8,0,0
CELE_Y70C5C.3|irld-58,0,0
CELE_Y70C5C.4|srh-137,0,0
CELE_T25E12.15|21ur-15294,0,0
CELE_T25E12.16|T25E12.16,0,0
CELE_T25E12.8|clec-34,0,0
CELE_T25E12.9|clec-29,0,0
CELE_T25E12.7|clec-39,0,0
CELE_T25E12.4|dkf-2,3554,2971
CELE_F14D1.1|F14D1.1,0,0
CELE_F14D1.2|F14D1.2,0,0
CELE_F14D1.3|F14D1.3,0,0
CELE_F13A7.14|F13A7.14,1837,1677
CELE_F26D2.2|syp-1,2955,3087
CELE_F26D2.10|F26D2.10,61,0
CELE_F26D2.15|F26D2.15,18,29
CELE_T08G3.4|T08G3.4,65,0
CELE_Y32B12A.3|comt-2,215,47
CELE_Y32B12A.4|Y32B12A.4,7,0
CELE_F36D3.1|F36D3.1,1005,1035
CELE_F36D3.2|nhr-54,48,50
CELE_F36D3.3|srr-3,23,0
CELE_F36D3.5|F36D3.5,71,0
CELE_F36D3.4|F36D3.4,125,42
CELE_F36D3.16|F36D3.16,36,0
CELE_Y32B12B.2|Y32B12B.2,3719,3481
CELE_T03E6.5|srh-269,14,0
CELE_T03E6.T1|T03E6.t1,3,0
CELE_T03E6.7|cpl-1,69538,56566
CELE_T03E6.9|T03E6.9,31,0
CELE_T03E6.8|T03E6.8,297,339
CELE_Y32B12C.5|Y32B12C.5,429,493
CELE_Y32B12C.1|Y32B12C.1,51,60
CELE_Y70C5A.3|Y70C5A.3,84,82
CELE_F14F8.8|F14F8.8,10,0
CELE_Y70C5C.1|Y70C5C.1,57,73
CELE_Y70C5C.5|clec-236,42,0
CELE_Y70C5C.6|nhr-112,238,83
CELE_T25E12.14|T25E12.14,17,0
CELE_T25E12.12|fbxa-127,143,97
CELE_T25E12.13|srz-99,86,103
CELE_T25E12.6|T25E12.6,750,671
CELE_T25E12.5|gyg-2,16011,15038
CELE_W06H3.1|immt-2,5859,5741
CELE_W06H3.2|pus-1,2416,2515
CELE_W06H3.3|ctps-1,9298,9196
CELE_Y102A5A.1|cand-1,16167,15370
CELE_T20B3.1|T20B3.1,2199,2743
CELE_T20B3.14|T20B3.14,35,27
CELE_C47A10.14|C47A10.14,0,0
CELE_C47A10.1|pgp-9,965,725
CELE_C47A10.5|ddo-1,563,630
CELE_C47A10.T5|C47A10.t5,0,0
CELE_C47A10.12|C47A10.12,0,0
CELE_C47A10.T1|C47A10.t1,0,0
CELE_Y94A7B.7|srh-303,0,0
CELE_Y59A8A.4|srh-286,0,0
CELE_Y59A8A.1|csn-1,4437,4227
CELE_Y59A8A.8|Y59A8A.8,5,9
CELE_Y59A8A.3|tcc-1,19825,19375
CELE_C06H5.1|fbxa-156,416,711
CELE_Y59A8A.2|phf-14,2659,2337
CELE_C06H5.6|C06H5.6,869,643
CELE_C06H5.2|fbxa-157,248,385
CELE_C06H5.7|dcar-1,1712,1876
CELE_C06H5.8|C06H5.8,84,66
CELE_E01B7.2|E01B7.2,977,830
CELE_Y59A8B.T1|Y59A8B.t1,0,0
CELE_Y59A8B.T2|Y59A8B.t2,0,0
CELE_Y59A8B.T3|Y59A8B.t3,0,0
CELE_Y59A8B.T4|Y59A8B.t4,0,0
CELE_E01B7.1|usp-50,2828,2721
CELE_Y59A8B.T5|Y59A8B.t5,2,2
CELE_Y59A8B.T6|Y59A8B.t6,2,2
CELE_Y59A8B.38|Y59A8B.38,0,0
CELE_Y59A8B.36|Y59A8B.36,0,0
CELE_Y59A8B.1|dpy-21,5378,5690
CELE_Y59A8B.23|gck-3,3731,3430
CELE_Y59A8B.22|snx-6,5752,5193
CELE_Y59A8B.26|Y59A8B.26,0,0
CELE_Y59A8B.3|srh-133,0,0
CELE_Y59A8B.20|lon-8,637,252
CELE_Y59A8B.21|Y59A8B.21,1997,1706
CELE_Y59A8B.28|Y59A8B.28,0,0
CELE_Y59A8B.27|Y59A8B.27,0,1
CELE_Y59A8B.30|Y59A8B.30,0,0
CELE_Y59A8B.29|Y59A8B.29,0,0
CELE_Y59A8B.33|Y59A8B.33,0,0
CELE_Y59A8B.6|prp-6,7912,7600
CELE_Y59A8B.35|Y59A8B.35,1,0
CELE_Y59A8B.7|ebp-1,1467,1259
CELE_Y59A8B.25|Y59A8B.25,450,443
CELE_Y59A8B.9|ebp-3,458,426
CELE_Y59A8B.31|Y59A8B.31,0,0
CELE_Y59A8B.32|Y59A8B.32,0,0
CELE_Y59A8B.37|Y59A8B.37,0,0
CELE_Y59A8B.34|Y59A8B.34,0,0
CELE_Y59A8B.8|Y59A8B.8,1379,1261
CELE_Y59A8B.10|nova-1,7228,6383
CELE_Y59A8B.11|fbxa-106,510,469
CELE_Y59A8B.12|Y59A8B.12,1728,1711
CELE_Y59A8B.13|slr-2,1381,1517
CELE_Y59A8B.14|par-4,4518,4324
CELE_Y37H2A.17|Y37H2A.17,0,0
CELE_Y37H2A.1|Y37H2A.1,2329,2361
CELE_Y37H2A.6|fbxa-211,442,395
CELE_Y37H2A.4|fbxa-107,376,376
CELE_Y37H2A.5|fbxa-210,1768,1645
CELE_Y37H2A.12|Y37H2A.12,414,430
CELE_Y37H2A.18|Y37H2A.18,175,228
CELE_Y37H2A.7|Y37H2A.7,112,125
CELE_Y37H2A.8|fbxa-212,183,292
CELE_Y37H2A.9|fbxc-46,273,315
CELE_Y37H2A.10|Y37H2A.10,0,0
CELE_Y37H2A.13|Y37H2A.13,347,217
CELE_Y37H2A.14|Y37H2A.14,483,268
CELE_C14A6.8|C14A6.8,0,0
CELE_C14A6.6|C14A6.6,23,26
CELE_C31G12.4|C31G12.4,0,0
CELE_C14A6.17|linc-98,0,0
CELE_C31G12.14|C31G12.14,0,0
CELE_C31G12.9|C31G12.9,0,0
CELE_C31G12.7|C31G12.7,0,0
CELE_C31G12.12|C31G12.12,0,0
CELE_C31G12.10|C31G12.10,0,2
CELE_C31G12.16|C31G12.16,0,0
CELE_C31G12.13|C31G12.13,0,0
CELE_C31G12.6|C31G12.6,0,0
CELE_C31G12.5|C31G12.5,0,0
CELE_C31G12.11|C31G12.11,0,0
CELE_C31G12.8|C31G12.8,0,0
CELE_C14A6.1|clec-48,1342,1554
CELE_C14A6.13|C14A6.13,32,0
CELE_C31G12.1|C31G12.1,177,159
CELE_C31G12.15|C31G12.15,0,0
CELE_F16H6.2|clec-246,0,10
CELE_F16H6.1|clec-42,145,79
CELE_F16H6.4|F16H6.4,0,0
CELE_F16H6.7|F16H6.7,30,15
CELE_F16H6.11|F16H6.11,15,0
CELE_F16H6.10|F16H6.10,588,452
CELE_Y37H2B.1|Y37H2B.1,0,16
CELE_R10E8.10|R10E8.10,0,0
CELE_R10E8.7|R10E8.7,711,699
CELE_R10E8.3|R10E8.3,46,47
CELE_R10E8.8|R10E8.8,426,916
CELE_R10E8.4|R10E8.4,0,0
CELE_R10E8.1|R10E8.1,642,591
CELE_Y51A2A.12|Y51A2A.12,0,0
CELE_Y51A2A.16|Y51A2A.16,20,29
CELE_Y51A2A.11|clec-248,0,0
CELE_R10E8.6|R10E8.6,498,376
CELE_Y51A2A.7|clec-249,0,0
CELE_Y51A2A.8|fbxa-109,0,0
CELE_Y51A2A.9|fbxa-117,24,15
CELE_B0462.3|fbxb-119,81,109
CELE_B0462.5|B0462.5,105,132
CELE_C08E8.10|C08E8.10,167,207
CELE_C08E8.3|C08E8.3,15,20
CELE_C08E8.2|C08E8.2,0,0
CELE_C08E8.1|C08E8.1,16,0
CELE_Y51A2B.2|Y51A2B.2,0,0
CELE_Y51A2B.15|Y51A2B.15,0,0
CELE_Y51A2B.13|Y51A2B.13,0,0
CELE_C08E8.T3|C08E8.t3,0,0
CELE_C08E8.4|C08E8.4,914,1070
CELE_Y51A2B.6|Y51A2B.6,0,0
CELE_ZK262.17|ZK262.17,0,2
CELE_ZK262.T1|ZK262.t1,0,0
CELE_ZK262.2|ZK262.2,47,42
CELE_ZK262.10|srj-26,0,0
CELE_ZK262.3|txt-8,45,48
CELE_ZK262.8|ZK262.8,0,0
CELE_ZK262.9|ZK262.9,0,0
CELE_ZK228.3|ZK228.3,567,308
CELE_ZK228.12|ZK228.12,39,38
CELE_ZK228.4|ZK228.4,842,306
CELE_Y51A2D.18|Y51A2D.18,414,236
CELE_Y51A2D.19|slo-1,522,371
CELE_Y51A2D.27|Y51A2D.27,0,0
CELE_Y51A2D.25|Y51A2D.25,0,0
CELE_Y51A2D.31|Y51A2D.31,0,0
CELE_Y51A2D.34|Y51A2D.34,0,0
CELE_Y51A2D.4|hmit-1.1,101,505
CELE_Y51A2D.5|hmit-1.2,323,409
CELE_Y51A2D.23|Y51A2D.23,22,15
CELE_Y51A2D.8|Y51A2D.8,22,19
CELE_Y51A2D.7|ints-5,1940,2220
CELE_Y51A2D.9|ttr-24,3080,2507
CELE_Y51A2D.10|ttr-25,1780,1376
CELE_Y51A2D.39|mir-4935,0,0
CELE_Y51A2D.12|srg-34,66,95
CELE_Y51A2D.11|ttr-26,1041,562
CELE_Y51A2D.14|txt-14,651,394
CELE_Y51A2D.38|Y51A2D.38,0,0
CELE_Y51A2D.26|Y51A2D.26,0,0
CELE_Y51A2D.21|Y51A2D.21,121,106
CELE_Y51A2D.13|Y51A2D.13,3763,3246
CELE_Y69H2.15|Y69H2.15,59,34
CELE_Y51A2D.40|Y51A2D.40,0,0
CELE_Y51A2D.15|grdn-1,2029,1615
CELE_Y51A2D.32|Y51A2D.32,4,3
CELE_Y69H2.1|Y69H2.1,0,0
CELE_Y51A2D.17|nhr-70,696,706
CELE_Y69H2.2|egas-3,113,77
CELE_Y69H2.14|col-42,12129,10855
CELE_Y69H2.10|Y69H2.10,50,81
CELE_Y69H2.22|Y69H2.22,0,0
CELE_Y69H2.21|Y69H2.21,0,0
CELE_Y69H2.25|Y69H2.25,0,0
CELE_Y69H2.24|Y69H2.24,0,0
CELE_Y69H2.23|Y69H2.23,0,0
CELE_Y69H2.17|Y69H2.17,0,0
CELE_Y69H2.20|Y69H2.20,0,0
CELE_Y69H2.6|ubc-19,181,236
CELE_Y69H2.18|Y69H2.18,0,0
CELE_Y69H2.9|Y69H2.9,184,157
CELE_Y17D7C.1|Y17D7C.1,0,0
CELE_Y69H2.26|Y69H2.26,0,0
CELE_Y69H2.7|Y69H2.7,2337,2413
CELE_Y17D7C.6|Y17D7C.6,16,0
CELE_Y17D7C.4|Y17D7C.4,100,143
CELE_Y17D7C.8|Y17D7C.8,0,0
CELE_Y17D7C.7|Y17D7C.7,0,0
CELE_Y17D7C.3|Y17D7C.3,428,422
CELE_ZK384.5|mir-262,0,0
CELE_ZK384.7|ZK384.7,132,96
CELE_F11D11.7|clec-252,0,0
CELE_F11D11.15|F11D11.15,0,0
CELE_F11D11.16|F11D11.16,0,0
CELE_Y69H2.12|egas-2,0,0
CELE_Y69H2.28|Y69H2.28,0,0
CELE_Y69H2.3|Y69H2.3,12707,9096
CELE_Y17D7B.4|Y17D7B.4,322,295
CELE_Y17D7B.7|Y17D7B.7,71,22
CELE_Y17D7B.3|Y17D7B.3,0,0
CELE_Y17D7B.10|Y17D7B.10,12,0
CELE_Y17D7B.13|Y17D7B.13,0,0
CELE_Y17D7B.11|Y17D7B.11,0,0
CELE_Y17D7B.2|Y17D7B.2,32,0
CELE_Y17D7B.12|Y17D7B.12,0,0
CELE_Y17D7B.9|Y17D7B.9,0,0
CELE_Y17D7B.1|nhr-231,72,31
CELE_C54E10.5|nhr-170,130,107
CELE_C54E10.6|C54E10.6,123,88
CELE_C54E10.3|C54E10.3,0,0
CELE_C54E10.7|C54E10.7,0,0
CELE_C54E10.9|C54E10.9,0,0
CELE_C54E10.1|C54E10.1,0,0
CELE_C54E10.T1|C54E10.t1,0,0
CELE_C54E10.T2|C54E10.t2,0,0
CELE_C54E10.T4|C54E10.t4,0,0
CELE_C54E10.2|ncs-5,0,0
CELE_C54E10.T3|C54E10.t3,0,0
CELE_Y17D7A.3|nhr-65,161,194
CELE_Y80D3A.10|mihp-2,100,74
CELE_Y80D3A.4|nhr-243,253,273
CELE_Y80D3A.5|cyp-42A1,381,284
CELE_Y17D7A.1|nhr-230,79,124
CELE_Y80D3A.1|wars-1,3438,3411
CELE_Y80D3A.2|emb-4,10191,9791
CELE_Y80D3A.3|ceh-51,109,124
CELE_Y80D3A.14|Y80D3A.14,0,0
CELE_Y80D3A.13|Y80D3A.13,0,0
CELE_Y80D3A.12|Y80D3A.12,0,0
CELE_Y80D3A.7|ptr-22,2596,2083
CELE_Y80D3A.9|hrg-10,672,479
CELE_Y39B6A.46|ztf-20,506,483
CELE_Y39B6A.75|Y39B6A.75,0,0
CELE_Y39B6A.71|Y39B6A.71,0,0
CELE_Y39B6A.41|Y39B6A.41,165,72
CELE_Y39B6A.43|Y39B6A.43,1175,1308
CELE_Y39B6A.42|Y39B6A.42,1974,1867
CELE_Y39B6A.40|sws-1,481,429
CELE_Y39B6A.39|mrps-35,2712,2664
CELE_Y39B6A.38|reps-1,674,613
CELE_Y39B6A.37|Y39B6A.37,1859,1564
CELE_Y39B6A.30|Y39B6A.30,113,0
CELE_Y39B6A.29|Y39B6A.29,63,29
CELE_Y39B6A.24|asp-17,97,45
CELE_Y39B6A.83|Y39B6A.83,0,0
CELE_Y39B6A.84|Y39B6A.84,0,0
CELE_Y39B6A.27|Y39B6A.27,97,57
CELE_Y39B6A.22|asp-15,77,35
CELE_Y39B6A.21|Y39B6A.21,142,102
CELE_Y39B6A.34|Y39B6A.34,617,554
CELE_Y39B6A.36|gtf-2F2,2655,2391
CELE_Y39B6A.35|tgt-2,2133,2045
CELE_Y39B6A.33|nol-53,2519,2199
CELE_T26H2.13|T26H2.13,0,0
CELE_T26H2.14|T26H2.14,0,0
CELE_T26H2.16|T26H2.16,0,0
CELE_T26H2.10|T26H2.10,62,66
CELE_T26H2.15|T26H2.15,0,0
CELE_T26H2.9|nhr-79,533,571
CELE_F21D9.11|F21D9.11,11,61
CELE_F21D9.10|F21D9.10,0,0
CELE_F21D9.9|F21D9.9,0,0
CELE_F21D9.4|F21D9.4,27,17
CELE_T26H2.6|str-81,0,0
CELE_T26H2.11|T26H2.11,0,0
CELE_T26H2.5|sqst-3,0,0
CELE_T26H2.4|fbxb-116,44,101
CELE_T26H2.3|fbxb-2,67,35
CELE_T26H2.2|fbxb-115,29,29
CELE_T26H2.1|fbxb-1,79,64
CELE_F21D9.6|F21D9.6,135,121
CELE_F21D9.5|F21D9.5,59,49
CELE_F21D9.2|F21D9.2,25,19
CELE_F21D9.1|F21D9.1,25,40
CELE_F55C9.3|F55C9.3,55,0
CELE_F55C9.4|fbxb-57,175,73
CELE_F55C9.6|F55C9.6,0,0
CELE_F55C9.5|F55C9.5,49,38
CELE_F55C9.7|fbxb-60,57,68
CELE_F55C9.14|F55C9.14,50,34
CELE_F55C9.8|fbxb-62,79,102
CELE_F55C9.13|fbxb-63,138,120
CELE_F55C9.10|fbxb-61,78,68
CELE_F55C9.11|F55C9.11,90,108
CELE_C43D7.6|srh-208,0,0
CELE_C43D7.7|C43D7.7,0,0
CELE_C43D7.8|C43D7.8,98,74
CELE_C43D7.11|C43D7.11,42,27
CELE_C43D7.5|sdz-6,19,12
CELE_C43D7.2|fbxb-65,78,104
CELE_Y43F8A.7|Y43F8A.7,0,0
CELE_Y43F8A.10|Y43F8A.10,0,0
CELE_Y43F8A.1|nssp-72,35,27
CELE_Y43F8A.2|Y43F8A.2,170,44
CELE_C43D7.13|C43D7.13,0,0
CELE_C43D7.19|C43D7.19,0,0
CELE_C43D7.17|C43D7.17,0,0
CELE_C43D7.16|C43D7.16,0,0
CELE_C43D7.18|C43D7.18,0,0
CELE_C43D7.14|C43D7.14,0,0
CELE_C43D7.15|C43D7.15,0,0
CELE_C14B4.T1|C14B4.t1,0,0
CELE_Y43F8A.9|Y43F8A.9,0,0
CELE_C14B4.2|C14B4.2,820,524
CELE_Y43F8A.3|nceh-1,423,513
CELE_Y43F8A.6|Y43F8A.6,0,0
CELE_Y43F8A.5|slcr-46.2,53,116
CELE_C25F9.7|srw-86,30,86
CELE_C25F9.12|C25F9.12,31,45
CELE_C25F9.6|C25F9.6,21,33
CELE_C25F9.10|C25F9.10,194,145
CELE_C25F9.5|C25F9.5,326,407
CELE_C25F9.2|C25F9.2,0,0
CELE_C25F9.17|C25F9.17,0,0
CELE_C25F9.4|C25F9.4,383,274
CELE_C25F9.9|C25F9.9,26,47
CELE_C25F9.1|srw-85,145,122
CELE_C25F9.11|C25F9.11,164,143
CELE_C25F9.14|C25F9.14,234,225
CELE_M04C3.2|M04C3.2,316,229
CELE_M04C3.1|M04C3.1,1414,1547
CELE_M04C3.5|M04C3.5,60,44
CELE_Y43F8B.25|Y43F8B.25,0,0
CELE_Y43F8B.14|Y43F8B.14,107,74
CELE_Y43F8B.24|Y43F8B.24,206,131
CELE_Y43F8B.23|Y43F8B.23,38,62
CELE_Y43F8B.12|Y43F8B.12,21,23
CELE_Y43F8B.11|Y43F8B.11,60,54
CELE_Y43F8B.10|Y43F8B.10,0,0
CELE_Y43F8B.22|Y43F8B.22,8,4
CELE_Y43F8B.9|Y43F8B.9,355,330
CELE_Y43F8B.17|Y43F8B.17,4,0
CELE_Y43F8B.18|Y43F8B.18,25,15
CELE_Y43F8B.7|Y43F8B.7,0,0
CELE_Y43F8B.29|Y43F8B.29,6,0
CELE_Y43F8B.3|Y43F8B.3,427,151
CELE_Y43F8B.19|Y43F8B.19,0,0
CELE_Y43F8B.4|phy-4,0,0
CELE_Y43F8B.26|Y43F8B.26,0,0
CELE_Y43F8B.2|Y43F8B.2,3591,4034
CELE_Y43F8B.20|Y43F8B.20,14,0
CELE_B0399.2|oac-1,30,0
CELE_Y43F8B.27|Y43F8B.27,0,0
CELE_Y43F8B.1|Y43F8B.1,2138,1769
CELE_Y43F8C.1|nlp-25,56,62
CELE_B0399.1|kcnl-1,186,111
CELE_B0399.T1|B0399.t1,0,0
CELE_B0399.T13|B0399.t13,0,0
CELE_B0399.T12|B0399.t12,0,0
CELE_B0399.T2|B0399.t2,0,0
CELE_B0399.T3|B0399.t3,0,0
CELE_B0399.T4|B0399.t4,0,0
CELE_B0399.T5|B0399.t5,0,0
CELE_B0399.T11|B0399.t11,0,0
CELE_B0399.T10|B0399.t10,0,0
CELE_B0399.T9|B0399.t9,0,0
CELE_B0399.T8|B0399.t8,0,0
CELE_B0399.T7|B0399.t7,0,0
CELE_B0399.T6|B0399.t6,0,0
CELE_Y43F8C.T1|Y43F8C.t1,0,0
CELE_Y43F8C.T9|Y43F8C.t9,0,0
CELE_Y43F8C.T2|Y43F8C.t2,0,0
CELE_Y43F8C.20|grsp-1,187,69
CELE_Y43F8C.26|Y43F8C.26,0,0
CELE_Y43F8C.T3|Y43F8C.t3,0,0
CELE_Y43F8C.4|dyf-19,68,42
CELE_Y43F8C.5|Y43F8C.5,74,12
CELE_Y43F8C.2|nlp-26,238,151
CELE_Y43F8C.3|Y43F8C.3,1263,1297
CELE_Y43F8C.6|Y43F8C.6,1312,1243
CELE_Y43F8C.11|Y43F8C.11,15,5
CELE_Y43F8C.7|Y43F8C.7,2632,2428
CELE_Y43F8C.22|Y43F8C.22,9,3
CELE_Y43F8C.8|mrps-28,546,646
CELE_Y43F8C.9|Y43F8C.9,67,36
CELE_Y43F8C.12|mrp-7,8595,6848
CELE_Y43F8C.19|srv-3,0,0
CELE_Y43F8C.18|Y43F8C.18,19,7
CELE_Y43F8C.17|Y43F8C.17,0,0
CELE_Y116F11A.7|Y116F11A.7,0,0
CELE_Y116F11A.8|Y116F11A.8,0,0
CELE_Y116F11A.9|Y116F11A.9,0,0
CELE_Y116F11A.T1|Y116F11A.t1,0,0
CELE_Y116F11A.6|Y116F11A.6,93,61
CELE_Y116F11A.1|Y116F11A.1,77,66
CELE_Y116F11A.4|Y116F11A.4,43,44
CELE_W04E12.7|W04E12.7,128,67
CELE_W04E12.1|fbxa-131,0,0
CELE_W04E12.2|W04E12.2,188,115
CELE_Y43F8C.13|Y43F8C.13,1748,1169
CELE_Y43F8C.14|ani-3,2350,2553
CELE_W04E12.4|W04E12.4,26,0
CELE_W04E12.5|W04E12.5,0,0
CELE_W04E12.11|W04E12.11,0,0
CELE_W04E12.12|W04E12.12,0,0
CELE_Y39B6A.T1|Y39B6A.t1,0,0
CELE_Y39B6A.T2|Y39B6A.t2,0,0
CELE_Y39B6A.T3|Y39B6A.t3,0,0
CELE_Y39B6A.T4|Y39B6A.t4,0,0
CELE_Y39B6A.T5|Y39B6A.t5,0,0
CELE_Y39B6A.T6|Y39B6A.t6,0,0
CELE_Y39B6A.78|Y39B6A.78,0,0
CELE_Y39B6A.T7|Y39B6A.t7,0,0
CELE_Y39B6A.T8|Y39B6A.t8,0,0
CELE_Y39B6A.74|Y39B6A.74,0,0
CELE_Y39B6A.70|Y39B6A.70,0,0
CELE_Y39B6A.T9|Y39B6A.t9,0,0
CELE_Y39B6A.81|Y39B6A.81,0,0
CELE_Y39B6A.T10|Y39B6A.t10,0,0
CELE_Y39B6A.82|Y39B6A.82,0,0
CELE_Y39B6A.80|Y39B6A.80,0,0
CELE_Y39B6A.77|Y39B6A.77,0,0
CELE_Y39B6A.69|Y39B6A.69,0,0
CELE_Y39B6A.73|Y39B6A.73,0,0
CELE_Y39B6A.72|Y39B6A.72,0,0
CELE_Y39B6A.5|Y39B6A.5,484,439
CELE_Y39B6A.76|Y39B6A.76,0,0
CELE_Y39B6A.20|asp-1,312899,246221
CELE_Y39B6A.19|twk-46,248,245
CELE_Y39B6A.17|nhr-95,334,290
CELE_Y39B6A.47|nhr-145,141,90
CELE_Y39B6A.49|Y39B6A.49,667,743
CELE_Y39B6A.16|zhp-4,554,487
CELE_Y39B6A.14|pro-3,1956,2021
CELE_Y39B6A.13|Y39B6A.13,1034,934
CELE_Y39B6A.12|bed-1,1144,1082
CELE_Y39B6A.11|dyf-17,233,281
CELE_Y39B6A.10|Y39B6A.10,1516,1384
CELE_Y39B6A.9|Y39B6A.9,11,17
CELE_Y39B6A.8|cpg-23,34,0
CELE_Y39B6A.7|Y39B6A.7,88,54
CELE_Y39B6A.6|tsp-13,182,154
CELE_Y39B6A.48|hot-2,91,60
CELE_Y39B6A.3|Y39B6A.3,1167,1008
CELE_Y39B6A.2|pph-5,3924,3722
CELE_Y39B6A.1|Y39B6A.1,76184,35326
CELE_W04E12.13|W04E12.13,0,0
CELE_W04E12.9|W04E12.9,19,19
CELE_M162.5|M162.5,101,272
CELE_M162.12|M162.12,55,43
CELE_M162.9|M162.9,241,307
CELE_M162.2|clec-258,0,34
CELE_M162.11|fbxa-194,0,0
CELE_M162.7|M162.7,46,0
CELE_Y116F11B.21|Y116F11B.21,0,0
CELE_Y116F11B.1|daf-28,85,39
CELE_Y116F11B.17|Y116F11B.17,38,64
CELE_Y116F11B.6|Y116F11B.6,88,87
CELE_Y116F11B.18|Y116F11B.18,0,0
CELE_Y116F11B.9|gtnt-49,0,0
CELE_Y116F11B.8|Y116F11B.8,25,0
CELE_Y116F11B.19|Y116F11B.19,0,0
CELE_Y116F11B.22|Y116F11B.22,0,0
CELE_Y116F11B.3|pcp-4,2149,936
CELE_Y116F11B.10|Y116F11B.10,52,75
CELE_W04E12.6|clec-49,1281,1287
CELE_W04E12.8|clec-50,34519,28316
CELE_Y116F11B.12|gly-4,2822,2741
CELE_Y116F11B.13|Y116F11B.13,0,0
CELE_Y60A3A.29|Y60A3A.29,0,0
CELE_Y60A3A.12|chk-2,626,418
CELE_Y116F11B.26|linc-81,31,34
CELE_Y60A3A.13|fars-2,2802,2718
CELE_Y60A3A.16|Y60A3A.16,138,93
CELE_Y60A3A.19|Y60A3A.19,1762,1667
CELE_Y60A3A.18|skr-4,935,1303
CELE_Y60A3A.14|algn-7,1478,1246
CELE_Y60A3A.8|Y60A3A.8,667,781
CELE_Y60A3A.11|Y60A3A.11,0,0
CELE_Y60A3A.10|dhs-24,2681,2591
CELE_Y60A3A.9|tmed-4,5356,4520
CELE_Y60A3A.4|srh-173,0,0
CELE_Y60A3A.28|Y60A3A.28,0,0
CELE_Y60A3A.24|Y60A3A.24,56,40
CELE_Y60A3A.2|clec-260,18,0
CELE_Y60A3A.7|abhd-3.1,1789,1589
CELE_Y60A3A.25|Y60A3A.25,53,105
CELE_Y60A3A.32|Y60A3A.32,0,0
CELE_Y60A3A.23|Y60A3A.23,13,4
CELE_Y60A3A.21|Y60A3A.21,487,356
CELE_Y113G7A.19|Y113G7A.19,0,0
CELE_Y113G7A.5|lgc-55,90,81
CELE_Y60A3A.1|unc-51,3653,4554
CELE_Y113G7A.16|Y113G7A.16,24,21
CELE_Y113G7A.10|spe-19,0,0
CELE_Y113G7A.2|Y113G7A.2,0,0
CELE_Y113G7A.1|srh-233,0,0
CELE_Y113G7A.6|ttx-1,417,351
CELE_Y113G7B.16|cdkr-3,2015,1799
CELE_ZC15.11|ZC15.11,0,0
CELE_ZC15.8|pqn-94,874,923
CELE_ZC15.7|mlt-4,99,66
CELE_ZC15.5|ZC15.5,10,0
CELE_ZC15.4|ZC15.4,0,0
CELE_ZC15.3|ZC15.3,0,0
CELE_ZC15.1|ZC15.1,0,0
CELE_ZC15.10|ZC15.10,26,13
CELE_Y38H6A.5|Y38H6A.5,30,37
CELE_Y113G7C.1|Y113G7C.1,207,100
CELE_Y38H6A.10|Y38H6A.10,0,0
CELE_Y38H6A.T1|Y38H6A.t1,0,0
CELE_Y38H6A.3|Y38H6A.3,11,0
CELE_Y38H6A.4|Y38H6A.4,51,28
CELE_K02E2.16|K02E2.16,0,0
CELE_K02E2.3|srh-177,0,0
CELE_K02E2.9|K02E2.9,0,0
CELE_K02E2.8|K02E2.8,15,0
CELE_K02E2.4|ins-35,88,11
CELE_K02E2.6|K02E2.6,308,288
CELE_K02E2.13|K02E2.13,0,0
CELE_K02E2.11|K02E2.11,76,73
CELE_F53H2.1|F53H2.1,0,0
CELE_F53H2.2|cnc-7,65,187
CELE_F53H2.4|F53H2.4,40,44
CELE_F53H2.3|F53H2.3,4320,4151
CELE_F48F5.7|F48F5.7,0,0
CELE_F48F5.2|F48F5.2,93,0
CELE_F48F5.5|fce-2,1244,1168
CELE_F48F5.6|F48F5.6,32,51
CELE_Y113G7A.20|Y113G7A.20,0,0
CELE_Y113G7A.4|ncx-1,1802,1531
CELE_Y113G7A.21|Y113G7A.21,0,0
CELE_Y113G7A.T1|Y113G7A.t1,0,0
CELE_Y113G7A.T5|Y113G7A.t5,0,0
CELE_Y113G7A.T2|Y113G7A.t2,0,0
CELE_Y113G7A.T4|Y113G7A.t4,0,0
CELE_Y113G7A.18|Y113G7A.18,0,0
CELE_Y113G7A.22|Y113G7A.22,0,0
CELE_Y113G7A.T3|Y113G7A.t3,0,0
CELE_Y113G7A.23|linc-70,0,0
CELE_Y113G7A.17|Y113G7A.17,0,0
CELE_F19B2.4|srz-36,0,0
CELE_F19B2.3|srw-39,0,0
CELE_F19B2.2|srz-34,0,0
CELE_F19B2.1|srz-33,0,0
CELE_F19B2.10|F19B2.10,0,0
CELE_F19B2.8|srz-16,0,0
CELE_Y113G7B.1|fbxa-116,0,0
CELE_Y113G7B.27|Y113G7B.27,0,0
CELE_Y113G7B.28|Y113G7B.28,0,0
CELE_Y113G7B.T2|Y113G7B.t2,0,0
CELE_Y113G7B.30|linc-163,0,0
CELE_Y113G7B.T1|Y113G7B.t1,0,0
CELE_Y113G7B.26|Y113G7B.26,0,0
CELE_Y113G7A.8|fre-1,2303,2362
CELE_Y113G7A.9|dcs-1,1634,1738
CELE_Y113G7A.3|sec-23,9229,8763
CELE_Y113G7A.15|nlp-69,43,31
CELE_Y113G7A.14|Y113G7A.14,35,13
CELE_Y113G7A.13|Y113G7A.13,90,87
CELE_F19B2.6|F19B2.6,185,191
CELE_F19B2.5|F19B2.5,4694,2959
CELE_F19B2.12|F19B2.12,268,269
CELE_Y113G7B.3|fbxa-115,162,201
CELE_Y113G7B.29|anr-37,9,21
CELE_Y113G7B.4|ftr-1,607,512
CELE_Y113G7B.5|fog-2,1339,1377
CELE_Y113G7B.7|fbxa-114,552,657
CELE_Y113G7B.8|fbxb-59,44,58
CELE_Y113G7B.12|Y113G7B.12,427,511
CELE_Y113G7B.11|Y113G7B.11,90,78
CELE_Y113G7B.14|Y113G7B.14,288,499
CELE_Y113G7B.24|sld-5,1440,1372
CELE_Y113G7B.23|swsn-1,8678,7842
CELE_Y113G7B.18|mdt-17,6257,5757
CELE_Y113G7B.17|prmt-1,25824,25435
CELE_B0250.2|calf-1,42,29
CELE_B0250.14|B0250.14,0,0
CELE_B0250.7|B0250.7,499,324
CELE_B0250.18|B0250.18,107,165
CELE_B0250.4|B0250.4,333,357
CELE_B0250.12|B0250.12,188,166
CELE_B0250.3|B0250.3,4466,3611
CELE_B0250.8|B0250.8,26,20
CELE_B0250.11|B0250.11,25,17
CELE_B0250.5|B0250.5,3733,3700
CELE_B0250.19|B0250.19,0,0
CELE_B0250.16|B0250.16,0,0
CELE_B0250.17|B0250.17,0,0
CELE_B0250.1|rpl-8,87724,89682
CELE_B0250.9|dhcr-7,61,54
CELE_Y38H6C.3|dct-14,10,0
CELE_Y38H6C.8|Y38H6C.8,31,22
CELE_Y38H6C.10|fbxa-149,155,111
CELE_Y38H6C.9|Y38H6C.9,20,24
CELE_Y38H6C.11|fbxa-150,269,228
CELE_Y38H6C.14|famh-161,87,109
CELE_Y38H6C.15|Y38H6C.15,27,0
CELE_Y38H6C.16|Y38H6C.16,222,214
CELE_Y38H6C.17|slc-36.3,227,338
CELE_F26F2.3|F26F2.3,15,0
CELE_F26F2.4|F26F2.4,0,0
CELE_F26F2.6|clec-263,0,0
CELE_F26F2.8|F26F2.8,119,87
CELE_Y38H6C.1|dct-16,46511,23571
CELE_F26F2.11|F26F2.11,0,0
CELE_F26F2.10|F26F2.10,25,0
CELE_F26F2.14|linc-170,6,0
CELE_F46B3.1|F46B3.1,175,89
CELE_F46B3.2|F46B3.2,15,0
CELE_F46B3.3|ttr-11,0,0
CELE_F46B3.4|ttr-12,45,0
CELE_F46B3.5|grd-2,90,0
CELE_F46B3.19|F46B3.19,0,0
CELE_F46B3.12|srz-17,0,0
CELE_F26F2.7|F26F2.7,3340,3088
CELE_Y44A6B.3|Y44A6B.3,25,21
CELE_F53F8.10|F53F8.10,0,0
CELE_F53F8.T1|F53F8.t1,0,0
CELE_F53F8.8|F53F8.8,0,0
CELE_F53F8.7|nssp-73,40,25
CELE_F53F8.4|dbd-17,559,671
CELE_Y44A6B.1|srxa-14,0,0
CELE_Y44A6B.2|srxa-15,0,0
CELE_Y44A6B.5|Y44A6B.5,0,0
CELE_W01F3.1|mnr-1,1280,1110
CELE_F53F8.2|srsx-35,0,0
CELE_F53F8.9|F53F8.9,0,0
CELE_W01F3.2|W01F3.2,2345,2652
CELE_W01F3.3|mlt-11,6563,5297
CELE_F53F8.3|F53F8.3,1903,1605
CELE_F53F8.5|F53F8.5,4188,4428
CELE_F53F8.6|F53F8.6,20,15
CELE_Y44A6C.1|Y44A6C.1,839,1049
CELE_W07A8.2|ipla-3,5807,5616
CELE_Y44A6C.2|Y44A6C.2,402,373
CELE_W07A8.1|srxa-1,0,0
CELE_W07A8.4|srxa-3,0,0
CELE_W07A8.5|srxa-6,0,0
CELE_W07A8.3|dnj-25,4028,3831
CELE_F38A6.9|F38A6.9,0,0
CELE_F38A6.1|pha-4,1509,1331
CELE_F38A6.2|elp-1,488,372
CELE_F38A6.5|F38A6.5,182,113
CELE_F38A6.4|F38A6.4,38,29
CELE_Y44A6D.5|Y44A6D.5,44,45
CELE_Y44A6D.1|Y44A6D.1,0,0
CELE_Y44A6D.2|tpan-1,284,219
CELE_Y44A6D.3|Y44A6D.3,491,489
CELE_Y44A6D.7|Y44A6D.7,12,0
CELE_F38A6.3|hif-1,9722,9362
CELE_T03D8.8|T03D8.8,0,0
CELE_T03D8.5|gcy-22,63,0
CELE_T03D8.7|sshk-1,66,58
CELE_T03D8.6|T03D8.6,1038,826
CELE_T03D8.4|grl-14,60,27
CELE_T03D8.3|sbt-1,1626,1636
CELE_T03D8.1|num-1,5681,5414
CELE_T03D8.2|mrps-12,1238,1105
CELE_F31D4.1|exos-7,1565,1616
CELE_F31D4.2|F31D4.2,5022,4961
CELE_F31D4.7|twk-35,57,36
CELE_F31D4.5|F31D4.5,406,262
CELE_F31D4.6|try-4,47,33
CELE_F31D4.8|F31D4.8,91,106
CELE_F25C8.4|acs-12,525,734
CELE_F25C8.1|F25C8.1,0,0
CELE_F25C8.3|unc-80,832,824
CELE_F25C8.6|F25C8.6,0,0
CELE_F25C8.2|amx-3,202,174
CELE_CTEL17.2|cTel17.2,0,0
CELE_CTEL17.1|cTel17.1,0,0
CELE_Y44A6E.1|pbo-5,141,67
CELE_F31D4.3|fkb-6,15534,14667
CELE_F31D4.4|clec-264,614,499
CELE_F31D4.9|ndua-1,1994,1817
CELE_CE7X_3.4|CE7X_3.4,29,41
CELE_CTEL7X.2|cTel7X.2,0,0
CELE_CTEL7X.3|cTel7X.3,0,0
CELE_CTEL7X.1|cTel7X.1,0,0
CELE_CE7X_3.1|CE7X_3.1,169,223
CELE_CE7X_3.2|CE7X_3.2,54,50
CELE_Y35H6.3|Y35H6.3,785,807
CELE_Y73B3A.21|Y73B3A.21,268,291
CELE_Y73B3A.1|Y73B3A.1,2454,2326
CELE_Y73B3A.2|Y73B3A.2,61,33
CELE_Y73B3A.23|Y73B3A.23,0,0
CELE_Y73B3A.20|Y73B3A.20,429,457
CELE_Y73B3A.18|Y73B3A.18,265,262
CELE_Y73B3A.16|Y73B3A.16,34,27
CELE_Y73B3A.17|Y73B3A.17,130,130
CELE_Y73B3A.3|Y73B3A.3,557,454
CELE_Y73B3A.T1|Y73B3A.t1,0,0
CELE_Y73B3A.28|Y73B3A.28,0,0
CELE_Y73B3A.24|Y73B3A.24,0,0
CELE_Y73B3A.27|Y73B3A.27,0,0
CELE_Y73B3A.26|Y73B3A.26,0,0
CELE_Y73B3A.29|Y73B3A.29,0,0
CELE_Y73B3A.25|Y73B3A.25,2,0
CELE_Y73B3A.5|elk-2,28,27
CELE_Y73B3A.22|fbxa-222,0,0
CELE_Y73B3A.4|Y73B3A.4,1041,894
CELE_Y73B3A.12|cal-6,0,0
CELE_Y73B3A.9|Y73B3A.9,1453,1358
CELE_T08D2.9|T08D2.9,131,136
CELE_T08D2.1|tmed-12,457,433
CELE_T08D2.2|T08D2.2,169,180
CELE_T08D2.3|T08D2.3,711,454
CELE_T08D2.5|T08D2.5,141,166
CELE_T08D2.4|T08D2.4,12,23
CELE_T08D2.6|T08D2.6,209,204
CELE_T08D2.10|T08D2.10,0,0
CELE_T08D2.7|chkr-2,83,127
CELE_T08D2.8|T08D2.8,306,273
CELE_Y73B3B.5|Y73B3B.5,576,524
CELE_AC8.6|AC8.6,0,0
CELE_Y73B3B.1|Y73B3B.1,265,265
CELE_AC8.5|AC8.5,28,37
CELE_AC8.13|mir-258.2,0,0
CELE_AC8.4|AC8.4,58,54
CELE_AC8.3|AC8.3,84,77
CELE_AC8.7|AC8.7,61,37
CELE_AC8.9|AC8.9,89,104
CELE_AC8.12|AC8.12,60,34
CELE_AC8.8|mir-258.1,0,0
CELE_AC8.11|AC8.11,54,53
CELE_AC8.10|AC8.10,97,111
CELE_Y108F1.4|math-43,12,0
CELE_AC8.2|AC8.2,0,0
CELE_AC8.1|AC8.1,181,162
CELE_Y108F1.1|Y108F1.1,0,0
CELE_Y47C4A.3|Y47C4A.3,0,0
CELE_R57.2|dbd-18,116,40
CELE_M02E1.2|nlp-64,49,94
CELE_M02E1.3|M02E1.3,37,36
CELE_R57.1|gcp-2.1,3399,3045
CELE_M02E1.1|M02E1.1,1245,1183
CELE_C04E7.3|C04E7.3,530,476
CELE_C04E7.5|C04E7.5,14,14
CELE_C04E7.2|sor-3,889,919
CELE_R04A9.3|R04A9.3,280,220
CELE_R04A9.2|nrde-3,4543,3770
CELE_R04A9.4|ife-2,2007,1813
CELE_R04A9.5|ceh-93,820,720
CELE_R04A9.6|R04A9.6,34,44
CELE_R04A9.9|R04A9.9,110,120
CELE_R04A9.7|R04A9.7,302,214
CELE_F52D1.2|F52D1.2,75,77
CELE_ZK1193.8|ZK1193.8,0,0
CELE_ZK1193.9|ZK1193.9,0,0
CELE_ZK1193.6|ZK1193.6,0,0
CELE_ZK1193.7|ZK1193.7,0,0
CELE_ZK1193.10|ZK1193.10,0,0
CELE_ZK1193.5|dve-1,1646,1403
CELE_F52D1.3|abu-12,277,76
CELE_F38G1.3|F38G1.3,74,72
CELE_F38G1.1|che-2,69,62
CELE_F38G1.T2|F38G1.t2,0,0
CELE_F38G1.2|egl-17,23,18
CELE_F52D1.1|aagr-4,2254,1867
CELE_B0310.1|B0310.1,169,136
CELE_B0310.10|B0310.10,0,0
CELE_B0310.12|B0310.12,0,0
CELE_B0310.2|B0310.2,456,520
CELE_B0310.11|B0310.11,3,2
CELE_B0310.3|B0310.3,64,52
CELE_R04A9.T1|R04A9.t1,0,0
CELE_ZK1193.2|hrg-11.4,2655,1505
CELE_ZK1193.1|col-19,34912,26980
CELE_B0310.6|B0310.6,8,15
CELE_B0310.5|ugt-46,1485,976
CELE_F28C10.5|F28C10.5,0,0
CELE_F28C10.1|F28C10.1,0,0
CELE_F57C12.6|F57C12.6,12,48
CELE_F57C12.2|F57C12.2,129,212
CELE_F28C10.3|F28C10.3,923,696
CELE_F57C12.3|hlh-19,13,0
CELE_F57C12.1|nas-38,85,42
CELE_F57C12.4|mrp-2,659,516
CELE_F57C12.5|mrp-1,2881,2228
CELE_F13C5.8|F13C5.8,0,0
CELE_F13C5.1|F13C5.1,229,262
CELE_F13C5.5|F13C5.5,225,240
CELE_F13C5.10|F13C5.10,0,0
CELE_F13C5.9|F13C5.9,0,0
CELE_F13C5.2|F13C5.2,3567,3022
CELE_M6.4|M6.4,23,26
CELE_M6.3|pha-2,36,69
CELE_F13C5.6|unc-96,557,505
CELE_T19D7.10|T19D7.10,0,0
CELE_T19D7.9|T19D7.9,0,0
CELE_T19D7.6|T19D7.6,63,74
CELE_T19D7.3|lpr-7,152,68
CELE_T19D7.4|rund-1,297,224
CELE_T19D7.8|T19D7.8,0,0
CELE_T19D7.11|T19D7.11,0,0
CELE_M6.1|ifc-2,11292,7462
CELE_F02G3.2|F02G3.2,0,0
CELE_F02G3.4|F02G3.4,0,0
CELE_F02G3.3|F02G3.3,0,0
CELE_F02G3.6|F02G3.6,0,0
CELE_F02G3.5|F02G3.5,0,0
CELE_F02G3.8|F02G3.8,0,0
CELE_F02G3.7|F02G3.7,0,0
CELE_M02A10.2|irk-2,49,0
CELE_M02A10.1|M02A10.1,0,8
CELE_T19D7.1|lgc-32,298,298
CELE_T19D7.7|T19D7.7,52,43
CELE_Y9C12A.1|Y9C12A.1,163,138
CELE_F02G3.1|ncam-1,2349,2372
CELE_C02H7.2|npr-19,0,0
CELE_C02H7.6|linc-166,0,0
CELE_C02H7.5|C02H7.5,0,0
CELE_M02A10.3|sli-1,2323,2144
CELE_C02H7.3|aex-3,678,657
CELE_C02H7.1|dyf-11,81,52
CELE_T04G9.5|trap-2,9950,6965
CELE_T04G9.8|T04G9.8,0,0
CELE_T04G9.4|T04G9.4,383,388
CELE_T04G9.2|nas-15,147,58
CELE_T04G9.3|ile-2,2864,2152
CELE_T04G9.7|T04G9.7,6977,5839
CELE_F25E2.1|gtr-1,16,22
CELE_T04G9.1|attf-5,1009,916
CELE_F25E2.2|F25E2.2,2974,2384
CELE_F25E2.3|F25E2.3,836,2383
CELE_F25E2.4|ifd-2,779,573
CELE_F39H12.1|F39H12.1,529,432
CELE_F25E2.5|daf-3,1981,2045
CELE_F39H12.3|F39H12.3,535,497
CELE_F39H12.4|igcm-1,1055,911
CELE_F56F10.10|F56F10.10,0,0
CELE_F56F10.2|F56F10.2,131,131
CELE_F56F10.3|cdo-1,1432,1339
CELE_F56F10.4|lgl-1,1340,1271
CELE_ZC13.1|ZC13.1,964,721
CELE_ZC13.2|ZC13.2,32,30
CELE_ZC13.3|mam-1,136,95
CELE_ZC13.10|ZC13.10,0,0
CELE_ZC13.4|mab-7,309,153
CELE_F35H12.6|F35H12.6,38,24
CELE_F56F10.1|F56F10.1,9159,5458
CELE_F35H12.3|sel-12,1037,1064
CELE_F35H12.5|F35H12.5,257,222
CELE_F35H12.4|pifk-1B,822,725
CELE_F35H12.1|F35H12.1,49,52
CELE_F35H12.2|tbc-11,1489,1186
CELE_F53H8.3|F53H8.3,498,298
CELE_F53H8.4|sms-2,1113,1066
CELE_F53H8.2|arr-1,1338,1433
CELE_C44C1.6|C44C1.6,93,126
CELE_F53H8.1|apm-3,1349,1219
CELE_C44C1.2|chil-10,1250,1131
CELE_C44C1.3|ncs-1,38,34
CELE_C44C1.4|vps-45,1040,801
CELE_C44C1.5|abhd-3.2,541,297
CELE_C44C1.1|C44C1.1,738,675
CELE_F55A4.10|cutl-21,88,133
CELE_C09E10.2|dgk-1,500,440
CELE_F55A4.9|rncs-1,320,304
CELE_F55A4.2|nlf-1,226,184
CELE_F55A4.4|F55A4.4,22,29
CELE_F55A4.5|stau-1,1557,1803
CELE_K03E6.3|ncs-3,135,135
CELE_K03E6.4|mksr-1,29,17
CELE_K03E6.5|unc-1,399,281
CELE_F55A4.8|vpat-1,939,767
CELE_F55A4.1|sec-22,825,652
CELE_F55A4.7|F55A4.7,12,15
CELE_K03E6.1|lim-6,287,252
CELE_K03E6.6|pfn-3,353,175
CELE_K03E6.7|rei-2,1263,1411
CELE_C05D9.12|C05D9.12,24,31
CELE_C05D9.5|ife-4,600,526
CELE_F49E7.2|pigx-1,131,107
CELE_F49E7.1|rme-6,1727,1750
CELE_C05D9.3|C05D9.3,998,838
CELE_C05D9.7|C05D9.7,963,910
CELE_C05D9.9|C05D9.9,814,1165
CELE_C05D9.2|lmp-2,705,552
CELE_C05D9.1|snx-1,3084,2876
CELE_T13G4.2|hot-8,55,98
CELE_R193.5|R193.5,0,0
CELE_R193.4|R193.4,0,0
CELE_T13G4.3|tmc-1,193,179
CELE_R193.2|R193.2,880,614
CELE_T13G4.4|T13G4.4,246,211
CELE_T13G4.5|T13G4.5,0,0
CELE_T13G4.7|T13G4.7,0,0
CELE_T13G4.1|T13G4.1,19,0
CELE_C25G6.3|C25G6.3,64,0
CELE_C46H3.2|C46H3.2,1315,1253
CELE_C25G6.5|npr-11,70,67
CELE_C25G6.2|tsp-9,709,665
CELE_C25G6.4|nssp-74,15,13
CELE_C25G6.1|nssp-75,14,16
CELE_C52B11.4|C52B11.4,18,8
CELE_C52B11.5|C52B11.5,490,291
CELE_C52B11.3|dop-4,67,64
CELE_C52B11.2|inso-1,750,775
CELE_H42K12.3|H42K12.3,1236,777
CELE_H42K12.1|pdk-1,1513,1486
CELE_F21E9.2|F21E9.2,34,24
CELE_F21E9.3|ttr-37,431,626
CELE_F21E9.6|F21E9.6,0,0
CELE_F56C3.2|fbxa-190,215,140
CELE_F56C3.9|F56C3.9,49,20
CELE_H39E20.1|H39E20.1,26,41
CELE_ZK402.2|ZK402.2,0,0
CELE_ZK402.3|ZK402.3,23,32
CELE_ZK402.1|ZK402.1,0,0
CELE_F19G12.8|F19G12.8,43,37
CELE_F19G12.9|F19G12.9,51,52
CELE_F19G12.14|F19G12.14,0,0
CELE_F19G12.10|F19G12.10,145,254
CELE_F19G12.T1|F19G12.t1,4,0
CELE_W05H7.2|W05H7.2,15,26
CELE_W05H7.4|zfp-3,2344,2053
CELE_W05H7.3|sedl-1,352,286
CELE_W05H7.1|W05H7.1,309,208
CELE_D1005.3|cebp-1,1317,1027
CELE_D1005.T1|D1005.t1,26,7
CELE_D1005.2|D1005.2,333,337
CELE_D1005.4|D1005.4,85,106
CELE_F09E10.6|F09E10.6,44,35
CELE_F09E10.12|21ur-13267,0,0
CELE_F09E10.13|F09E10.13,0,0
CELE_F09E10.3|dhs-25,649,441
CELE_F09E10.7|F09E10.7,38,39
CELE_F09E10.1|F09E10.1,466,459
CELE_D1005.1|acly-1,10630,8686
CELE_F09E10.15|F09E10.15,36,41
CELE_F09E10.11|tts-1,32147,44897
CELE_F09E10.14|F09E10.14,33,35
CELE_K06A9.6|anr-49,0,0
CELE_K06A9.3|K06A9.3,18,17
CELE_F09E10.8|toca-1,2178,2145
CELE_K06A9.2|K06A9.2,375,606
CELE_H02F09.3|H02F09.3,637,147
CELE_B0344.4|B0344.4,0,0
CELE_B0344.T3|B0344.t3,0,0
CELE_B0344.3|B0344.3,0,0
CELE_B0344.T2|B0344.t2,0,0
CELE_B0344.5|B0344.5,0,0
CELE_B0344.T1|B0344.t1,0,0
CELE_B0344.2|wrt-9,110,42
CELE_K06A9.1|kola-1,3670,1090
CELE_H11E01.2|H11E01.2,109,77
CELE_B0344.1|B0344.1,0,0
CELE_H11E01.3|H11E01.3,917,586
CELE_ZK380.T2|ZK380.t2,74,55
CELE_ZK380.5|ZK380.5,8,0
CELE_ZK380.6|ZK380.6,748,499
CELE_R09H3.3|R09H3.3,16,0
CELE_C36C9.10|C36C9.10,51,35
CELE_C36C9.3|fbxa-170,945,749
CELE_F07G6.11|F07G6.11,61,54
CELE_F07G6.8|F07G6.8,0,0
CELE_F07G6.7|fbxa-53,70,68
CELE_F07G6.2|F07G6.2,0,0
CELE_C36C9.1|meg-4,2782,2516
CELE_F07G6.10|F07G6.10,273,133
CELE_Y75D11A.2|Y75D11A.2,85,49
CELE_Y75D11A.3|Y75D11A.3,654,657
CELE_W03H1.2|elc-2,11,0
CELE_F31A9.4|fbxc-37,25,19
CELE_F31A9.8|linc-75,0,0
CELE_F31A9.7|21ur-9757,0,0
CELE_F31A9.2|F31A9.2,22,8
CELE_C14E2.12|C14E2.12,11,5
CELE_F49H12.11|F49H12.11,0,0
CELE_F49H12.7|F49H12.7,20,21
CELE_F49H12.6|acl-4,4582,4069
CELE_F49H12.4|F49H12.4,17,0
CELE_F49H12.5|txdc-12.2,1329,1027
CELE_F49H12.3|F49H12.3,20,15
CELE_F49H12.12|F49H12.12,0,0
CELE_T21D9.1|col-164,95,20
CELE_F49H12.1|lsy-2,1907,1930
CELE_T26C11.3|T26C11.3,0,0
CELE_T26C11.10|T26C11.10,0,0
CELE_T26C11.8|T26C11.8,0,0
CELE_T26C11.1|tbx-41,0,0
CELE_Y59E1B.6|mir-4807,0,0
CELE_Y59E1B.7|mir-4808,0,0
CELE_Y59E1B.8|mir-4809,0,0
CELE_Y59E1B.4|mir-2220,0,0
CELE_Y59E1B.15|mir-4810.2,0,0
CELE_Y59E1B.9|mir-4810.1,0,0
CELE_Y59E1B.3|mir-1018,0,0
CELE_Y59E1B.13|mir-4925,0,0
CELE_Y59E1B.12|mir-4923.2,0,0
CELE_Y59E1B.11|mir-4923.1,0,0
CELE_Y59E1B.10|mir-4921,0,0
CELE_Y59E1B.5|Y59E1B.5,0,0
CELE_Y59E1B.T2|Y59E1B.t2,0,0
CELE_Y59E1B.T1|Y59E1B.t1,0,0
CELE_Y59E1B.14|Y59E1B.14,0,0
CELE_B0294.3|B0294.3,0,0
CELE_ZC53.2|ZC53.2,0,0
CELE_ZC53.14|ZC53.14,0,0
CELE_ZC53.19|ZC53.19,0,0
CELE_ZC53.15|ZC53.15,0,0
CELE_ZC53.18|ZC53.18,0,0
CELE_ZC53.16|ZC53.16,0,0
CELE_ZC53.11|ZC53.11,0,0
CELE_ZC53.12|ZC53.12,0,0
CELE_ZC53.13|ZC53.13,0,0
CELE_ZC53.8|ZC53.8,0,0
CELE_ZC53.10|ZC53.10,0,0
CELE_ZC53.20|ZC53.20,0,0
CELE_ZC53.9|ZC53.9,0,0
CELE_ZC53.17|ZC53.17,0,0
CELE_ZC53.4|ZC53.4,0,0
CELE_ZC53.21|ZC53.21,0,0
CELE_Y59E1A.4|Y59E1A.4,0,0
CELE_F52D2.10|fbxa-17,0,0
CELE_F52D2.11|21ur-14662,0,0
CELE_F52D2.9|str-79,0,0
CELE_Y40A1A.5|Y40A1A.5,0,0
CELE_Y40A1A.1|Y40A1A.1,0,0
CELE_Y102A11A.9|Y102A11A.9,64,63
CELE_Y102A11A.12|Y102A11A.12,0,0
CELE_Y102A11A.10|Y102A11A.10,0,0
CELE_Y102A11A.14|Y102A11A.14,0,0
CELE_Y102A11A.16|Y102A11A.16,0,0
CELE_Y102A11A.17|Y102A11A.17,0,0
CELE_Y102A11A.13|Y102A11A.13,0,0
CELE_Y102A11A.11|Y102A11A.11,0,0
CELE_T26C11.4|T26C11.4,751,774
CELE_T26C11.5|ceh-41,558,526
CELE_T26C11.6|ceh-21,1104,988
CELE_T26C11.9|T26C11.9,33,56
CELE_T26C11.7|ceh-39,1702,1674
CELE_T26C11.T1|T26C11.t1,1,0
CELE_B0294.1|B0294.1,21,55
CELE_ZC53.1|ZC53.1,807,768
CELE_ZC53.7|rgs-9,1084,825
CELE_ZC53.6|dot-1.5,83,113
CELE_ZC53.22|ZC53.22,18,10
CELE_Y59E1A.2|rgs-8.2,872,697
CELE_F52D2.2|rgs-8.1,860,695
CELE_F52D2.7|F52D2.7,759,722
CELE_F52D2.5|F52D2.5,18,9
CELE_F52D2.6|F52D2.6,42,15
CELE_F52D2.12|F52D2.12,1092,1186
CELE_F52D2.8|fbxa-46,56,26
CELE_F52D2.13|linc-6,62,59
CELE_F52D2.14|F52D2.14,17,24
CELE_F52D2.4|meg-3,4891,4818
CELE_Y40A1A.3|Y40A1A.3,69,95
CELE_Y40A1A.6|Y40A1A.6,552,340
CELE_Y102A11A.3|Y102A11A.3,3451,1783
CELE_Y102A11A.2|Y102A11A.2,249,171
CELE_Y102A11A.5|Y102A11A.5,495,170
CELE_Y102A11A.6|ergi-1,156,161
CELE_Y102A11A.8|igcm-4,931,924
CELE_Y102A11A.15|Y102A11A.15,3,2
CELE_Y102A11A.1|Y102A11A.1,70,45
CELE_F53B1.6|swip-10,135,116
CELE_F53B1.2|F53B1.2,1170,1205
CELE_F53B1.4|bus-5,886,328
CELE_F53B1.15|F53B1.15,0,0
CELE_F53B1.T1|F53B1.t1,0,0
CELE_F53B1.10|F53B1.10,0,0
CELE_F53B1.8|F53B1.8,1529,1795
CELE_EGAP7.1|dpy-3,1440,967
CELE_F48B9.4|pdf-2,309,292
CELE_F48B9.3|F48B9.3,74,49
CELE_F48B9.8|F48B9.8,591,388
CELE_T24C12.4|T24C12.4,39,0
CELE_T14F9.11|T14F9.11,0,0
CELE_T14F9.6|T14F9.6,0,0
CELE_T14F9.9|T14F9.9,0,0
CELE_T14F9.10|T14F9.10,0,0
CELE_T14F9.19|T14F9.19,0,0
CELE_T14F9.18|T14F9.18,0,0
CELE_T14F9.22|T14F9.22,0,0
CELE_T14F9.20|T14F9.20,0,0
CELE_T14F9.16|T14F9.16,0,0
CELE_T14F9.12|T14F9.12,0,0
CELE_T14F9.14|T14F9.14,0,0
CELE_T14F9.4|peb-1,495,564
CELE_T24C12.2|gap-1,331,360
CELE_T24C12.3|T24C12.3,1044,850
CELE_T24C12.1|T24C12.1,70,51
CELE_T14F9.5|lin-32,80,109
CELE_T14F9.2|T14F9.2,702,733
CELE_T14F9.3|hex-1,10268,8774
CELE_T14F9.1|vha-15,11650,8139
CELE_AH9.2|crn-4,673,582
CELE_AH9.6|AH9.6,51,42
CELE_AH9.3|AH9.3,775,663
CELE_F07D10.1|rpl-11.2,14116,11185
CELE_AH9.7|AH9.7,28,22
CELE_AH9.1|AH9.1,26,24
CELE_T10H10.3|sav-1,827,787
CELE_T10H10.2|T10H10.2,367,303
CELE_T01B6.6|T01B6.6,0,0
CELE_T01B6.7|T01B6.7,0,0
CELE_T01B6.10|T01B6.10,0,0
CELE_T24D8.3|nlp-22,0,0
CELE_T01B6.1|T01B6.1,272,231
CELE_T01B6.4|nlp-45,27,58
CELE_T24D8.4|nlp-23,16,8
CELE_T24D8.5|nlp-2,84,79
CELE_T24D8.1|lgc-40,119,142
CELE_T24D8.10|T24D8.10,0,0
CELE_T01B6.8|T01B6.8,0,0
CELE_T10H10.1|hum-6,1601,1125
CELE_T01B6.3|aakg-4,495,697
CELE_F47G3.3|F47G3.3,767,689
CELE_F47G3.4|F47G3.4,316,409
CELE_F47G3.2|asna-2,248,182
CELE_F47G3.5|F47G3.5,0,0
CELE_F47G3.7|F47G3.7,0,0
CELE_F47G3.1|F47G3.1,163,172
CELE_C43H6.6|C43H6.6,42,28
CELE_C43H6.7|dhhc-9,461,495
CELE_C43H6.9|glr-7,0,0
CELE_C43H6.10|C43H6.10,0,0
CELE_C43H6.11|C43H6.11,0,0
CELE_T07D1.1|gcy-31,54,42
CELE_T07D1.11|T07D1.11,0,0
CELE_C43H6.8|hlh-15,0,0
CELE_C43H6.4|C43H6.4,848,785
CELE_C43H6.3|mtpn-1,831,591
CELE_C43H6.12|C43H6.12,3,0
CELE_C43H6.1|trpp-12,542,464
CELE_T07D1.3|nssp-76,8,12
CELE_T07D1.6|mir-81,0,0
CELE_T07D1.7|mir-82,0,0
CELE_T07D1.2|gid-2,1272,1151
CELE_T07D1.4|fox-1,1430,1493
CELE_T07D1.9|T07D1.9,0,0
CELE_T07D1.8|T07D1.8,0,0
CELE_T07D1.10|T07D1.10,0,0
CELE_R04B3.4|21ur-14729,0,0
CELE_R04B3.7|R04B3.7,6,7
CELE_K02E10.5|K02E10.5,17,14
CELE_K02E10.6|K02E10.6,131,113
CELE_R04B3.5|21ur-14791,0,0
CELE_R04B3.1|R04B3.1,56,36
CELE_R04B3.2|R04B3.2,468,378
CELE_R04B3.3|R04B3.3,66,52
CELE_K02E10.4|K02E10.4,501,387
CELE_K02E10.2|hid-1,1864,1655
CELE_K02E10.10|K02E10.10,0,0
CELE_K02E10.9|K02E10.9,0,0
CELE_K02E10.1|rabr-1,418,353
CELE_K02E10.7|K02E10.7,44,59
CELE_K02E10.8|syg-1,462,612
CELE_K02E10.12|K02E10.12,0,0
CELE_K02E10.11|K02E10.11,0,0
CELE_R11B5.4|R11B5.4,0,0
CELE_R11B5.2|R11B5.2,0,0
CELE_F52H2.3|F52H2.3,247,122
CELE_R11B5.8|R11B5.8,0,0
CELE_R11B5.T3|R11B5.t3,0,0
CELE_R11B5.12|R11B5.12,0,0
CELE_R11B5.T1|R11B5.t1,0,0
CELE_R11B5.11|R11B5.11,0,0
CELE_R11B5.3|R11B5.3,0,0
CELE_R11B5.T2|R11B5.t2,0,0
CELE_R11B5.1|tbc-12,2063,2100
CELE_F52H2.4|smvt-1,223,263
CELE_F52H2.2|aat-3,1396,1376
CELE_F52H2.9|F52H2.9,0,0
CELE_F52H2.12|F52H2.12,0,0
CELE_F52H2.T1|F52H2.t1,0,0
CELE_F52H2.11|F52H2.11,0,0
CELE_F52H2.14|F52H2.14,0,0
CELE_F52H2.15|F52H2.15,19,9
CELE_F52H2.5|F52H2.5,372,415
CELE_F52H2.6|dhcr-24,1845,1053
CELE_F52H2.7|ccd-5,636,645
CELE_F52H2.8|21ur-13383,0,0
CELE_F52H2.1|F52H2.1,453,479
CELE_H01M10.2|H01M10.2,20,0
CELE_H01M10.3|ttr-42,2120,1816
CELE_H01M10.1|H01M10.1,382,390
CELE_T03G6.2|nhr-40,855,910
CELE_T03G6.1|T03G6.1,654,377
CELE_T03G6.T1|T03G6.t1,0,0
CELE_T03G6.4|T03G6.4,0,0
CELE_T03G6.3|T03G6.3,1185,996
CELE_F54G2.4|F54G2.4,0,0
CELE_C09B7.5|C09B7.5,0,0
CELE_C09B7.7|C09B7.7,0,0
CELE_C09B7.6|C09B7.6,0,0
CELE_C09B7.3|C09B7.3,0,0
CELE_C09B7.8|C09B7.8,0,0
CELE_F54G2.1|F54G2.1,578,567
CELE_C09B7.2|C09B7.2,796,683
CELE_C09B7.1|ser-7,83,49
CELE_C09B7.9|C09B7.9,0,0
CELE_C09B7.10|C09B7.10,0,0
CELE_C09B7.12|C09B7.12,0,0
CELE_T14G11.4|T14G11.4,0,0
CELE_T14G11.5|T14G11.5,0,0
CELE_T14G11.1|T14G11.1,541,557
CELE_T14G11.6|T14G11.6,0,0
CELE_T14G11.3|immt-1,3632,3271
CELE_T02C5.5|unc-2,935,686
CELE_T02C5.6|T02C5.6,0,0
CELE_T02C5.7|T02C5.7,0,0
CELE_Y76F7A.5|Y76F7A.5,0,0
CELE_Y76F7A.1|Y76F7A.1,0,0
CELE_Y76F7A.2|Y76F7A.2,0,0
CELE_Y76F7A.3|Y76F7A.3,0,0
CELE_Y76F7A.4|Y76F7A.4,0,0
CELE_F25H10.6|F25H10.6,0,0
CELE_F25H10.7|F25H10.7,0,0
CELE_F25H10.8|F25H10.8,0,0
CELE_F25H10.10|F25H10.10,0,0
CELE_F25H10.9|F25H10.9,0,0
CELE_F25H10.4|F25H10.4,0,0
CELE_C14A11.2|C14A11.2,83,61
CELE_T02C5.1|T02C5.1,7400,8133
CELE_T02C5.3|igcm-3,6576,6576
CELE_F55F1.11|F55F1.11,0,0
CELE_F55F1.9|F55F1.9,0,0
CELE_F55F1.10|F55F1.10,0,0
CELE_F55F1.7|F55F1.7,0,0
CELE_F55F1.8|F55F1.8,0,0
CELE_C14A11.10|C14A11.10,0,0
CELE_C14A11.14|C14A11.14,0,0
CELE_C14A11.11|C14A11.11,0,0
CELE_C14A11.3|cgef-1,1866,1633
CELE_C14A11.9|C14A11.9,676,604
CELE_C14A11.6|C14A11.6,56,44
CELE_C14A11.1|tsp-6,134,97
CELE_C14A11.12|linc-56,12,12
CELE_C14A11.7|ssr-2,60,65
CELE_Y71H10B.1|ntfc-1,4292,3372
CELE_F58H12.1|kin-29,1207,1053
CELE_F53B3.8|F53B3.8,0,0
CELE_F53B3.2|comt-1,29,0
CELE_F53B3.6|F53B3.6,184,79
CELE_F53B3.1|tra-4,2185,1696
CELE_F53B3.9|F53B3.9,0,0
CELE_F53B3.3|F53B3.3,186,188
CELE_F53B3.7|21ur-15146,0,0
CELE_F53B3.5|F53B3.5,3700,3613
CELE_B0410.1|B0410.1,0,0
CELE_B0410.4|B0410.4,0,0
CELE_F52B10.3|F52B10.3,105,77
CELE_B0410.2|vang-1,1423,1422
CELE_B0410.3|B0410.3,208,193
CELE_F52B10.18|F52B10.18,0,0
CELE_F52B10.17|F52B10.17,0,3
CELE_F52B10.12|F52B10.12,0,0
CELE_F52B10.2|hst-3.2,141,142
CELE_F52B10.1|nmy-1,13891,11034
CELE_Y71H10A.2|fard-1,3269,2634
CELE_Y41G9A.10|Y41G9A.10,248,458
CELE_Y41G9A.5|Y41G9A.5,135,127
CELE_Y71H10A.1|pfk-1.1,4318,4217
CELE_Y41G9A.3|aakg-3,84,99
CELE_Y41G9A.4|gbb-1,283,245
CELE_Y41G9A.16|Y41G9A.16,0,0
CELE_Y41G9A.1|osm-5,86,80
CELE_Y41G9A.17|Y41G9A.17,0,0
CELE_Y41G9A.6|Y41G9A.6,0,0
CELE_Y48D7A.1|Y48D7A.1,96,83
CELE_Y48D7A.2|flp-18,535,496
CELE_M02F4.8|aqp-7,2141,1790
CELE_M02F4.1|M02F4.1,23,0
CELE_M02F4.2|M02F4.2,0,0
CELE_C33D12.2|cnnm-3,438,340
CELE_M02F4.7|clec-265,3232,991
CELE_C33D12.15|C33D12.15,0,0
CELE_C33D12.3|twk-26,198,252
CELE_C33D12.6|rsef-1,116,103
CELE_C33D12.14|C33D12.14,0,0
CELE_C33D12.13|C33D12.13,0,0
CELE_C33D12.11|C33D12.11,0,0
CELE_C33D12.9|C33D12.9,0,0
CELE_C33D12.7|ceh-30,124,101
CELE_C33D12.12|C33D12.12,4,0
CELE_C33D12.17|C33D12.17,0,0
CELE_C33D12.1|ceh-31,58,63
CELE_F52E4.11|F52E4.11,0,0
CELE_F52E4.4|twk-16,75,44
CELE_F52E4.5|F52E4.5,356,399
CELE_F52E4.1|pccb-1,15342,14970
CELE_F52E4.6|wrt-2,676,406
CELE_F52E4.9|F52E4.9,0,0
CELE_F52E4.7|sec-3,1573,1315
CELE_F52E4.8|ztf-13,887,1120
CELE_K10B3.6|gpcp-1,494,553
CELE_K10B3.11|21ur-15024,0,1
CELE_K10B3.5|K10B3.5,913,864
CELE_K10B3.7|gpd-3,13170,13568
CELE_K10B3.8|gpd-2,9573,9771
CELE_K10B3.9|mai-1,187,269
CELE_K10B3.1|K10B3.1,172,84
CELE_C15C7.4|C15C7.4,196,217
CELE_C15C7.5|bbln-1,1424,752
CELE_K10B3.10|spc-1,15784,13977
CELE_F56E3.6|F56E3.6,0,0
CELE_F56E3.14|F56E3.14,0,0
CELE_F56E3.4|fax-1,26,0
CELE_C15C7.12|C15C7.12,0,0
CELE_C15C7.2|gcc-1,850,658
CELE_C15C7.1|syx-6,399,361
CELE_C15C7.7|pfut-1,892,586
CELE_F56E3.3|klp-4,2537,2366
CELE_C02F12.1|tsp-17,115,76
CELE_C02F12.11|21ur-14380,0,0
CELE_C02F12.7|tag-278,1009,816
CELE_C02F12.8|C02F12.8,1555,1422
CELE_C01C4.3|C01C4.3,377,431
CELE_C01C4.5|C01C4.5,0,0
CELE_C02F12.T1|C02F12.t1,0,0
CELE_C01C4.7|C01C4.7,0,0
CELE_C01C4.4|C01C4.4,0,2
CELE_C01C4.6|C01C4.6,0,0
CELE_C01C4.1|nlp-1,219,177
CELE_T14G12.9|T14G12.9,0,0
CELE_T14G12.4|fkh-2,299,314
CELE_T14G12.2|aex-4,298,157
CELE_T14G12.3|tag-18,4277,3292
CELE_F47B7.10|F47B7.10,0,0
CELE_F47B7.16|F47B7.16,0,0
CELE_F47B7.15|F47B7.15,0,0
CELE_F47B7.14|F47B7.14,0,0
CELE_F47B7.13|F47B7.13,0,0
CELE_F47B7.2|F47B7.2,3252,2960
CELE_F47B7.7|marg-1,374,449
CELE_F35A5.4|idpp-5,74,33
CELE_F47B7.11|F47B7.11,4,4
CELE_F47B7.1|pmpl-1,1796,2097
CELE_F35A5.3|abu-10,184,57
CELE_F35A5.2|F35A5.2,123,188
CELE_F35A5.8|F35A5.8,888,752
CELE_F35A5.9|F35A5.9,0,0
CELE_F35A5.1|F35A5.1,897,758
CELE_K03C7.13|K03C7.13,0,0
CELE_K03C7.9|K03C7.9,0,0
CELE_K03C7.15|K03C7.15,0,0
CELE_K03C7.10|K03C7.10,0,0
CELE_K03C7.14|K03C7.14,0,0
CELE_K03C7.2|fkh-9,2489,2983
CELE_ZC64.2|ttr-48,1855,2185
CELE_ZC64.13|ZC64.13,0,0
CELE_ZC64.5|ZC64.5,0,0
CELE_ZC64.3|ceh-18,549,387
CELE_ZC64.4|lim-4,85,95
CELE_F47F2.1|F47F2.1,248,43
CELE_F47F2.9|F47F2.9,0,0
CELE_F47F2.10|F47F2.10,0,0
CELE_F47F2.5|F47F2.5,0,0
CELE_F47F2.6|F47F2.6,0,0
CELE_F47F2.7|F47F2.7,0,0
CELE_T22B2.6|idpp-9,11,0
CELE_T22B2.2|T22B2.2,19,0
CELE_T22B2.4|sup-12,812,769
CELE_T22B2.1|T22B2.1,555,461
CELE_T19D2.1|adt-3,197,143
CELE_T19D2.3|T19D2.3,73,38
CELE_T19D2.2|ptp-4A2,1206,1025
CELE_C16B8.10|C16B8.10,0,0
CELE_C16B8.1|lin-18,454,395
CELE_C16B8.2|C16B8.2,64,47
CELE_C16B8.3|C16B8.3,3114,2367
CELE_C16B8.T1|C16B8.t1,0,2
CELE_C16B8.8|C16B8.8,0,0
CELE_C16B8.6|C16B8.6,0,0
CELE_C16B8.T3|C16B8.t3,3,0
CELE_C16B8.4|C16B8.4,327,337
CELE_R02E12.5|R02E12.5,279,268
CELE_R02E12.4|R02E12.4,32,0
CELE_T06F4.1|T06F4.1,159,169
CELE_Y80E2A.2|Y80E2A.2,0,0
CELE_T06F4.16|T06F4.16,0,0
CELE_T06F4.13|T06F4.13,0,0
CELE_T06F4.12|T06F4.12,0,0
CELE_T06F4.20|T06F4.20,0,0
CELE_T06F4.8|T06F4.8,0,0
CELE_T06F4.14|T06F4.14,0,0
CELE_T06F4.11|T06F4.11,0,0
CELE_T06F4.9|T06F4.9,0,0
CELE_T06F4.7|T06F4.7,0,0
CELE_T06F4.5|T06F4.5,0,0
CELE_T06F4.6|T06F4.6,0,0
CELE_T06F4.21|T06F4.21,0,0
CELE_T06F4.19|T06F4.19,0,0
CELE_T06F4.4|T06F4.4,0,0
CELE_T06F4.18|T06F4.18,0,0
CELE_T06F4.10|T06F4.10,0,0
CELE_T06F4.2|clh-4,116,98
CELE_R02E4.3|R02E4.3,189,41
CELE_R02E12.9|R02E12.9,0,3
CELE_R02E12.6|hrg-1,333,300
CELE_R02E12.2|mop-25.1,4004,4812
CELE_F09F9.13|F09F9.13,0,0
CELE_F09F9.10|F09F9.10,0,0
CELE_F09F9.12|F09F9.12,0,0
CELE_R02E4.2|R02E4.2,30,34
CELE_F09F9.2|spia-1,293,121
CELE_F09F9.1|F09F9.1,209,277
CELE_F09F9.16|F09F9.16,0,0
CELE_F09F9.3|F09F9.3,12,15
CELE_F09F9.11|F09F9.11,0,0
CELE_F09F9.14|F09F9.14,0,0
CELE_F09F9.9|F09F9.9,0,0
CELE_F09F9.4|gogo-1,217,245
CELE_ZK470.11|ZK470.11,0,0
CELE_ZK470.4|ZK470.4,0,0
CELE_ZK470.2|ZK470.2,2046,1521
CELE_ZK470.13|ZK470.13,0,0
CELE_ZK470.14|ZK470.14,33,24
CELE_ZK470.6|ZK470.6,14,20
CELE_ZK470.10|ZK470.10,0,0
CELE_ZK470.5|nck-1,2660,2564
CELE_F20B6.3|mrp-6,492,409
CELE_F20B6.9|F20B6.9,58,74
CELE_F20B6.7|F20B6.7,27,63
CELE_F20B6.2|vha-12,19541,11830
CELE_W01H2.3|rab-37,21,0
CELE_W01H2.2|W01H2.2,0,0
CELE_W01H2.6|W01H2.6,0,0
CELE_F20B6.8|hpk-1,3616,3866
CELE_F48D6.3|hlh-13,20,13
CELE_F48D6.2|srv-5,0,0
CELE_F48D6.4|F48D6.4,5357,6552
CELE_F48D6.1|taf-11.1,733,701
CELE_C52B9.4|C52B9.4,3238,2591
CELE_C52B9.16|C52B9.16,0,0
CELE_C52B9.3|coel-1,950,1542
CELE_C52B9.18|C52B9.18,0,0
CELE_C52B9.9|mec-18,60,68
CELE_C52B9.6|twk-28,230,62
CELE_C52B9.2|ets-9,534,558
CELE_C52B9.19|C52B9.19,54,43
CELE_C52B9.11|ets-10,12,11
CELE_C52B9.17|C52B9.17,0,0
CELE_C52B9.15|C52B9.15,0,0
CELE_C52B9.14|C52B9.14,0,0
CELE_C52B9.13|C52B9.13,0,0
CELE_C52B9.1|cka-2,186,111
CELE_C52B9.7|paf-2,403,330
CELE_C52B9.8|C52B9.8,24,22
CELE_C24A8.3|pqn-15,3722,3570
CELE_F14H12.9|F14H12.9,0,0
CELE_F14H12.3|F14H12.3,266,426
CELE_F14H12.1|col-165,1397,880
CELE_F14H12.6|F14H12.6,36,39
CELE_F14H12.7|F14H12.7,47,34
CELE_F14H12.8|F14H12.8,29,54
CELE_R160.3|R160.3,66,24
CELE_R160.10|R160.10,50,55
CELE_R160.4|R160.4,22,20
CELE_R160.5|R160.5,0,0
CELE_C24A8.12|C24A8.12,0,0
CELE_C24A8.13|C24A8.13,0,0
CELE_F14H12.11|F14H12.11,0,0
CELE_F14H12.12|F14H12.12,0,0
CELE_F14H12.13|F14H12.13,0,0
CELE_F14H12.14|F14H12.14,0,0
CELE_F14H12.16|F14H12.16,0,0
CELE_C24A8.1|dop-6,339,102
CELE_C24A8.5|C24A8.5,9,9
CELE_C24A8.6|C24A8.6,175,383
CELE_C24A8.4|cst-2,1209,1305
CELE_F14H12.4|cst-1,1870,1731
CELE_R160.2|R160.2,0,0
CELE_R160.7|lst-2,1793,1733
CELE_D1079.1|D1079.1,54,53
CELE_D1079.2|D1079.2,0,0
CELE_F15A8.13|F15A8.13,0,0
CELE_F15A8.5|dop-1,51,41
CELE_R160.1|dpy-23,2952,2623
CELE_F15A8.16|F15A8.16,0,0
CELE_F15A8.14|F15A8.14,0,0
CELE_F15A8.11|F15A8.11,0,0
CELE_F15A8.12|F15A8.12,0,0
CELE_F15A8.1|F15A8.1,0,0
CELE_F15A8.6|cest-26,371,307
CELE_F25F6.3|F25F6.3,0,0
CELE_F25F6.T1|F25F6.t1,0,0
CELE_F25F6.2|F25F6.2,0,0
CELE_F25F6.4|F25F6.4,0,0
CELE_F25F6.T2|F25F6.t2,0,0
CELE_F02E8.4|F02E8.4,3612,2975
CELE_F02E8.3|aps-2,1254,961
CELE_F02E8.2|nmur-3,44,52
CELE_F02E8.5|atg-16.1,1164,1164
CELE_F02E8.1|asb-2,7997,6757
CELE_F46H6.5|F46H6.5,44,26
CELE_F02E8.10|F02E8.10,0,0
CELE_F02E8.9|F02E8.9,0,0
CELE_F02E8.8|F02E8.8,0,0
CELE_F02E8.7|F02E8.7,0,0
CELE_F02E8.11|F02E8.11,0,0
CELE_F02E8.12|F02E8.12,0,0
CELE_F46H6.10|F46H6.10,0,0
CELE_F02E8.6|ncr-1,1975,2454
CELE_F46H6.6|21ur-11587,0,0
CELE_F46H6.8|F46H6.8,0,0
CELE_F46H6.2|dgk-2,2206,2330
CELE_F46H6.1|rhi-1,2021,1928
CELE_C07A12.5|spr-3,1466,1322
CELE_C07A12.7|tmyb-1,1708,1970
CELE_C07A12.3|nhr-35,1134,1226
CELE_C07A12.18|C07A12.18,11,0
CELE_C07A12.15|C07A12.15,0,0
CELE_C07A12.17|C07A12.17,0,0
CELE_C07A12.2|nssp-77,46,25
CELE_C05E11.11|C05E11.11,0,0
CELE_C05E11.12|C05E11.12,0,0
CELE_C05E11.10|C05E11.10,0,0
CELE_C07A12.1|ham-2,725,770
CELE_C05E11.17|C05E11.17,9,0
CELE_C05E11.6|C05E11.6,39,27
CELE_C05E11.5|amt-4,2701,2302
CELE_C05E11.15|C05E11.15,0,0
CELE_C05E11.9|C05E11.9,2,0
CELE_C05E11.18|C05E11.18,0,0
CELE_C05E11.13|C05E11.13,0,0
CELE_C05E11.3|C05E11.3,592,590
CELE_C05E11.7|C05E11.7,25,0
CELE_C07A12.19|C07A12.19,4,6
CELE_C07A12.4|pdi-2,46643,35921
CELE_C05E11.1|lnp-1,1442,1433
CELE_C05E11.8|flp-12,569,377
CELE_T13H2.9|T13H2.9,0,0
CELE_T13H2.5|spat-3,5736,5351
CELE_C46C11.3|C46C11.3,317,217
CELE_C46C11.2|slcr-46.1,695,563
CELE_C46C11.1|hosl-1,1011,1244
CELE_C46C11.4|C46C11.4,141,128
CELE_T13H2.4|pqn-65,8902,8583
CELE_F16H11.4|ceh-1,18,0
CELE_F16H11.3|ent-5,1012,910
CELE_F16H11.5|nhr-45,777,802
CELE_F16H11.1|mfsd-12,160,144
CELE_K02G10.15|K02G10.15,73,38
CELE_K02G10.3|tmem-135,585,561
CELE_K02G10.4|flp-11,530,508
CELE_K02G10.5|K02G10.5,198,125
CELE_K02G10.6|hyl-2,2126,2027
CELE_K02G10.7|aqp-8,3397,2181
CELE_F55D10.4|F55D10.4,41,32
CELE_F55D10.1|aman-1,1998,1799
CELE_DL2.1|DL2.1,0,0
CELE_K02G10.1|dhhc-10,761,647
CELE_K02G10.8|dnj-14,1403,1469
CELE_F55D10.3|glit-1,1604,1228
CELE_F55D10.2|rpl-23A.1,6099,5277
CELE_C39E6.12|C39E6.12,0,0
CELE_C39E6.1|lon-2,1141,1087
CELE_C39E6.11|C39E6.11,0,0
CELE_C39E6.4|mls-2,232,177
CELE_F43C9.5|F43C9.5,0,0
CELE_F43C9.T1|F43C9.t1,0,0
CELE_F43C9.9|F43C9.9,0,0
CELE_F43C9.2|F43C9.2,550,647
CELE_F43C9.7|F43C9.7,3,0
CELE_F43C9.8|F43C9.8,0,0
CELE_F43C9.1|F43C9.1,155,125
CELE_F43C9.4|mig-13,413,425
CELE_R08E3.7|R08E3.7,0,0
CELE_R08E3.6|R08E3.6,0,0
CELE_R08E3.4|ztf-16,598,640
CELE_R08E3.3|R08E3.3,1348,1174
CELE_F39C12.2|add-1,456,336
CELE_F39C12.7|F39C12.7,0,0
CELE_F39C12.3|tsp-14,779,692
CELE_F39C12.8|F39C12.8,0,0
CELE_F39C12.4|ntc-1,35,46
CELE_T07F12.10|T07F12.10,0,0
CELE_T07F12.9|T07F12.9,4,0
CELE_T07F12.2|T07F12.2,1059,909
CELE_T07F12.6|T07F12.6,0,0
CELE_T07F12.1|T07F12.1,287,176
CELE_T07F12.4|T07F12.4,212,191
CELE_R08E3.1|kola-2,13918,8253
CELE_F39C12.1|F39C12.1,3720,3485
CELE_K05B2.4|K05B2.4,198,169
CELE_K05B2.2|K05B2.2,704,808
CELE_K05B2.3|ifa-4,4012,3009
CELE_M03F4.9|M03F4.9,0,0
CELE_M03F4.3|tyra-3,89,46
CELE_M03F4.11|M03F4.11,2,0
CELE_K05B2.5|mct-4,2066,1704
CELE_F28B4.5|F28B4.5,0,0
CELE_F28B4.9|F28B4.9,0,0
CELE_F28B4.7|F28B4.7,0,0
CELE_F28B4.8|F28B4.8,0,0
CELE_F40F4.9|F40F4.9,0,0
CELE_F40F4.10|F40F4.10,0,0
CELE_K09C4.7|K09C4.7,0,0
CELE_K09C4.2|K09C4.2,0,0
CELE_F11D5.11|F11D5.11,0,0
CELE_F11D5.17|F11D5.17,0,0
CELE_F11D5.26|F11D5.26,0,0
CELE_F11D5.29|F11D5.29,0,0
CELE_F11D5.35|F11D5.35,0,0
CELE_F11D5.8|F11D5.8,0,0
CELE_F11D5.22|F11D5.22,0,0
CELE_F11D5.32|F11D5.32,0,0
CELE_F11D5.12|F11D5.12,0,0
CELE_F11D5.9|F11D5.9,0,0
CELE_F11D5.16|F11D5.16,0,0
CELE_F11D5.14|F11D5.14,0,0
CELE_F11D5.23|F11D5.23,0,0
CELE_F11D5.21|F11D5.21,0,0
CELE_F11D5.30|F11D5.30,0,0
CELE_F11D5.27|F11D5.27,0,0
CELE_F11D5.20|F11D5.20,0,0
CELE_F11D5.6|F11D5.6,0,0
CELE_F11D5.18|F11D5.18,0,0
CELE_F11D5.15|F11D5.15,0,0
CELE_F11D5.13|F11D5.13,0,0
CELE_F11D5.10|F11D5.10,0,0
CELE_F11D5.34|F11D5.34,0,0
CELE_F11D5.28|F11D5.28,0,0
CELE_F11D5.19|F11D5.19,0,0
CELE_F11D5.31|F11D5.31,0,0
CELE_F11D5.25|F11D5.25,0,0
CELE_ZK816.8|ZK816.8,0,0
CELE_ZK816.9|ZK816.9,0,0
CELE_ZK816.3|ZK816.3,0,0
CELE_ZK816.7|ZK816.7,0,0
CELE_ZK816.6|ZK816.6,0,0
CELE_ZK563.T1|ZK563.t1,0,0
CELE_ZK563.11|ZK563.11,0,0
CELE_ZK563.10|ZK563.10,0,0
CELE_ZK563.9|ZK563.9,0,0
CELE_C04F6.9|C04F6.9,0,11
CELE_C04F6.8|C04F6.8,0,0
CELE_C04F6.6|mir-271,0,0
CELE_C04F6.7|C04F6.7,0,0
CELE_ZK813.9|ZK813.9,0,0
CELE_ZK813.10|ZK813.10,0,0
CELE_ZK813.8|ZK813.8,0,0
CELE_ZK377.9|ZK377.9,0,0
CELE_ZK377.10|ZK377.10,0,0
CELE_ZK377.5|ZK377.5,0,0
CELE_ZK377.7|ZK377.7,0,0
CELE_ZK377.14|ZK377.14,0,0
CELE_ZK377.4|ZK377.4,0,0
CELE_ZK377.11|ZK377.11,0,0
CELE_ZK377.6|ZK377.6,0,0
CELE_ZK377.13|ZK377.13,0,0
CELE_ZK377.12|ZK377.12,0,0
CELE_ZK377.8|ZK377.8,0,0
CELE_C12D12.7|C12D12.7,0,0
CELE_C12D12.10|C12D12.10,0,0
CELE_C12D12.9|C12D12.9,0,0
CELE_C12D12.8|21ur-14764,0,0
CELE_F56B6.5|npr-16,38,33
CELE_F56B6.7|F56B6.7,0,0
CELE_T27A10.5|T27A10.5,0,0
CELE_T27A10.10|T27A10.10,0,0
CELE_T27A10.11|T27A10.11,0,0
CELE_T27A10.9|T27A10.9,0,0
CELE_C18B2.8|C18B2.8,0,0
CELE_C18B2.7|C18B2.7,0,0
CELE_R11G1.6|tmem-24,907,719
CELE_R11G1.8|R11G1.8,0,0
CELE_R11G1.10|R11G1.10,0,0
CELE_R11G1.9|R11G1.9,0,0
CELE_F28B4.4|F28B4.4,60,84
CELE_F28B4.2|rgl-1,1902,1656
CELE_F28B4.3|hrg-11.2,22921,9175
CELE_F40F4.6|irg-7,69512,34220
CELE_F40F4.7|F40F4.7,1927,1867
CELE_F40F4.8|pqn-37,96,76
CELE_F40F4.5|tba-9,84,98
CELE_F40F4.4|lbp-3,1961,1817
CELE_F40F4.3|lbp-1,4882,4542
CELE_F40F4.2|lbp-2,14138,10810
CELE_F40F4.1|fbxb-71,59,78
CELE_K09C4.8|sul-1,109,71
CELE_K09C4.9|K09C4.9,5,0
CELE_K09C4.10|K09C4.10,701,613
CELE_K09C4.5|K09C4.5,406,173
CELE_K09C4.3|hsp-2,37,30
CELE_K09C4.1|K09C4.1,740,766
CELE_F11D5.5|F11D5.5,59,65
CELE_F11D5.7|F11D5.7,91,47
CELE_F11D5.3|ddr-2,801,779
CELE_F11D5.1|F11D5.1,1289,1103
CELE_ZK816.4|nspg-4,35,14
CELE_ZK816.1|ZK816.1,63,36
CELE_ZK816.5|dhs-26,29,0
CELE_ZK563.2|ZK563.2,30,30
CELE_ZK563.8|ZK563.8,4,0
CELE_ZK563.4|clc-3,173,135
CELE_ZK563.5|sorf-1,880,657
CELE_ZK563.7|ZK563.7,244,192
CELE_ZK563.6|acp-1,275,137
CELE_ZK563.1|slcf-2,170,162
CELE_C04F6.3|cht-1,6020,6156
CELE_C04F6.1|vit-5,934090,950975
CELE_C04F6.4|unc-78,2076,1785
CELE_C04F6.5|dhs-27,848,670
CELE_ZK813.6|ZK813.6,36,15
CELE_ZK813.4|ZK813.4,167,128
CELE_ZK813.3|ZK813.3,12491,11551
CELE_ZK813.2|ZK813.2,2703,2389
CELE_ZK813.7|ZK813.7,13890,11877
CELE_ZK813.1|ZK813.1,17157,15662
CELE_ZK377.2|sax-3,5646,5504
CELE_ZK377.1|wrt-6,427,143
CELE_C12D12.3|C12D12.3,15,39
CELE_C12D12.2|glt-1,2842,2987
CELE_C12D12.1|C12D12.1,10250,4748
CELE_C12D12.5|sox-4,601,398
CELE_F56B6.6|F56B6.6,48,73
CELE_F56B6.4|gyg-1,1572,1282
CELE_F56B6.2|rgs-7,2726,2587
CELE_F59D8.2|vit-4,338394,271233
CELE_F59D8.1|vit-3,295091,252298
CELE_T27A10.3|ckc-1,693,513
CELE_T27A10.2|T27A10.2,38,23
CELE_T27A10.6|T27A10.6,776,559
CELE_T27A10.7|cgr-1,1112,2072
CELE_C18B2.3|C18B2.3,645,336
CELE_C18B2.4|C18B2.4,2817,2341
CELE_C18B2.5|C18B2.5,7390,4273
CELE_C18B2.6|del-9,93,82
CELE_C18B2.1|vep-2,16,0
CELE_R11G1.3|gst-11,41,20
CELE_R11G1.4|sax-1,2090,2303
CELE_R11G1.2|R11G1.2,154,126
CELE_R11G1.7|R11G1.7,180,177
CELE_C02F12.3|snet-1,412,430
CELE_C02F12.5|C02F12.5,1069,906
CELE_C02F12.10|ceh-63,40,39
CELE_C02F12.4|tag-52,2041,1950
CELE_ZC8.3|set-30,619,419
CELE_ZC449.7|ZC449.7,70,75
CELE_ZC449.10|ZC449.10,0,0
CELE_ZC449.T1|ZC449.t1,0,0
CELE_ZC449.2|ZC449.2,231,118
CELE_ZC449.8|ZC449.8,153,63
CELE_ZC449.3|sek-3,1563,1356
CELE_ZC449.1|ZC449.1,112,75
CELE_ZC449.4|ZC449.4,122,140
CELE_Y64H9A.2|Y64H9A.2,45,21
CELE_C24H10.4|C24H10.4,29,0
CELE_ZC449.5|ZC449.5,1018,961
CELE_C24H10.3|C24H10.3,100,47
CELE_C24H10.2|C24H10.2,794,661
CELE_C42D8.4|ets-5,27,27
CELE_C42D8.12|C42D8.12,0,0
CELE_C42D8.10|C42D8.10,0,0
CELE_C24H10.1|clc-7,283,267
CELE_C24H10.5|cal-5,1032,865
CELE_C42D8.15|C42D8.15,0,0
CELE_C42D8.3|pnk-4,1023,1151
CELE_C42D8.5|acn-1,2535,1494
CELE_M03F4.12|M03F4.12,0,0
CELE_M03F4.2|act-4,45815,37751
CELE_M03F4.6|M03F4.6,249,192
CELE_M03F4.7|calu-1,10011,7884
CELE_M03F4.13|M03F4.13,7,3
CELE_ZC8.6|ZC8.6,1141,945
CELE_ZC8.4|lfi-1,8412,7508
CELE_ZC8.7|ZC8.7,5,0
CELE_F32A6.5|sto-2,50,45
CELE_F32A6.11|F32A6.11,0,0
CELE_F32A6.10|F32A6.10,0,0
CELE_F32A6.13|F32A6.13,0,0
CELE_F32A6.T1|F32A6.t1,0,0
CELE_F32A6.12|F32A6.12,0,0
CELE_F32A6.7|F32A6.7,0,0
CELE_F32A6.9|F32A6.9,0,0
CELE_C26B9.9|C26B9.9,0,0
CELE_C26B9.3|C26B9.3,490,216
CELE_C26B9.2|C26B9.2,19,0
CELE_C26B9.7|C26B9.7,28,15
CELE_C26B9.5|C26B9.5,5762,2957
CELE_C26B9.6|C26B9.6,346,351
CELE_C26B9.1|C26B9.1,803,793
CELE_F35C8.4|syx-3,355,429
CELE_F35C8.6|pfn-2,2822,2491
CELE_F35C8.10|F35C8.10,0,0
CELE_F35C8.7|chtl-1,3129,2784
CELE_F35C8.2|sek-4,335,315
CELE_F35C8.5|F35C8.5,1594,1712
CELE_F35C8.3|jkk-1,118,135
CELE_F35C8.8|F35C8.8,7,9
CELE_F35C8.9|F35C8.9,75,48
CELE_C03F11.6|C03F11.6,0,0
CELE_C03F11.1|kcnl-3,35,45
CELE_C03F11.2|C03F11.2,56,58
CELE_C03F11.3|scav-1,2780,2049
CELE_C03F11.T1|C03F11.t1,0,0
CELE_C03F11.4|C03F11.4,212,145
CELE_C41A3.2|C41A3.2,290,268
CELE_C41A3.1|pks-1,348,0
CELE_C41A3.7|C41A3.7,0,0
CELE_C41A3.5|C41A3.5,0,0
CELE_C41A3.6|C41A3.6,0,0
CELE_C25F6.7|itm-2,327,145
CELE_C25F6.6|C25F6.6,0,9
CELE_C25F6.8|C25F6.8,16,18
CELE_C25F6.4|ddr-1,768,633
CELE_C25F6.14|C25F6.14,0,0
CELE_C25F6.15|C25F6.15,2,0
CELE_C25F6.3|dpyd-1,5351,4378
CELE_C25F6.1|C25F6.1,707,547
CELE_C25F6.16|C25F6.16,0,0
CELE_C25F6.13|C25F6.13,0,0
CELE_C25F6.17|C25F6.17,0,3
CELE_C25F6.9|C25F6.9,0,0
CELE_C25F6.11|C25F6.11,0,0
CELE_C25F6.26|C25F6.26,0,0
CELE_C25F6.2|dlg-1,6802,6333
CELE_T23F2.12|T23F2.12,0,0
CELE_T23F2.6|21ur-15152,0,0
CELE_T23F2.13|bus-8A,88,55
CELE_T23F2.1|bus-8B,492,197
CELE_T23F2.2|T23F2.2,361,329
CELE_T23F2.3|T23F2.3,423,342
CELE_T23F2.4|T23F2.4,7,19
CELE_T23F2.5|T23F2.5,3207,2532
CELE_C54G7.2|mboa-3,2165,1421
CELE_C54G7.11|C54G7.11,0,0
CELE_C54G7.3|lgx-1,671,363
CELE_C54G7.14|C54G7.14,0,0
CELE_C54G7.1|C54G7.1,16,0
CELE_C54G7.4|ifta-1,248,222
CELE_C38C5.2|C38C5.2,0,0
CELE_F14D12.4|mec-2,182,181
CELE_F14D12.9|F14D12.9,0,0
CELE_F14D12.8|F14D12.8,0,0
CELE_F14D12.5|sulp-2,287,276
CELE_F14D12.2|unc-97,1832,1492
CELE_F14D12.10|F14D12.10,0,0
CELE_F14D12.12|F14D12.12,0,0
CELE_F14D12.1|soc-3,252,244
CELE_F14D12.6|octr-1,92,66
CELE_T22B7.4|T22B7.4,574,564
CELE_T21F4.1|argn-1,3762,3610
CELE_T22B7.8|T22B7.8,112,83
CELE_T22B7.5|srv-7,56,58
CELE_T22B7.3|T22B7.3,261,217
CELE_T22B7.7|T22B7.7,133,64
CELE_T22B7.21|T22B7.21,0,0
CELE_T22B7.19|T22B7.19,0,0
CELE_T22B7.10|T22B7.10,0,0
CELE_T22B7.1|egl-13,620,474
CELE_T22B7.9|T22B7.9,0,0
CELE_T22B7.12|T22B7.12,0,0
CELE_T22B7.17|T22B7.17,0,0
CELE_W01C8.3|set-19,1774,1503
CELE_W01C8.4|set-20,718,631
CELE_W01C8.8|W01C8.8,1,0
CELE_W01C8.15|W01C8.15,0,0
CELE_W01C8.14|W01C8.14,0,0
CELE_E03E2.T1|E03E2.t1,0,0
CELE_E03E2.T2|E03E2.t2,0,0
CELE_W01C8.6|cat-1,34,41
CELE_W01C8.13|W01C8.13,0,0
CELE_W01C8.1|W01C8.1,15,9
CELE_W01C8.5|W01C8.5,1731,1500
CELE_C41G11.11|C41G11.11,0,0
CELE_C41G11.9|C41G11.9,0,0
CELE_C41G11.15|C41G11.15,0,0
CELE_C41G11.3|rgs-6,293,230
CELE_C41G11.4|gnrr-4,104,77
CELE_C41G11.13|C41G11.13,0,0
CELE_C41G11.17|C41G11.17,0,0
CELE_E03E2.1|cyp-43A1,1061,975
CELE_C41G11.1|C41G11.1,4910,4429
CELE_C54H2.3|tag-294,1620,1541
CELE_F46G11.3|gakh-1,734,789
CELE_F46G11.6|F46G11.6,69,40
CELE_F46G11.2|F46G11.2,69,31
CELE_F46G11.1|twnk-1,0,0
CELE_F46G11.13|F46G11.13,0,0
CELE_F46G11.9|F46G11.9,0,0
CELE_F46G11.10|F46G11.10,0,0
CELE_F46G11.8|F46G11.8,0,0
CELE_F46G11.15|F46G11.15,0,0
CELE_F46G11.12|F46G11.12,0,0
CELE_F46G11.17|F46G11.17,0,0
CELE_F46G11.4|F46G11.4,53,42
CELE_C54H2.6|C54H2.6,0,0
CELE_C54H2.1|sym-3,680,593
CELE_C54H2.5|sft-4,5826,4243
CELE_F13D11.16|F13D11.16,3,0
CELE_F13D11.3|F13D11.3,312,438
CELE_F13D11.6|21ur-15047,0,0
CELE_F13D11.1|acp-5,436,451
CELE_F13D11.4|F13D11.4,270,239
CELE_F13D11.2|hbl-1,5148,4568
CELE_W06B11.3|dct-11,1474,1377
CELE_F49E10.24|F49E10.24,0,0
CELE_F49E10.23|F49E10.23,0,0
CELE_F49E10.13|F49E10.13,0,0
CELE_F49E10.10|F49E10.10,0,0
CELE_F49E10.14|F49E10.14,0,0
CELE_F49E10.7|21ur-15624,0,0
CELE_F49E10.20|F49E10.20,0,0
CELE_F49E10.19|F49E10.19,0,0
CELE_F49E10.5|ctbp-1,317,336
CELE_F49E10.16|F49E10.16,0,0
CELE_F49E10.22|F49E10.22,0,0
CELE_F49E10.4|F49E10.4,51,66
CELE_F49E10.3|flp-7,225,274
CELE_W06B11.7|W06B11.7,0,0
CELE_W06B11.8|W06B11.8,0,0
CELE_W06B11.10|W06B11.10,0,0
CELE_W06B11.2|puf-9,3799,3692
CELE_W06B11.1|atat-2,139,103
CELE_W06B11.4|hog-1,83,26
CELE_F49E10.9|F49E10.9,0,0
CELE_F49E10.2|F49E10.2,264,118
CELE_F49E10.8|F49E10.8,0,0
CELE_F49E10.1|tbc-16,113,57
CELE_Y23B4A.1|Y23B4A.1,0,9
CELE_Y23B4A.4|21ur-15342,0,0
CELE_H05L03.3|nlp-49,914,1008
CELE_Y23B4A.2|capa-1,125,90
CELE_C46F4.1|egl-6,369,309
CELE_C46F4.3|C46F4.3,0,0
CELE_C46F4.2|acs-17,2780,3449
CELE_R07E4.4|mig-23,1265,888
CELE_R07E4.5|R07E4.5,1556,1434
CELE_R07E4.3|R07E4.3,589,472
CELE_R07E4.1|R07E4.1,594,535
CELE_F22F4.3|klp-13,86,55
CELE_F22F4.5|F22F4.5,69,48
CELE_R07E4.8|R07E4.8,0,0
CELE_R07E4.9|R07E4.9,0,0
CELE_R07E4.6|kin-2,5509,4624
CELE_R07E4.7|R07E4.7,4,0
CELE_F22F4.6|21ur-15070,0,0
CELE_C09B8.13|C09B8.13,0,0
CELE_F22F4.1|sups-1,517,234
CELE_C09B8.3|C09B8.3,22,0
CELE_C09B8.18|C09B8.18,0,0
CELE_C09B8.8|C09B8.8,31,36
CELE_C09B8.4|C09B8.4,26,39
CELE_C09B8.5|lelo-3,260,257
CELE_F22F4.7|21ur-14519,1,0
CELE_F22F4.2|inx-3,7800,8465
CELE_F22F4.9|F22F4.9,79,52
CELE_F22F4.4|F22F4.4,1248,929
CELE_C09B8.10|C09B8.10,0,0
CELE_C09B8.12|C09B8.12,0,0
CELE_C09B8.14|C09B8.14,0,0
CELE_C09B8.11|C09B8.11,0,0
CELE_C09B8.1|ipp-5,634,689
CELE_C09B8.6|hsp-25,4176,3449
CELE_C09B8.9|21ur-12247,1,0
CELE_C45B2.10|C45B2.10,0,0
CELE_C09B8.7|pak-1,2266,2513
CELE_C45B2.6|C45B2.6,737,699
CELE_C45B2.5|gln-1,1189,1024
CELE_C45B2.4|lgc-58,39,0
CELE_C45B2.15|C45B2.15,0,0
CELE_C45B2.7|ptr-4,1198,801
CELE_C45B2.2|C45B2.2,244,76
CELE_C45B2.8|C45B2.8,14,0
CELE_C45B2.1|spig-20,2036,2054
CELE_C42D8.9|C42D8.9,0,0
CELE_C42D8.17|C42D8.17,0,0
CELE_C42D8.8|apl-1,14464,13849
CELE_C42D8.13|C42D8.13,0,0
CELE_C31H2.10|C31H2.10,0,0
CELE_C31H2.6|C31H2.6,0,0
CELE_C31H2.13|C31H2.13,0,0
CELE_C31H2.7|C31H2.7,0,0
CELE_C31H2.9|C31H2.9,0,0
CELE_C31H2.8|C31H2.8,0,0
CELE_C31H2.5|C31H2.5,0,0
CELE_C31H2.11|C31H2.11,0,0
CELE_C31H2.12|C31H2.12,0,0
CELE_T03G11.11|21ur-13976,0,0
CELE_T03G11.20|T03G11.20,0,0
CELE_T03G11.14|T03G11.14,0,0
CELE_T03G11.16|T03G11.16,0,0
CELE_T03G11.2|sru-48,0,0
CELE_T03G11.13|T03G11.13,0,0
CELE_T03G11.15|T03G11.15,0,0
CELE_T03G11.19|T03G11.19,0,0
CELE_T03G11.17|T03G11.17,0,0
CELE_T03G11.12|T03G11.12,0,0
CELE_T03G11.18|T03G11.18,0,0
CELE_H28G03.7|H28G03.7,0,0
CELE_H28G03.8|H28G03.8,0,0
CELE_H28G03.1|hrpa-2,4194,3743
CELE_H28G03.3|H28G03.3,0,0
CELE_H28G03.9|H28G03.9,0,0
CELE_Y34B4A.14|Y34B4A.14,0,0
CELE_Y34B4A.13|Y34B4A.13,0,0
CELE_Y34B4A.18|Y34B4A.18,0,0
CELE_Y34B4A.16|Y34B4A.16,0,0
CELE_Y34B4A.8|rga-8,1338,1195
CELE_F32A6.4|ags-3,1543,959
CELE_F32A6.8|F32A6.8,0,0
CELE_F32A6.6|21ur-14934,0,0
CELE_C42D8.2|vit-2,1152787,1150580
CELE_C42D8.1|C42D8.1,405,312
CELE_C31H2.1|tbc-7,1002,977
CELE_C31H2.14|C31H2.14,68,65
CELE_C31H2.2|dpy-8,265,103
CELE_C31H2.3|C31H2.3,24,18
CELE_C31H2.4|C31H2.4,222,184
CELE_EGAP5.1|EGAP5.1,10,0
CELE_T03G11.4|mans-3,1218,1122
CELE_T03G11.3|zchc-1A,45,17
CELE_T03G11.6|metl-9,1495,1451
CELE_T03G11.9|T03G11.9,22,13
CELE_T03G11.8|zig-6,120,98
CELE_T03G11.1|pqn-62,392,340
CELE_H28G03.2|H28G03.2,1931,1874
CELE_H28G03.6|mtm-5,1592,1462
CELE_Y34B4A.7|Y34B4A.7,1217,1040
CELE_Y34B4A.17|Y34B4A.17,3,0
CELE_Y34B4A.10|Y34B4A.10,237,79
CELE_Y34B4A.6|nspg-14,14388,6868
CELE_Y34B4A.9|nspg-13,12856,6221
CELE_Y34B4A.5|nspg-12,379,289
CELE_Y34B4A.20|Y34B4A.20,68,33
CELE_Y34B4A.4|Y34B4A.4,297,231
CELE_Y34B4A.15|Y34B4A.15,3,0
CELE_Y34B4A.3|hst-6,620,682
CELE_Y34B4A.2|Y34B4A.2,936,768
CELE_F32A6.3|vps-41,1299,1144
CELE_F32A6.2|ift-81,69,60
CELE_C15H9.12|C15H9.12,0,0
CELE_C15H9.5|C15H9.5,1465,1232
CELE_C15H9.4|C15H9.4,2377,2010
CELE_C15H9.11|C15H9.11,285,319
CELE_C15H9.7|kynu-1,1893,1643
CELE_C15H9.2|C15H9.2,20,0
CELE_C15H9.8|prx-3,735,650
CELE_C15H9.6|hsp-3,50685,41840
CELE_C34H3.6|C34H3.6,0,0
CELE_Y72A10A.1|Y72A10A.1,151,104
CELE_C34H3.3|C34H3.3,0,0
CELE_C34H3.12|C34H3.12,0,0
CELE_C34H3.19|C34H3.19,0,0
CELE_C34H3.17|C34H3.17,0,0
CELE_C34H3.23|C34H3.23,0,0
CELE_C34H3.1|tag-275,370,316
CELE_C34H3.2|odd-2,332,241
CELE_C15H9.13|C15H9.13,0,0
CELE_C15H9.1|nnt-1,2255,4778
CELE_C15H9.9|C15H9.9,2901,1617
CELE_T25B2.1|T25B2.1,0,9
CELE_T13C5.2|T13C5.2,0,0
CELE_T25B2.4|T25B2.4,0,0
CELE_T13C5.3|T13C5.3,23,0
CELE_T13C5.7|T13C5.7,26,12
CELE_T13C5.9|T13C5.9,15,0
CELE_T25B2.2|T25B2.2,641,664
CELE_T13C5.1|daf-9,60,0
CELE_T13C5.5|bca-1,437,432
CELE_T13C5.8|mtp-18,209,158
CELE_T13C5.6|T13C5.6,411,278
CELE_C14F11.18|C14F11.18,0,0
CELE_C14F11.7|C14F11.7,14,11
CELE_C14F11.2|lrch-1,716,697
CELE_C14F11.30|C14F11.30,0,0
CELE_C14F11.6|rml-3,871,558
CELE_C14F11.4|C14F11.4,1239,885
CELE_C14F11.3|lite-1,176,134
CELE_C14F11.5|hsp-43,3677,2938
CELE_C14F11.1|got-2.2,9383,9345
CELE_W05H9.3|W05H9.3,5811,6941
CELE_W05H9.4|W05H9.4,2070,1871
CELE_W05H9.2|W05H9.2,1743,1571
CELE_W05H9.1|lro-1,7773,10073
CELE_C03B1.10|C03B1.10,0,0
CELE_C03B1.5|C03B1.5,21,0
CELE_C03B1.7|C03B1.7,590,569
CELE_C03B1.14|C03B1.14,301,248
CELE_T07H6.T1|T07H6.t1,0,0
CELE_T07H6.7|T07H6.7,0,0
CELE_T07H6.T2|T07H6.t2,0,0
CELE_T10E10.12|T10E10.12,0,0
CELE_T10E10.3|npr-38,0,0
CELE_T10E10.11|T10E10.11,0,0
CELE_T10E10.10|T10E10.10,0,0
CELE_T10E10.9|T10E10.9,0,0
CELE_T07H6.3|col-166,3453,1360
CELE_T07H6.5|lev-9,140,104
CELE_T07H6.2|mom-1,325,350
CELE_T07H6.1|cest-16,154,68
CELE_T10E10.4|chtb-3,104,57
CELE_T10E10.2|col-167,3716,1065
CELE_T10E10.1|col-168,2104,650
CELE_T10E10.5|col-169,1097,202
CELE_T10E10.6|col-170,1253,416
CELE_C03B1.13|C03B1.13,679,1077
CELE_SSSD1.1|igcm-2,193,170
CELE_T22E5.15|T22E5.15,0,0
CELE_T22E5.13|T22E5.13,0,0
CELE_T22E5.11|T22E5.11,0,0
CELE_T22E5.9|T22E5.9,0,0
CELE_T22E5.3|igdb-3,51,70
CELE_C03B1.12|lmp-1,8816,8097
CELE_K10C2.12|K10C2.12,26,18
CELE_T22E5.6|T22E5.6,80,91
CELE_T22E5.10|T22E5.10,0,0
CELE_T22E5.2|glt-4,625,610
CELE_T22E5.5|mup-2,6800,4862
CELE_T22E5.1|nssp-78,79,31
CELE_K10C2.11|K10C2.11,0,0
CELE_K10C2.8|K10C2.8,197,184
CELE_K10C2.14|K10C2.14,54,30
CELE_K10C2.7|K10C2.7,72,59
CELE_K10C2.1|ctsa-2,12309,4928
CELE_K10C2.6|K10C2.6,0,0
CELE_K04E7.3|nas-33,230,79
CELE_C15B12.9|C15B12.9,21,0
CELE_C15B12.4|C15B12.4,229,188
CELE_C15B12.5|gar-1,131,112
CELE_C15B12.11|C15B12.11,0,0
CELE_C15B12.8|C15B12.8,190,84
CELE_C15B12.1|C15B12.1,144,155
CELE_K04E7.2|pept-1,9980,3212
CELE_F22A3.3|glr-8,0,0
CELE_F22A3.8|21ur-15500,0,0
CELE_C15B12.6|actl-1,324,267
CELE_C15B12.7|cdf-1,1665,1423
CELE_K10C2.3|asp-14,85442,43327
CELE_K10C2.4|fah-1,4861,4227
CELE_F22A3.7|ttr-36,1126,823
CELE_F22A3.2|ttr-35,988,889
CELE_F22A3.14|F22A3.14,0,0
CELE_F22A3.1|ets-4,2314,1573
CELE_F22A3.15|F22A3.15,8,7
CELE_F22A3.5|ceh-60,460,343
CELE_F22A3.6|ilys-5,3111,3628
CELE_T14E8.6|T14E8.6,0,0
CELE_T14E8.3|dop-3,36,63
CELE_T28B4.14|T28B4.14,0,0
CELE_T28B4.T1|T28B4.t1,0,0
CELE_T28B4.1|fbxl-4,417,369
CELE_T14E8.1|svh-2,3212,2540
CELE_T14E8.4|aaim-1,73,53
CELE_T28B4.3|ttr-6,2541,2318
CELE_C25B8.11|C25B8.11,0,0
CELE_C25B8.9|C25B8.9,0,0
CELE_C25B8.8|C25B8.8,38,23
CELE_C25B8.5|aexr-1,0,0
CELE_C25B8.10|C25B8.10,0,0
CELE_C25B8.6|nhr-120,267,271
CELE_T28B4.T2|T28B4.t2,0,0
CELE_F23G4.T1|F23G4.t1,0,0
CELE_T28B4.4|hic-1,102,73
CELE_F23G4.1|F23G4.1,38,48
CELE_C25B8.3|cpr-6,46925,38632
CELE_C56E10.3|C56E10.3,93,66
CELE_C25B8.1|kqt-1,200,120
CELE_C25B8.7|aexr-2,0,0
CELE_C25B8.4|clec-266,5784,5678
CELE_C56E10.6|C56E10.6,0,0
CELE_C56E10.1|nhr-173,582,369
CELE_C56E10.5|C56E10.5,0,0
CELE_C56E10.4|nhr-137,126,105
CELE_F38B6.5|col-172,104,0
CELE_F38B6.14|F38B6.14,0,0
CELE_F38B6.23|F38B6.23,0,0
CELE_F38B6.24|F38B6.24,0,0
CELE_F38B6.20|F38B6.20,0,0
CELE_F38B6.6|F38B6.6,177,141
CELE_F38B6.4|F38B6.4,885,569
CELE_F38B6.3|F38B6.3,15,19
CELE_F38B6.2|F38B6.2,28,0
CELE_F38B6.21|F38B6.21,0,0
CELE_F38B6.10|F38B6.10,0,0
CELE_K11G12.9|K11G12.9,0,0
CELE_K11G12.8|K11G12.8,0,0
CELE_K11G12.2|acr-2,45,0
CELE_K11G12.7|acr-3,0,0
CELE_K11G12.1|nas-11,2312,2677
CELE_K11G12.4|smf-1,813,702
CELE_R03E9.2|R03E9.2,286,331
CELE_K11G12.5|slc-25A10,1694,1663
CELE_K11G12.6|K11G12.6,1756,1537
CELE_R03E9.1|mdl-1,2328,1914
CELE_H22K11.5|H22K11.5,0,0
CELE_H22K11.7|H22K11.7,0,0
CELE_H22K11.12|H22K11.12,0,0
CELE_R03E9.4|irk-1,47,41
CELE_R03E9.3|abts-4,1207,1485
CELE_R03E9.8|R03E9.8,0,0
CELE_R03E9.5|21ur-10165,0,0
CELE_H22K11.3|idpp-6,40,0
CELE_H22K11.2|bgal-2,1215,1252
CELE_H22K11.4|sgca-1,414,320
CELE_M03A8.3|M03A8.3,158,143
CELE_M03A8.6|M03A8.6,0,0
CELE_M03A8.2|atg-2,5155,5240
CELE_F41B4.1|F41B4.1,307,288
CELE_F41B4.2|nssp-79,226,201
CELE_M03A8.1|dhs-28,8745,8304
CELE_M03A8.4|gei-15,566,571
CELE_H22K11.1|asp-3,125734,95293
CELE_F41B4.3|F41B4.3,194,127
CELE_F41B4.4|glr-6,306,307
CELE_C53B7.4|asg-2,3029,2498
CELE_C53B7.3|C53B7.3,3856,4334
CELE_C53B7.2|C53B7.2,1247,1096
CELE_C53B7.5|odr-10,104,70
CELE_F41C6.4|F41C6.4,73,79
CELE_C53B7.12|C53B7.12,0,0
CELE_C53B7.1|rig-3,1135,895
CELE_C53B7.7|nep-4,237,159
CELE_F41C6.5|col-173,191,24
CELE_F41C6.7|F41C6.7,165,140
CELE_F14B8.11|F14B8.11,0,0
CELE_F14B8.4|F14B8.4,144,95
CELE_F41C6.14|F41C6.14,0,0
CELE_F41C6.8|F41C6.8,0,0
CELE_F41C6.12|F41C6.12,0,0
CELE_F41C6.13|F41C6.13,0,0
CELE_F41C6.11|F41C6.11,0,0
CELE_F41C6.1|unc-6,806,711
CELE_F14B8.T1|F14B8.t1,0,0
CELE_F14B8.3|pes-23,469,295
CELE_F14B8.2|sid-5,258,374
CELE_F14B8.10|F14B8.10,0,0
CELE_F14B8.1|nhx-4,642,631
CELE_F14B8.7|otpl-3,348,321
CELE_F14B8.5|F14B8.5,936,739
CELE_F14B8.6|F14B8.6,926,608
CELE_C16E9.24|C16E9.24,0,0
CELE_C16E9.2|C16E9.2,972,924
CELE_F01E11.18|nssp-80,29,56
CELE_F01E11.9|F01E11.9,0,0
CELE_F01E11.11|F01E11.11,0,0
CELE_F01E11.13|F01E11.13,0,0
CELE_F01E11.10|F01E11.10,0,0
CELE_F01E11.14|F01E11.14,0,0
CELE_F01E11.15|F01E11.15,0,0
CELE_F01E11.16|F01E11.16,0,0
CELE_F01E11.6|21ur-15051,0,0
CELE_F01E11.3|F01E11.3,49,37
CELE_C16E9.23|C16E9.23,0,0
CELE_C16E9.4|inx-1,529,313
CELE_C16E9.27|C16E9.27,0,0
CELE_C16E9.20|C16E9.20,0,0
CELE_C16E9.14|C16E9.14,0,0
CELE_C16E9.17|C16E9.17,0,0
CELE_C16E9.9|C16E9.9,0,0
CELE_C16E9.13|C16E9.13,0,0
CELE_C16E9.18|C16E9.18,0,0
CELE_C16E9.7|C16E9.7,0,0
CELE_C16E9.12|C16E9.12,0,0
CELE_C16E9.1|C16E9.1,111,149
CELE_F01E11.8|F01E11.8,0,0
CELE_F01E11.1|ugt-57,434,345
CELE_F01E11.4|tsp-16,98,49
CELE_F01E11.5|tyra-2,43,50
CELE_F01E11.7|21ur-12511,0,0
CELE_R173.4|flp-26,110,111
CELE_R173.1|cah-5,761,574
CELE_R173.6|R173.6,0,0
CELE_R173.7|R173.7,0,0
CELE_B0403.10|B0403.10,0,0
CELE_R173.3|cest-19,49,43
CELE_B0403.2|ubc-17,93,84
CELE_B0403.5|B0403.5,205,55
CELE_B0403.3|B0403.3,221,153
CELE_B0403.6|B0403.6,144,162
CELE_C36B7.5|C36B7.5,102,0
CELE_B0403.9|B0403.9,0,3
CELE_B0403.4|pdi-6,14121,9868
CELE_C36B7.3|C36B7.3,6,0
CELE_C36B7.7|hen-1,44,34
CELE_C36B7.6|C36B7.6,2209,2224
CELE_C54D1.7|C54D1.7,72,65
CELE_C54D1.1|pgp-10,373,477
CELE_C54D1.6|bar-1,715,707
CELE_C54D1.8|C54D1.8,0,0
CELE_C54D1.3|ist-1,320,392
CELE_C54D1.2|clec-86,462,247
CELE_C54D1.4|alh-10,1616,1353
CELE_C54D1.5|lam-2,6322,6113
CELE_C55B6.2|dnj-7,3335,2559
CELE_C55B6.1|C55B6.1,1097,1029
CELE_ZK867.5|ZK867.5,0,0
CELE_ZK867.23|ZK867.23,0,0
CELE_ZK867.3|spp-22,175,250
CELE_ZK867.1|syd-9,1821,1622
CELE_ZK867.21|ZK867.21,0,0
CELE_ZK867.6|ZK867.6,0,0
CELE_ZK867.16|ZK867.16,0,0
CELE_ZK867.12|ZK867.12,0,0
CELE_ZK867.4|ZK867.4,0,0
CELE_F46H5.5|F46H5.5,22,36
CELE_F46H5.8|lact-1,190,244
CELE_F46H5.4|F46H5.4,2595,2563
CELE_T10A3.3|T10A3.3,0,0
CELE_T10A3.4|T10A3.4,0,0
CELE_F46H5.10|F46H5.10,0,0
CELE_F46H5.2|F46H5.2,1887,1582
CELE_T10A3.1|unc-10,395,313
CELE_T10A3.2|T10A3.2,0,0
CELE_T10A3.5|T10A3.5,0,0
CELE_F46H5.9|F46H5.9,0,0
CELE_F46H5.3|F46H5.3,45542,44143
CELE_F46H5.7|F46H5.7,6782,7319
CELE_K03A1.6|his-38,111,46
CELE_K03A1.1|his-40,64,62
CELE_K03A1.2|lron-7,8322,7206
CELE_K03A1.4|K03A1.4,33,12
CELE_K03A1.5|sur-5,3441,1930
CELE_T08A9.6|T08A9.6,182,140
CELE_T08A9.7|spp-3,13952,10031
CELE_T08A9.10|spp-6,20,15
CELE_T08A9.12|spp-2,10383,11693
CELE_T08A9.8|spp-4,2391,2657
CELE_T08A9.13|T08A9.13,7,35
CELE_T08A9.3|sng-1,69,92
CELE_T08A9.11|ttr-59,454,551
CELE_T08A9.2|ttr-30,294,392
CELE_T08A9.9|spp-5,37844,34279
CELE_T08A9.1|epg-7,4213,4206
CELE_C10A4.6|C10A4.6,30,38
CELE_C56G3.3|C56G3.3,0,0
CELE_C56G3.T1|C56G3.t1,0,0
CELE_C56G3.4|C56G3.4,0,0
CELE_C07D8.5|C07D8.5,43,14
CELE_C07D8.2|C07D8.2,46,25
CELE_C56G3.2|C56G3.2,14,0
CELE_C56G3.1|npr-8,312,154
CELE_C10A4.3|C10A4.3,45,54
CELE_C10A4.7|C10A4.7,11,0
CELE_C10A4.1|C10A4.1,37,51
CELE_C10A4.5|gad-2,52,43
CELE_C10A4.13|C10A4.13,93,75
CELE_C10A4.14|linc-67,14,9
CELE_C10A4.10|C10A4.10,213,199
CELE_C10A4.4|C10A4.4,103,44
CELE_C07D8.6|C07D8.6,12267,9950
CELE_C10A4.9|C10A4.9,103,53
CELE_C10A4.11|C10A4.11,0,0
CELE_C10A4.8|mnm-2,173,139
CELE_C01C10.1|clc-2,181,178
CELE_C01C10.4|clc-5,250,218
CELE_C01C10.2|C01C10.2,478,521
CELE_C01C10.3|acl-12,1112,1307
CELE_K08A8.9|K08A8.9,0,0
CELE_K08A8.5|K08A8.5,0,0
CELE_K08A8.14|K08A8.14,0,0
CELE_K08A8.13|K08A8.13,0,0
CELE_K08A8.2|sox-2,1239,1252
CELE_K08A8.25|K08A8.25,0,0
CELE_K08A8.12|K08A8.12,0,0
CELE_K08A8.19|K08A8.19,0,0
CELE_K08A8.7|K08A8.7,0,0
CELE_K08A8.11|K08A8.11,0,0
CELE_K08A8.15|K08A8.15,0,0
CELE_K08A8.30|K08A8.30,0,0
CELE_K08A8.3|coh-1,2455,2431
CELE_K08A8.10|K08A8.10,4,0
CELE_K08A8.17|K08A8.17,3,0
CELE_F48E3.9|F48E3.9,124,72
CELE_K08A8.1|mek-1,5924,5244
CELE_F48E3.11|F48E3.11,0,0
CELE_F48E3.1|gly-12,308,285
CELE_F48E3.2|F48E3.2,210,114
CELE_F48E3.12|F48E3.12,0,0
CELE_F48E3.13|F48E3.13,0,0
CELE_F48E3.7|lgc-11,35,0
CELE_F48E3.6|F48E3.6,594,546
CELE_F46C8.3|F46C8.3,520,516
CELE_F48E3.8|chts-1,846,403
CELE_F48E3.10|21ur-10974,0,0
CELE_F46C8.11|F46C8.11,0,0
CELE_F46C8.13|F46C8.13,0,0
CELE_F46C8.5|ceh-14,168,105
CELE_F48E3.4|try-14,9680,9143
CELE_F48E3.3|uggt-1,8503,7498
CELE_F46C8.7|glb-16,31,39
CELE_F46C8.6|dpy-7,1774,1107
CELE_F46C8.2|col-174,49,46
CELE_F46C8.1|F46C8.1,28,23
CELE_F46C8.8|F46C8.8,206,72
CELE_PDB1.1|PDB1.1,1212,852
CELE_F08C6.5|F08C6.5,93,125
CELE_F08C6.4|sto-1,2393,2642
CELE_F08C6.13|F08C6.13,0,0
CELE_F08C6.17|F08C6.17,0,0
CELE_F08C6.9|F08C6.9,0,0
CELE_F08C6.11|F08C6.11,0,0
CELE_F08C6.12|F08C6.12,0,0
CELE_F08C6.1|adt-2,1327,879
CELE_F26A10.1|nlp-61,104,98
CELE_C44E12.3|twk-17,82,0
CELE_C44E12.4|C44E12.4,0,0
CELE_C44E12.5|C44E12.5,0,0
CELE_C44E12.6|C44E12.6,0,0
CELE_C44E12.7|C44E12.7,0,0
CELE_C44E12.8|C44E12.8,0,0
CELE_F26A10.25|F26A10.25,0,0
CELE_C44E12.1|C44E12.1,435,611
CELE_F27D9.12|F27D9.12,11,0
CELE_F08C6.2|pcyt-1,3642,2263
CELE_F08C6.3|vps-52,934,710
CELE_F08C6.6|apy-1,5420,3975
CELE_F08C6.7|unc-98,574,442
CELE_F08C6.18|F08C6.18,3,2
CELE_F26A10.27|F26A10.27,0,0
CELE_F26A10.13|F26A10.13,0,0
CELE_F26A10.9|F26A10.9,0,0
CELE_F26A10.18|F26A10.18,0,0
CELE_F26A10.15|F26A10.15,0,3
CELE_F26A10.22|F26A10.22,0,0
CELE_F26A10.20|F26A10.20,0,0
CELE_F26A10.11|F26A10.11,0,0
CELE_F26A10.14|F26A10.14,0,0
CELE_F26A10.8|F26A10.8,0,0
CELE_F26A10.12|F26A10.12,0,0
CELE_F26A10.26|F26A10.26,0,0
CELE_F26A10.2|F26A10.2,991,824
CELE_F27D9.13|F27D9.13,26,21
CELE_F27D9.7|F27D9.7,233,171
CELE_F27D9.2|mfsd-8.5,404,206
CELE_F27D9.8|stn-2,215,146
CELE_F27D9.5|pcca-1,13605,13192
CELE_F27D9.6|dhs-29,512,473
CELE_F27D9.1|unc-18,3140,2788
CELE_C53C9.3|kvs-1,57,48
CELE_C53C9.5|C53C9.5,0,0
CELE_C53C9.4|C53C9.4,0,0
CELE_C53C9.6|C53C9.6,0,0
CELE_C53C9.2|clik-2,2129,2036
CELE_K09F5.14|K09F5.14,0,0
CELE_K09F5.8|K09F5.8,0,0
CELE_K09F5.7|K09F5.7,0,0
CELE_K09F5.6|K09F5.6,1035,892
CELE_K09F5.3|spp-14,11197,9931
CELE_K09F5.1|K09F5.1,0,0
CELE_C47C12.3|ref-2,423,307
CELE_C47C12.9|C47C12.9,0,0
CELE_C47C12.7|C47C12.7,0,0
CELE_C47C12.6|deg-1,125,66
CELE_ZK154.T1|ZK154.t1,0,0
CELE_C47C12.8|C47C12.8,0,0
CELE_ZK154.T2|ZK154.t2,0,0
CELE_ZK154.T5|ZK154.t5,0,0
CELE_C47C12.4|miro-2,52,38
CELE_ZK154.3|mec-7,664,630
CELE_ZK154.4|ZK154.4,789,742
CELE_ZK154.1|ZK154.1,267,141
CELE_ZK154.5|ZK154.5,1909,2100
CELE_ZK154.6|ZK154.6,527,641
CELE_R03G5.5|gpx-7,250,216
CELE_ZK154.7|adm-4,1334,1263
CELE_K09F5.2|vit-1,59486,52595
CELE_K09F5.5|set-12,213,206
CELE_R03G5.6|R03G5.6,342,270
CELE_R03G5.2|sek-1,1832,1820
CELE_C54D2.2|nlp-101,34,41
CELE_C54D2.4|sul-3,93,91
CELE_C54D2.17|C54D2.17,0,0
CELE_C54D2.15|C54D2.15,0,0
CELE_C54D2.9|C54D2.9,0,0
CELE_C54D2.1|idpp-11,76,32
CELE_C54D2.5|cca-1,608,167
CELE_C54D2.11|C54D2.11,0,0
CELE_C54D2.10|C54D2.10,0,0
CELE_C54D2.13|C54D2.13,0,0
CELE_C54D2.12|C54D2.12,0,0
CELE_C54D2.8|C54D2.8,0,0
CELE_C54D2.16|C54D2.16,0,0
CELE_EGAP3.4|EGAP3.4,0,0
CELE_EGAP3.3|EGAP3.3,0,0
CELE_EGAP3.1|EGAP3.1,0,0
CELE_EGAP3.2|EGAP3.2,0,0
CELE_C39D10.16|C39D10.16,0,0
CELE_C39D10.13|C39D10.13,0,0
CELE_C54D2.6|C54D2.6,34,0
CELE_C39D10.8|C39D10.8,483,341
CELE_C39D10.3|pcyt-2.2,317,268
CELE_C39D10.5|C39D10.5,0,0
CELE_C39D10.2|nssp-81,120,124
CELE_C39D10.6|latd-1,40,48
CELE_C39D10.11|C39D10.11,469,464
CELE_R03G5.1|eef-1A.2,32116,26319
CELE_C09C7.1|zig-4,107,127
CELE_C14F5.2|zig-3,105,137
CELE_C14F5.3|tnt-3,2067,1630
CELE_C14F5.1|dct-1,1760,2077
CELE_C14F5.4|sfxn-2,383,374
CELE_C14F5.9|C14F5.9,1,0
CELE_C39D10.7|C39D10.7,40214,37929
CELE_F45E1.5|F45E1.5,66,65
CELE_C14F5.5|sem-5,2655,2357
CELE_F45E1.6|his-71,1278,1249
CELE_F45E1.10|F45E1.10,0,0
CELE_F45E1.12|F45E1.12,0,0
CELE_F45E1.8|F45E1.8,0,0
CELE_F45E1.1|F45E1.1,162,178
CELE_F45E1.2|F45E1.2,5,5
CELE_F45E1.13|F45E1.13,0,0
CELE_F45E1.9|F45E1.9,0,0
CELE_F45E1.4|F45E1.4,431,1072
CELE_F45E1.7|sdpn-1,1047,991
CELE_C34D10.1|C34D10.1,695,691
CELE_C18A11.5|xol-1,171,86
CELE_C18A11.4|C18A11.4,49,0
CELE_C34D10.2|unk-1,5550,6840
CELE_C34D10.3|C34D10.3,5,3
CELE_C34D10.5|C34D10.5,49,63
CELE_C18A11.2|nssp-82,35,40
CELE_C18A11.3|C18A11.3,532,369
CELE_C18A11.1|C18A11.1,411,437
CELE_C46F2.1|C46F2.1,58,98
CELE_C18A11.11|C18A11.11,0,0
CELE_C18A11.12|C18A11.12,0,0
CELE_C18A11.10|C18A11.10,0,0
CELE_C18A11.7|dim-1,6446,4554
CELE_K07E3.4|K07E3.4,8411,8173
CELE_K07E3.3|dao-3,1632,1436
CELE_K07E3.9|K07E3.9,28,12
CELE_K07E3.2|K07E3.2,828,768
CELE_K07E3.10|K07E3.10,0,0
CELE_K07E3.8|vem-1,3381,3137
CELE_K07E3.7|catp-5,1085,754
CELE_C02B8.5|frpr-1,0,0
CELE_C02B8.11|C02B8.11,0,0
CELE_C02B8.4|hlh-8,69,17
CELE_C02B8.12|C02B8.12,48,88
CELE_K07E3.1|K07E3.1,2676,2417
CELE_C02B8.3|C02B8.3,58,70
CELE_C02B8.2|fbxc-38,0,0
CELE_C02B8.8|21ur-14363,0,0
CELE_C02B8.6|C02B8.6,960,942
CELE_C02B8.1|C02B8.1,26,36
CELE_F22F1.3|F22F1.3,22,17
CELE_F22F1.1|hil-3,3545,3851
CELE_C17H11.1|C17H11.1,47,32
CELE_C17H11.2|C17H11.2,1087,900
CELE_C47D2.1|nssp-83,19,19
CELE_C47D2.2|cdd-1,310,229
CELE_C17H11.10|C17H11.10,0,0
CELE_C17H11.8|C17H11.8,0,0
CELE_C17H11.9|C17H11.9,0,0
CELE_C17H11.7|C17H11.7,0,0
CELE_C47D2.4|C47D2.4,0,0
CELE_C47D2.5|C47D2.5,0,0
CELE_C17H11.5|C17H11.5,29,26
CELE_C17H11.6|C17H11.6,2645,2695
CELE_M60.15|M60.15,0,0
CELE_M60.14|M60.14,0,0
CELE_K02A6.3|K02A6.3,783,839
CELE_K02A6.6|K02A6.6,6,8
CELE_M60.4|M60.4,5018,6462
CELE_M60.6|M60.6,406,346
CELE_M60.13|M60.13,0,0
CELE_M60.7|M60.7,269,420
CELE_M60.2|endu-2,15099,7676
CELE_M60.5|kqt-2,765,518
CELE_M60.12|M60.12,0,0
CELE_F13B9.10|F13B9.10,0,0
CELE_F13B9.6|cutl-29,156,127
CELE_F13B9.5|ksr-1,1084,993
CELE_F13B9.8|fis-2,1028,851
CELE_F13B9.9|F13B9.9,5,4
CELE_F13B9.2|F13B9.2,49,54
CELE_R09F10.5|nssp-84,150,117
CELE_R09F10.4|inx-5,1102,1057
CELE_R09F10.17|R09F10.17,0,0
CELE_R09F10.18|R09F10.18,0,0
CELE_R09F10.7|pqn-57,34,0
CELE_F13B9.1|sec-16A.2,6099,5876
CELE_R09F10.3|R09F10.3,902,871
CELE_F55E10.6|drd-5,643,310
CELE_F55E10.7|npr-28,223,530
CELE_R09F10.16|R09F10.16,0,0
CELE_R09F10.2|abu-9,51,0
CELE_R09F10.1|R09F10.1,1574,1049
CELE_R09F10.8|R09F10.8,4334,4469
CELE_F40B5.1|nep-14,332,283
CELE_F40B5.3|nep-15,0,0
CELE_F40B5.2|F40B5.2,1133,1063
CELE_F41D9.6|F41D9.6,0,0
CELE_F41D9.T4|F41D9.t4,0,0
CELE_F41D9.1|tbc-18,227,223
CELE_F41D9.2|F41D9.2,205,107
CELE_F08F1.9|F08F1.9,26,15
CELE_F41D9.T3|F41D9.t3,0,0
CELE_F41D9.5|sulp-3,73,53
CELE_F41D9.3|wrk-1,1781,1373
CELE_F41D9.8|F41D9.8,0,0
CELE_F41D9.11|F41D9.11,0,0
CELE_F08F1.21|F08F1.21,0,0
CELE_F08F1.4|F08F1.4,789,640
CELE_F08F1.5|ced-8,402,443
CELE_F08F1.3|F08F1.3,190,225
CELE_F16F9.18|F16F9.18,5,0
CELE_F08F1.1|kin-9,93,105
CELE_F08F1.11|F08F1.11,0,0
CELE_F08F1.12|F08F1.12,0,0
CELE_F16F9.1|F16F9.1,224,191
CELE_F16F9.2|dpy-6,177,66
CELE_F16F9.T1|F16F9.t1,0,0
CELE_F16F9.3|F16F9.3,27,16
CELE_F16F9.4|F16F9.4,372,333
CELE_F16F9.5|mec-10,41,56
CELE_T01B10.13|T01B10.13,0,0
CELE_T01B10.4|nhr-14,760,788
CELE_T01B10.5|T01B10.5,83,133
CELE_F08F1.14|F08F1.14,0,0
CELE_F08F1.T2|F08F1.t2,0,0
CELE_F08F1.19|F08F1.19,0,0
CELE_F08F1.13|F08F1.13,0,0
CELE_F08F1.6|spp-13,225,62
CELE_F08F1.7|tag-123,6755,5176
CELE_F08F1.8|tth-1,3567,4218
CELE_T01B10.1|grd-4,29,46
CELE_T01B10.2|grd-14,649,199
CELE_D2021.4|D2021.4,150,188
CELE_D2021.2|dhhc-14,1538,1209
CELE_H03E18.2|H03E18.2,11,35
CELE_H03E18.6|H03E18.6,0,0
CELE_H03E18.4|H03E18.4,0,0
CELE_C03G5.14|C03G5.14,0,0
CELE_H03E18.1|H03E18.1,679,321
CELE_C03G5.7|flp-5,282,299
CELE_C03G5.8|nspc-1,442,530
CELE_C03G5.9|nspc-2,476,573
CELE_C03G5.10|nspc-3,262,276
CELE_C03G5.11|nspc-4,386,633
CELE_C03G5.12|nspc-5,644,708
CELE_C03G5.13|nspc-6,169,380
CELE_C03G5.2|nspc-7,1435,1689
CELE_C03G5.1|sdha-1,5634,4703
CELE_D2021.1|utx-1,2299,2132
CELE_F18E9.8|F18E9.8,0,0
CELE_F18E9.10|F18E9.10,0,0
CELE_F18E9.4|F18E9.4,20,0
CELE_F18E9.5|jmjd-3.1,1485,1526
CELE_F18E9.3|F18E9.3,434,499
CELE_F18E9.2|nlp-7,219,186
CELE_F18E9.1|F18E9.1,64,35
CELE_H35N09.1|H35N09.1,0,0
CELE_H35N09.2|H35N09.2,211,190
CELE_K01A12.4|K01A12.4,444,471
CELE_K01A12.7|K01A12.7,0,0
CELE_K01A12.2|K01A12.2,21,0
CELE_K01A12.T1|K01A12.t1,0,0
CELE_K01A12.T5|K01A12.t5,0,0
CELE_K01A12.T4|K01A12.t4,0,0
CELE_K01A12.T2|K01A12.t2,0,0
CELE_K01A12.5|K01A12.5,0,0
CELE_K01A12.9|K01A12.9,0,0
CELE_K01A12.T3|K01A12.t3,0,0
CELE_F12D9.T4|F12D9.t4,0,0
CELE_K09E2.5|21ur-15592,0,0
CELE_K09E2.6|K09E2.6,0,0
CELE_K09E2.4|rig-1,1126,894
CELE_F53A9.13|F53A9.13,3,0
CELE_F53A9.5|frpr-8,77,72
CELE_K09E2.2|K09E2.2,0,0
CELE_K09E2.3|K09E2.3,1348,1592
CELE_F53A9.4|jbts-14,31,26
CELE_F53A9.3|F53A9.3,23,14
CELE_F53A9.2|kreg-1,90,20
CELE_F53A9.1|F53A9.1,1003,808
CELE_F53A9.6|F53A9.6,1619,1832
CELE_F53A9.7|F53A9.7,798,743
CELE_F53A9.9|F53A9.9,184,119
CELE_F53A9.8|F53A9.8,26512,24153
CELE_EGAP4.1|EGAP4.1,23,21
CELE_F53A9.10|tnt-2,13638,11415
CELE_M02D8.2|M02D8.2,74,52
CELE_M02D8.8|21ur-14115,0,0
CELE_M02D8.6|nssp-85,1278,796
CELE_M02D8.3|M02D8.3,1095,1114
CELE_M02D8.5|M02D8.5,278,166
CELE_M02D8.4|asns-2,2199,2000
CELE_ZK721.4|ZK721.4,35,0
CELE_ZK721.3|ZK721.3,41,56
CELE_M02D8.10|M02D8.10,0,0
CELE_M02D8.1|zig-12,1462,972
CELE_R04E5.15|R04E5.15,0,0
CELE_R04E5.17|R04E5.17,0,0
CELE_R04E5.T6|R04E5.t6,0,0
CELE_ZK721.1|chup-1,1010,809
CELE_R04E5.7|R04E5.7,34,22
CELE_ZK721.6|ZK721.6,0,0
CELE_ZK721.2|unc-27,17061,13881
CELE_R04E5.8|R04E5.8,2672,2731
CELE_R04E5.9|R04E5.9,270,281
CELE_R04E5.12|21ur-15065,0,0
CELE_R04E5.11|21ur-14470,0,0
CELE_R04E5.2|cnnm-2,755,650
CELE_R04E5.10|ifd-1,625,485
CELE_C28G1.5|rcs-1,554,308
CELE_C28G1.8|C28G1.8,0,0
CELE_C28G1.T1|C28G1.t1,0,0
CELE_C28G1.2|C28G1.2,74,38
CELE_C28G1.1|ubc-23,158,143
CELE_C28G1.6|C28G1.6,349,488
CELE_C28G1.3|sec-15,1438,1414
CELE_C28G1.10|C28G1.10,165,293
CELE_C28G1.4|sprp-4,406,340
CELE_C06E2.5|C06E2.5,558,518
CELE_C06E2.7|ubc-22,15,14
CELE_C06E2.3|ubc-21,0,0
CELE_C06E2.10|21ur-14159,0,0
CELE_C06E2.1|C06E2.1,47,19
CELE_C13E3.1|C13E3.1,259,273
CELE_D1009.3|ensh-1,126,59
CELE_D1009.6|21ur-12555,0,0
CELE_D1009.2|cyn-8,1949,1808
CELE_D1009.4|nlp-14,607,682
CELE_D1073.3|D1073.3,0,0
CELE_C48C5.T6|sup-28,0,0
CELE_D1073.2|D1073.2,0,0
CELE_D1073.T1|sup-33,0,0
CELE_D1073.1|trk-1,58,59
CELE_C48C5.1|nmur-1,26,0
CELE_C24A3.6|twk-18,569,435
CELE_C24A3.4|C24A3.4,328,252
CELE_T25B6.9|T25B6.9,0,0
CELE_D1009.5|dylt-2,0,16
CELE_D1009.T2|D1009.t2,0,0
CELE_D1009.1|acs-22,8189,12068
CELE_C24A3.2|C24A3.2,621,522
CELE_T25B6.5|T25B6.5,9,0
CELE_T25B6.4|T25B6.4,8,9
CELE_T25B6.6|T25B6.6,27,0
CELE_T25B6.3|T25B6.3,0,0
CELE_T25B6.7|snf-12,161,131
CELE_F47E1.14|F47E1.14,0,0
CELE_F47E1.T3|F47E1.t3,0,0
CELE_F47E1.10|F47E1.10,0,0
CELE_F47E1.2|F47E1.2,519,337
CELE_T25B6.2|nep-22,4737,1827
CELE_F47E1.4|F47E1.4,519,659
CELE_F47E1.1|F47E1.1,8,0
CELE_F47E1.7|21ur-15566,0,0
CELE_F47E1.6|21ur-9719,0,0
CELE_F47E1.18|linc-22,599,515
CELE_C25A11.5|C25A11.5,0,0
CELE_C25A11.6|C25A11.6,0,0
CELE_B0563.12|B0563.12,0,0
CELE_B0563.13|B0563.13,0,0
CELE_B0563.11|21ur-10570,0,0
CELE_B0563.16|B0563.16,0,0
CELE_B0563.6|B0563.6,134,90
CELE_B0563.17|B0563.17,0,0
CELE_B0563.14|B0563.14,0,0
CELE_B0563.15|B0563.15,0,0
CELE_B0563.5|B0563.5,81,71
CELE_C25A11.2|C25A11.2,1827,1732
CELE_C25A11.10|C25A11.10,774,578
CELE_F47E1.11|F47E1.11,0,0
CELE_F47E1.15|F47E1.15,0,0
CELE_F47E1.9|F47E1.9,0,0
CELE_H08J11.4|H08J11.4,0,0
CELE_H08J11.10|H08J11.10,0,0
CELE_H08J11.6|H08J11.6,0,0
CELE_H08J11.T5|H08J11.t5,0,0
CELE_H08J11.11|H08J11.11,0,0
CELE_H08J11.T1|H08J11.t1,0,0
CELE_H08J11.7|H08J11.7,0,0
CELE_H08J11.T4|H08J11.t4,0,0
CELE_H08J11.13|H08J11.13,0,0
CELE_H08J11.T2|H08J11.t2,0,0
CELE_H08J11.5|H08J11.5,0,0
CELE_H08J11.T3|H08J11.t3,0,0
CELE_H08J11.3|H08J11.3,0,0
CELE_H08J11.12|H08J11.12,0,0
CELE_C25A11.4|ajm-1,9579,8857
CELE_H08J11.9|H08J11.9,0,0
CELE_H08J11.8|H08J11.8,0,0
CELE_C25A11.7|C25A11.7,0,0
CELE_C25A11.8|C25A11.8,0,0
CELE_B0563.10|B0563.10,11,8
CELE_B0563.2|tsp-11,147,107
CELE_B0563.1|B0563.1,21,12
CELE_B0563.8|B0563.8,14,22
CELE_B0563.4|tmbi-4,2813,2410
CELE_B0563.7|B0563.7,37,24
CELE_C35B8.4|crb-3,291,227
CELE_C35B8.6|C35B8.6,0,0
CELE_C35B8.3|C35B8.3,1065,1263
CELE_C35B8.2|vav-1,2091,1972
CELE_C35B8.1|col-175,1756,483
CELE_F18G5.10|F18G5.10,0,0
CELE_F18G5.T1|F18G5.t1,0,0
CELE_F18G5.T2|F18G5.t2,0,0
CELE_F18G5.7|21ur-13848,0,0
CELE_F18G5.8|F18G5.8,0,0
CELE_F18G5.4|lgc-4,88,74
CELE_F18G5.3|gpa-12,272,171
CELE_F18G5.9|F18G5.9,0,0
CELE_F18G5.2|pes-8,449,198
CELE_F18G5.6|F18G5.6,2048,2794
CELE_B0416.10|B0416.10,101,99
CELE_B0416.11|B0416.11,17,25
CELE_B0416.4|B0416.4,481,427
CELE_B0416.5|hrg-13,8419,7842
CELE_B0416.7|B0416.7,109,77
CELE_B0416.2|B0416.2,100,51
CELE_B0416.3|B0416.3,138,101
CELE_B0416.6|gly-13,1218,990
CELE_F35G8.2|ttr-38,31,36
CELE_F35G8.1|npr-7,25,0
CELE_T20B5.2|T20B5.2,69,98
CELE_B0416.1|tmc-2,351,312
CELE_H29C22.1|H29C22.1,1974,1795
CELE_T20B5.1|apa-2,3394,3365
CELE_E01H11.3|flp-20,97,89
CELE_T20B5.3|oga-1,1653,1741
CELE_C23F12.4|C23F12.4,304,352
CELE_E01H11.6|E01H11.6,0,0
CELE_E01H11.T1|E01H11.t1,0,0
CELE_E01H11.5|E01H11.5,0,0
CELE_E01H11.1|pkc-2,2122,1436
CELE_E01H11.4|E01H11.4,0,0
CELE_B0272.4|B0272.4,730,842
CELE_B0272.3|B0272.3,3360,3105
CELE_B0272.1|tbb-4,425,364
CELE_B0272.2|memb-1,636,589
CELE_ZK899.1|ZK899.1,212,175
CELE_ZK899.7|ZK899.7,12,0
CELE_C23F12.1|fln-2,6009,5572
CELE_C23F12.8|C23F12.8,0,0
CELE_C23F12.6|C23F12.6,0,0
CELE_C23F12.7|C23F12.7,0,0
CELE_ZK899.4|tba-8,72,0
CELE_ZK899.2|ZK899.2,2180,1921
CELE_ZK899.5|ZK899.5,133,134
CELE_ZK899.6|ZK899.6,137,154
CELE_C07B5.3|nssp-86,14,18
CELE_C07B5.4|rtkn-1,257,199
CELE_C07B5.8|C07B5.8,2,11
CELE_ZK899.11|ZK899.11,0,0
CELE_ZK899.8|gap-2,3366,1554
CELE_T19C11.3|T19C11.3,0,0
CELE_T19C11.2|T19C11.2,0,0
CELE_T19C11.1|T19C11.1,0,0
CELE_C07B5.9|C07B5.9,0,0
CELE_C07B5.5|nuc-1,8115,7156
CELE_F49E2.1|moc-5,338,292
CELE_F49E2.8|F49E2.8,0,0
CELE_F49E2.6|21ur-15001,0,0
CELE_F49E2.2|F49E2.2,1490,1372
CELE_F49E2.4|glb-17,93,30
CELE_F49E2.5|F49E2.5,5792,5511
CELE_C11E4.1|gpx-5,1532,1178
CELE_C11E4.17|C11E4.17,0,0
CELE_C11E4.15|C11E4.15,0,0
CELE_C11E4.3|del-8,0,0
CELE_C11E4.2|gpx-3,292,282
CELE_C11E4.8|C11E4.8,38,0
CELE_C11E4.T1|C11E4.t1,0,0
CELE_F34H10.1|F34H10.1,0,0
CELE_C11E4.12|C11E4.12,0,0
CELE_C11E4.11|C11E4.11,0,0
CELE_C11E4.16|C11E4.16,0,0
CELE_C11E4.13|C11E4.13,0,0
CELE_C11E4.6|C11E4.6,842,734
CELE_C11E4.7|C11E4.7,322,205
CELE_F34H10.4|F34H10.4,33,0
CELE_T14B1.2|aex-2,47,28
CELE_F34H10.9|F34H10.9,0,0
CELE_F34H10.7|F34H10.7,0,0
CELE_F34H10.T1|F34H10.t1,0,0
CELE_F34H10.3|F34H10.3,1307,1548
CELE_F34H10.5|F34H10.5,19,28
CELE_C43C3.4|C43C3.4,44,16
CELE_T14B1.1|T14B1.1,845,724
CELE_C43C3.2|npr-18,28,0
CELE_C43C3.9|C43C3.9,0,0
CELE_C43C3.5|C43C3.5,0,0
CELE_C43C3.1|ifp-1,788,376
CELE_C43C3.11|C43C3.11,0,0
CELE_C43C3.7|C43C3.7,0,0
CELE_C43C3.3|dyf-7,471,422
CELE_F15G9.6|F15G9.6,0,9
CELE_F15G9.1|F15G9.1,2078,1543
CELE_F15G9.4|him-4,1494,959
CELE_F15G9.7|F15G9.7,0,0
CELE_F15G9.8|F15G9.8,0,0
CELE_F15G9.T1|F15G9.t1,0,0
CELE_F15G9.9|F15G9.9,0,0
CELE_F15G9.T2|F15G9.t2,0,0
CELE_F15G9.5|F15G9.5,178,136
CELE_T09B9.1|T09B9.1,1558,1459
CELE_T09B9.3|T09B9.3,41,27
CELE_T09B9.2|slc-17.9,174,212
CELE_T09B9.4|T09B9.4,1784,1661
CELE_T09B9.5|T09B9.5,0,0
CELE_F36G3.6|F36G3.6,0,0
CELE_F36G3.1|F36G3.1,1217,848
CELE_F36G3.2|F36G3.2,382,275
CELE_F47A4.1|lgc-47,112,74
CELE_F47A4.7|F47A4.7,0,0
CELE_F47A4.6|F47A4.6,0,0
CELE_F36G3.3|F36G3.3,17,31
CELE_F47A4.T1|F47A4.t1,0,0
CELE_F47A4.3|rrc-1,288,338
CELE_F47A4.2|dpy-22,5724,5312
CELE_R07B1.1|vab-15,164,147
CELE_F47A4.5|ipla-2,2018,1745
CELE_R07B1.2|lec-7,92,77
CELE_R07B1.11|R07B1.11,43,41
CELE_R07B1.10|lec-8,9237,9347
CELE_R07B1.6|R07B1.6,0,11
CELE_R07B1.7|R07B1.7,12,0
CELE_R07B1.3|scav-5,934,393
CELE_R07B1.4|gst-36,1903,1096
CELE_R07B1.8|pugs-5,24,27
CELE_R07B1.19|R07B1.19,0,0
CELE_R07B1.14|21ur-12461,0,0
CELE_R07B1.13|R07B1.13,43,16
CELE_R07B1.12|glo-1,344,240
CELE_R07B1.9|R07B1.9,157,87
CELE_F21G4.3|F21G4.3,17,0
CELE_F21G4.4|phf-34,397,261
CELE_F21G4.6|htt-1,1036,779
CELE_F21G4.5|F21G4.5,67,74
CELE_F21G4.2|mrp-4,14363,13603
CELE_F21G4.1|F21G4.1,557,432
CELE_C17G1.2|C17G1.2,1932,1705
CELE_C17G1.3|ugt-23,1823,1615
CELE_C17G1.4|nra-3,3274,3099
CELE_C17G1.9|C17G1.9,0,0
CELE_C17G1.11|C17G1.11,5,3
CELE_C17G1.8|tsp-21,872,822
CELE_C17G1.5|C17G1.5,277,227
CELE_C17G1.14|C17G1.14,4,0
CELE_C17G1.6|nas-37,1934,1589
CELE_C17G1.7|cysl-1,1234,874
CELE_F19C6.5|F19C6.5,236,185
CELE_ZC506.4|mgl-1,72,59
CELE_ZC506.5|ZC506.5,0,0
CELE_ZC506.7|ZC506.7,0,0
CELE_ZC506.9|ZC506.9,0,0
CELE_ZC506.1|ZC506.1,3323,3028
CELE_ZC506.3|pssy-1,1607,1508
CELE_F19C6.1|grk-1,2311,1905
CELE_F19C6.12|F19C6.12,98,107
CELE_F19C6.8|F19C6.8,8,8
CELE_F19C6.2|F19C6.2,800,720
CELE_F19C6.3|F19C6.3,68,58
CELE_F19C6.4|F19C6.4,223,287
CELE_F42G10.3|21ur-15536,0,0
CELE_F42G10.4|F42G10.4,0,0
CELE_F42G10.T1|F42G10.t1,0,0
CELE_F42G10.1|F42G10.1,797,495
CELE_VZC374L.1|sek-6,59,97
CELE_F42G10.2|mkk-4,712,590
CELE_ZC374.1|gnrr-3,0,20
CELE_ZC374.2|ZC374.2,454,293
CELE_ZC373.1|cbs-1,2766,2181
CELE_ZC373.3|ZC373.3,23,0
CELE_ZC373.5|ZC373.5,373,405
CELE_ZC373.4|mlck-1,826,828
CELE_ZC373.6|dao-4,177,23
CELE_ZC373.2|ZC373.2,14245,11430
CELE_ZC373.7|col-176,747,167
CELE_T06H11.4|moc-1,783,632
CELE_F09B9.1|oac-14,417,392
CELE_W07E11.5|W07E11.5,0,0
CELE_W07E11.6|W07E11.6,0,0
CELE_T06H11.1|unc-58,249,137
CELE_T06H11.12|T06H11.12,0,0
CELE_T06H11.6|T06H11.6,0,0
CELE_T06H11.10|T06H11.10,0,0
CELE_T06H11.19|T06H11.19,0,0
CELE_T06H11.21|T06H11.21,0,0
CELE_T06H11.16|T06H11.16,0,0
CELE_T06H11.15|T06H11.15,0,0
CELE_T06H11.T1|T06H11.t1,0,0
CELE_T06H11.20|T06H11.20,0,0
CELE_T06H11.8|T06H11.8,0,0
CELE_T06H11.7|T06H11.7,0,0
CELE_T06H11.9|T06H11.9,0,0
CELE_T06H11.13|T06H11.13,0,0
CELE_T06H11.14|T06H11.14,0,0
CELE_T06H11.17|T06H11.17,0,0
CELE_T06H11.T2|T06H11.t2,0,0
CELE_T06H11.18|T06H11.18,0,0
CELE_T06H11.T3|T06H11.t3,0,0
CELE_W07E11.1|W07E11.1,8813,10371
CELE_W07E11.4|flp-28,1269,1226
CELE_W07E11.2|flp-3,384,344
CELE_W07E11.3|flp-2,122,223
CELE_T06H11.11|T06H11.11,3,7
CELE_F09B9.T2|F09B9.t2,0,0
CELE_F09B9.6|F09B9.6,0,0
CELE_F09B9.2|unc-115,4238,3825
CELE_F09B9.5|F09B9.5,67,35
CELE_F09B9.3|erd-2.1,3477,2537
CELE_F09B9.4|F09B9.4,540,339
CELE_C07A4.1|rnp-9,252,160
CELE_C07A4.2|C07A4.2,39,0
CELE_C07A4.3|C07A4.3,59,81
CELE_C07A4.7|C07A4.7,0,0
CELE_F21A10.1|ncs-4,41,36
CELE_F21A10.2|myrf-2,5123,5312
CELE_F44A6.1|nucb-1,2649,2396
CELE_F44A6.2|sex-1,2916,2928
CELE_F44A6.3|F44A6.3,9,15
CELE_F44A6.4|F44A6.4,380,307
CELE_F44A6.5|F44A6.5,71,144
CELE_C14H10.3|C14H10.3,1965,1297
CELE_C14H10.5|C14H10.5,0,0
CELE_C14H10.1|zipt-13,1118,974
CELE_C32A9.1|C32A9.1,0,0
CELE_F41E7.2|F41E7.2,299,235
CELE_C32A9.4|C32A9.4,0,0
CELE_C14H10.2|C14H10.2,1413,1270
CELE_F41E7.1|slc-9B.1,804,574
CELE_F41E7.3|npr-6,35,52
CELE_F41E7.4|fip-5,204,309
CELE_F41E7.20|F41E7.20,6,0
CELE_F41E7.8|cnc-8,715,566
CELE_F41E7.5|fipr-21,2096,1390
CELE_F41E7.14|F41E7.14,0,0
CELE_F41E7.9|F41E7.9,23,0
CELE_F41E7.7|nssp-87,81,38
CELE_F41E7.11|F41E7.11,0,0
CELE_F41E7.12|F41E7.12,0,0
CELE_F41E7.15|F41E7.15,0,0
CELE_F41E7.18|F41E7.18,0,0
CELE_F41E7.16|F41E7.16,2,0
CELE_R07E3.6|R07E3.6,700,355
CELE_R07E3.5|acl-5,1530,1412
CELE_R07E3.4|R07E3.4,494,268
CELE_R07E3.9|R07E3.9,0,0
CELE_R07E3.3|cut-5,117,71
CELE_R07E3.2|idpa-3,54,12
CELE_R07E3.8|21ur-12224,0,0
CELE_R07E3.7|R07E3.7,193,158
CELE_R07E3.1|R07E3.1,2185,2085
CELE_Y49A10A.2|Y49A10A.2,778,751
CELE_F46F6.4|dyf-6,86,43
CELE_F46F6.1|rme-4,2157,1984
CELE_ZC504.14|ZC504.14,0,0
CELE_ZC504.16|ZC504.16,0,0
CELE_F46F6.2|pkn-1,4394,4688
CELE_ZC504.2|acr-8,100,43
CELE_ZC504.3|cdk-11.2,1624,1210
CELE_C39B10.3|C39B10.3,17,13
CELE_C39B10.5|C39B10.5,10,12
CELE_C39B10.9|linc-83,0,0
CELE_C39B10.2|lgc-41,0,0
CELE_C39B10.11|C39B10.11,0,0
CELE_C39B10.10|C39B10.10,0,0
CELE_C39B10.1|C39B10.1,45,61
CELE_C39B10.6|elt-4,21,21
CELE_C39B10.7|C39B10.7,26,31
CELE_ZC504.4|mig-15,3412,3181
CELE_C33D3.3|C33D3.3,25,0
CELE_C33D3.1|elt-2,861,712
CELE_F14F3.13|F14F3.13,0,0
CELE_F14F3.9|F14F3.9,0,0
CELE_F14F3.14|F14F3.14,0,0
CELE_F14F3.17|F14F3.17,0,0
CELE_F14F3.15|F14F3.15,0,0
CELE_F14F3.12|F14F3.12,0,0
CELE_F14F3.16|F14F3.16,0,0
CELE_F14F3.8|F14F3.8,0,0
CELE_F14F3.6|F14F3.6,0,0
CELE_F14F3.10|F14F3.10,0,0
CELE_F14F3.7|F14F3.7,0,0
CELE_F14F3.11|F14F3.11,0,0
CELE_F14F3.1|vab-3,789,813
CELE_F59F5.4|F59F5.4,0,0
CELE_F14F3.4|F14F3.4,12,8
CELE_F14F3.3|mboa-7,684,726
CELE_F14F3.2|git-1,1552,1383
CELE_F14F3.5|F14F3.5,9,0
CELE_F59F5.1|slcf-1,659,522
CELE_F59F5.2|glo-3,427,274
CELE_F59F5.3|F59F5.3,155,232
CELE_F59F5.7|F59F5.7,144,101
CELE_F59F5.8|F59F5.8,0,0
CELE_F59F5.5|F59F5.5,54,30
CELE_F59F5.6|syd-2,2397,2228
CELE_F57C7.13|F57C7.13,0,0
CELE_F57C7.11|F57C7.11,0,0
CELE_F57C7.1|bet-2,6015,5875
CELE_F57C7.2|nhx-5,1059,1151
CELE_F57C7.7|F57C7.7,0,0
CELE_F57C7.12|F57C7.12,0,0
CELE_M79.8|M79.8,3,0
CELE_F57C7.10|F57C7.10,0,0
CELE_F57C7.9|F57C7.9,0,0
CELE_F57C7.3|sdn-1,4819,4534
CELE_M79.2|M79.2,846,1331
CELE_M79.13|M79.13,0,0
CELE_M79.9|M79.9,0,0
CELE_M79.6|M79.6,0,0
CELE_M79.10|M79.10,0,0
CELE_M79.7|M79.7,0,0
CELE_M79.5|M79.5,0,0
CELE_M79.4|flp-19,269,332
CELE_M79.1|abl-1,2558,2629
CELE_F13E6.2|F13E6.2,41,56
CELE_F11A1.14|F11A1.14,0,0
CELE_F11A1.13|F11A1.13,0,0
CELE_F11A1.10|21ur-15005,0,0
CELE_F11A1.12|F11A1.12,0,0
CELE_F11A1.3|daf-12,1003,808
CELE_F13E6.3|phf-31,204,170
CELE_F13E6.1|F13E6.1,3504,3366
CELE_F13E6.4|yap-1,2784,2488
CELE_T01C1.4|T01C1.4,38,14
CELE_T01C1.2|mbr-1,89,123
CELE_F13E6.7|21ur-13260,0,0
CELE_F13E6.8|F13E6.8,0,0
CELE_F13E6.9|F13E6.9,0,0
CELE_T01C1.11|T01C1.11,0,0
CELE_F13E6.5|plpp-1.3,823,749
CELE_F13E6.6|rhgf-1,424,364
CELE_R07A4.1|egl-36,69,67
CELE_R07A4.2|R07A4.2,52,97
CELE_R07A4.4|R07A4.4,45,0
CELE_T05A10.6|T05A10.6,30,51
CELE_T05A10.3|ttr-14,1065,499
CELE_T05A10.5|vap-2,226,454
CELE_T05A10.8|T05A10.8,0,0
CELE_T05A10.1|sma-9,7891,7705
CELE_T05A10.2|clc-4,33,11
CELE_C05A9.5|C05A9.5,0,0
CELE_C05A9.6|C05A9.6,0,0
CELE_C05A9.2|C05A9.2,966,996
CELE_C05A9.11|C05A9.11,0,0
CELE_T05A10.7|21ur-13421,0,0
CELE_F31B12.1|plc-1,909,615
CELE_F31B12.5|F31B12.5,0,0
CELE_F31B12.8|F31B12.8,0,0
CELE_F31B12.7|F31B12.7,0,0
CELE_F31B12.9|F31B12.9,0,0
CELE_F31B12.6|F31B12.6,0,0
CELE_F31B12.T1|F31B12.t1,0,0
CELE_C05A9.7|C05A9.7,0,0
CELE_F31B12.3|F31B12.3,155,119
CELE_T21E8.8|21ur-8856,0,0
CELE_C05A9.1|pgp-5,1296,291
CELE_T21E8.6|T21E8.6,9,10
CELE_T21E8.5|T21E8.5,14,10
CELE_F47B10.6|F47B10.6,0,0
CELE_F47B10.5|F47B10.5,243,165
CELE_T21E8.2|pgp-7,245,72
CELE_T21E8.1|pgp-6,764,214
CELE_F47B10.2|haly-1,2397,2076
CELE_T21B6.5|nstp-9,0,0
CELE_F47B10.9|F47B10.9,727,653
CELE_F47B10.12|F47B10.12,0,0
CELE_F47B10.11|F47B10.11,0,0
CELE_F47B10.8|F47B10.8,0,0
CELE_F47B10.1|suca-1,7442,6506
CELE_F47B10.7|acbp-3,1330,959
CELE_T21B6.2|pho-7,341,162
CELE_T21B6.10|T21B6.10,0,0
CELE_T21B6.8|T21B6.8,0,0
CELE_T21B6.1|dgn-1,3281,2810
CELE_K09C8.7|K09C8.7,89,119
CELE_T21B6.15|T21B6.15,0,0
CELE_T21B6.3|T21B6.3,1277,995
CELE_K09C8.6|nlp-19,21,38
CELE_K09C8.9|K09C8.9,25,0
CELE_K09C8.1|pbo-4,2422,1912
CELE_K09C8.10|21ur-13150,0,0
CELE_K09C8.5|pxn-2,647,583
CELE_F59F3.5|ver-4,111,118
CELE_F59F3.9|F59F3.9,0,0
CELE_F58A3.4|F58A3.4,43,46
CELE_F59F3.1|ver-3,2885,2643
CELE_F59F3.6|F59F3.6,35,22
CELE_F58A3.3|F58A3.3,52,71
CELE_F59F3.4|del-5,335,323
CELE_F58A3.5|ttr-31,252,152
CELE_F58A3.2|egl-15,1029,875
CELE_F58A3.6|F58A3.6,0,0
CELE_F58A3.1|ldb-1,3146,3169
CELE_C09F12.1|clc-1,2003,817
CELE_C09F12.6|C09F12.6,0,0
CELE_C09F12.2|C09F12.2,57,58
CELE_W04G3.8|lpr-3,2601,1732
CELE_W04G3.1|lpr-6,835,613
CELE_W04G3.2|lpr-5,1466,911
CELE_W04G3.16|W04G3.16,0,0
CELE_W04G3.3|lpr-4,1144,699
CELE_W04G3.13|W04G3.13,33,7
CELE_W04G3.12|W04G3.12,0,0
CELE_W04G3.5|W04G3.5,3349,3055
CELE_W02H3.1|W02H3.1,143,89
CELE_W04G3.14|W04G3.14,0,0
CELE_W04G3.6|sulp-7,555,508
CELE_R08B4.5|nlp-66,16,33
CELE_R08B4.4|clc-17,0,0
CELE_R08B4.1|grd-1,255,166
CELE_R08B4.3|R08B4.3,371,320
CELE_R08B4.8|R08B4.8,0,0
CELE_R08B4.2|alr-1,323,341
CELE_C05C9.3|C05C9.3,140,82
CELE_C34F6.13|C34F6.13,0,0
CELE_C34F6.1|C34F6.1,180,57
CELE_C05C9.7|C05C9.7,0,0
CELE_C05C9.T2|C05C9.t2,0,0
CELE_C05C9.T1|C05C9.t1,0,0
CELE_F13D2.1|F13D2.1,582,599
CELE_C05C9.1|C05C9.1,77,0
CELE_F13D2.2|gnrr-6,36,26
CELE_ZK455.8|oct-2,466,267
CELE_F42E11.1|pgp-4,428,339
CELE_ZK455.7|pgp-3,2009,1529
CELE_F42E11.3|F42E11.3,0,0
CELE_F42E11.2|ttyh-1,3078,2917
CELE_F42E11.6|F42E11.6,0,0
CELE_F42E11.4|tni-1,1218,661
CELE_F08B12.6|F08B12.6,0,0
CELE_F08B12.7|F08B12.7,0,0
CELE_F08B12.8|F08B12.8,0,0
CELE_F08B12.9|F08B12.9,0,0
CELE_F08B12.11|F08B12.11,6,5
CELE_F08B12.1|prmn-1,687,643
CELE_F08B12.3|slo-2,751,555
CELE_F08B12.10|F08B12.10,0,0
CELE_F08B12.2|prx-12,345,423
CELE_F08B12.4|F08B12.4,2918,3461
CELE_F46C3.2|F46C3.2,171,143
CELE_F46C3.6|F46C3.6,61,98
CELE_F46C3.1|pek-1,4403,4898
CELE_C34F6.15|C34F6.15,0,0
CELE_C34F6.18|C34F6.18,0,0
CELE_C34F6.12|C34F6.12,0,0
CELE_C03A3.4|C03A3.4,0,0
CELE_C03A3.7|C03A3.7,0,0
CELE_C03A3.8|C03A3.8,0,0
CELE_C03A3.T1|C03A3.t1,0,0
CELE_C03A3.1|C03A3.1,283,203
CELE_C03A3.5|C03A3.5,0,0
CELE_C03A3.6|C03A3.6,0,0
CELE_F38B2.3|F38B2.3,0,0
CELE_F38B2.7|F38B2.7,0,0
CELE_F08G12.12|mir-787,0,0
CELE_ZK455.9|mir-254,0,0
CELE_C34F6.2|col-178,33326,29635
CELE_C34F6.3|col-179,10641,8414
CELE_C34F6.11|C34F6.11,263,174
CELE_C34F6.4|hst-2,585,592
CELE_C34F6.5|C34F6.5,214,257
CELE_C34F6.7|C34F6.7,882,777
CELE_C34F6.8|idh-2,2163,1847
CELE_C34F6.9|C34F6.9,974,832
CELE_C34F6.10|C34F6.10,2272,1822
CELE_C03A3.2|C03A3.2,3385,3024
CELE_C03A3.9|C03A3.9,14,0
CELE_C03A3.3|C03A3.3,15,0
CELE_F38B2.1|ifa-1,1844,1319
CELE_F38B2.2|F38B2.2,36,54
CELE_F38B2.6|F38B2.6,111,80
CELE_F38B2.4|F38B2.4,814,737
CELE_F08G12.10|inx-2,3581,3570
CELE_F08G12.2|snrp-40.1,2591,2251
CELE_F08G12.3|F08G12.3,283,294
CELE_F08G12.1|F08G12.1,804,727
CELE_F08G12.4|vhl-1,349,313
CELE_F08G12.5|F08G12.5,118,169
CELE_F08G12.11|F08G12.11,16,0
CELE_F08G12.8|nlp-57,34,35
CELE_ZK455.6|hizr-1,195,159
CELE_ZK455.4|asm-2,855,800
CELE_ZK455.2|gcy-9,52,0
CELE_ZK455.1|aco-1,9989,7586
CELE_F46C3.4|F46C3.4,251,250
CELE_F46C3.7|F46C3.7,15,5
CELE_F48C5.8|F48C5.8,0,0
CELE_F48C5.3|F48C5.3,0,0
CELE_F48C5.7|F48C5.7,0,0
CELE_F48C5.6|F48C5.6,0,0
CELE_F48C5.4|F48C5.4,0,0
CELE_F48C5.1|igeg-2,101,67
CELE_F48C5.2|F48C5.2,81,66
CELE_F46C3.8|F46C3.8,0,0
CELE_F46C3.9|F46C3.9,0,0
CELE_F46C3.3|hum-4,2576,1796
CELE_F46C3.5|F46C3.5,27,26
CELE_T25C12.4|spp-21,17,11
CELE_T25C12.8|T25C12.8,0,0
CELE_T25C12.7|T25C12.7,0,0
CELE_T25C12.5|T25C12.5,0,7
CELE_T25C12.1|lin-14,1804,1592
CELE_T25C12.3|hrg-11.3,46671,20076
CELE_C35C5.1|sdc-2,2055,2080
CELE_C35C5.8|C35C5.8,120,195
CELE_C35C5.9|C35C5.9,429,430
CELE_C35C5.3|selt-1.1,3156,2882
CELE_F29G6.1|F29G6.1,105,0
CELE_F29G6.2|ccdc-149,54,45
CELE_F29G6.3|hpo-34,22820,13358
CELE_C35C5.4|mig-2,1648,1428
CELE_C35C5.10|C35C5.10,622,598
CELE_C35C5.21|linc-33,0,0
CELE_C35C5.5|lev-8,116,99
CELE_C35C5.6|trpp-9,1844,1710
CELE_H05G16.3|H05G16.3,0,0
CELE_H05G16.2|H05G16.2,0,0
CELE_H05G16.1|frm-3,503,454
CELE_F52D10.1|abts-2,246,215
CELE_F52D10.2|F52D10.2,1483,1398
CELE_F52D10.5|sto-3,0,0
CELE_F52D10.13|F52D10.13,0,0
CELE_Y71H9A.4|Y71H9A.4,0,0
CELE_Y71H9A.2|sto-6,74,29
CELE_F52D10.11|F52D10.11,0,0
CELE_F52D10.3|ftt-2,18408,15909
CELE_T04F8.15|T04F8.15,0,0
CELE_T04F8.T1|T04F8.t1,0,0
CELE_Y71H9A.3|sto-4,814,865
CELE_T04F8.8|T04F8.8,4723,4075
CELE_T04F8.4|cutl-11,62,34
CELE_T04F8.2|T04F8.2,2099,1698
CELE_T04F8.3|T04F8.3,15,18
CELE_T04F8.1|sfxn-1.5,1977,1955
CELE_T04F8.9|T04F8.9,95,68
CELE_T04F8.10|T04F8.10,0,0
CELE_T04F8.6|noca-2,1135,889
CELE_T04F8.7|T04F8.7,925,784
CELE_C44C10.8|hnd-1,285,266
CELE_C44C10.5|C44C10.5,103,104
CELE_C44C10.13|C44C10.13,0,0
CELE_C44C10.4|smcl-1,739,644
CELE_C44C10.3|C44C10.3,83,83
CELE_C44C10.11|C44C10.11,253,186
CELE_C44C10.1|col-180,1093,251
CELE_D1053.4|D1053.4,143,148
CELE_C44C10.9|C44C10.9,593,382
CELE_C44C10.14|C44C10.14,0,0
CELE_D1053.1|gst-42,1872,1487
CELE_D1053.3|D1053.3,309,308
CELE_C40H5.9|21ur-14455,0,0
CELE_C40H5.15|C40H5.15,0,0
CELE_C40H5.2|C40H5.2,63,50
CELE_C40H5.6|hpo-41,19,16
CELE_C40H5.8|C40H5.8,32,35
CELE_C40H5.14|C40H5.14,0,0
CELE_C40H5.5|ttx-3,43,20
CELE_C40H5.4|lact-7,83,57
CELE_C34E11.6|mir-239.2,3,6
CELE_C34E11.2|C34E11.2,88,48
CELE_C34E11.T1|C34E11.t1,0,0
CELE_C34E11.11|C34E11.11,0,0
CELE_C34E11.13|C34E11.13,0,0
CELE_C34E11.16|C34E11.16,0,0
CELE_C34E11.17|C34E11.17,0,0
CELE_C34E11.4|C34E11.4,81,73
CELE_C34E11.1|rsd-3,2402,2475
CELE_F54F7.11|F54F7.11,0,0
CELE_F54F7.9|F54F7.9,19,15
CELE_F54F7.2|F54F7.2,659,624
CELE_C34E11.3|mtcl-1,1060,759
CELE_F54F7.1|taf-7.1,273,265
CELE_F54F7.4|xtr-1,129,147
CELE_F54F7.8|F54F7.8,34,30
CELE_F54F7.3|F54F7.3,1200,1171
CELE_F54F7.14|F54F7.14,21,0
CELE_F54F7.7|dot-1.2,0,0
CELE_F54F7.5|mes-1,1573,1477
CELE_Y62H9A.1|Y62H9A.1,0,0
CELE_Y62H9A.2|Y62H9A.2,0,0
CELE_F54F7.6|F54F7.6,498,470
CELE_Y62H9A.3|Y62H9A.3,3348,3416
CELE_Y62H9A.4|Y62H9A.4,2499,1950
CELE_Y62H9A.5|stha-3,26028,25606
CELE_Y62H9A.11|Y62H9A.11,0,0
CELE_Y62H9A.15|Y62H9A.15,106,67
CELE_Y62H9A.12|Y62H9A.12,16,0
CELE_Y62H9A.13|Y62H9A.13,9,0
CELE_Y62H9A.16|Y62H9A.16,13,14
CELE_Y62H9A.14|Y62H9A.14,0,0
CELE_F55G7.2|dot-1.4,147,163
CELE_T08D10.1|nfya-1,1012,1019
CELE_T08D10.3|T08D10.3,31,18
CELE_T08D10.5|T08D10.5,0,0
CELE_C49F5.8|C49F5.8,0,0
CELE_C49F5.12|C49F5.12,0,0
CELE_C49F5.13|C49F5.13,11,0
CELE_C49F5.9|C49F5.9,14,4
CELE_T08D10.2|lsd-1,1225,1059
CELE_Y62H9A.6|ule-5,33439,28898
CELE_C49F5.1|sams-1,4136,2185
CELE_C49F5.2|set-6,830,714
CELE_C49F5.3|C49F5.3,861,750
CELE_C49F5.10|linc-15,109,120
CELE_C49F5.11|C49F5.11,92,97
CELE_C49F5.6|C49F5.6,2427,2451
CELE_C49F5.7|spig-15,2399,1941
CELE_W06B3.2|sma-5,1494,1023
CELE_B0198.2|B0198.2,66,61
CELE_B0198.1|tsp-20,140,134
CELE_C15A7.1|lgc-23,24,26
CELE_B0198.5|B0198.5,0,0
CELE_B0198.9|B0198.9,0,0
CELE_B0198.7|B0198.7,0,0
CELE_B0198.6|B0198.6,0,0
CELE_C15A7.6|C15A7.6,0,0
CELE_B0198.3|B0198.3,334,368
CELE_W06B3.1|nmat-1,138,100
CELE_VW06B3R.1|ucr-2.1,4385,4447
CELE_W03G11.5|mir-233,0,0
CELE_W03G11.20|W03G11.20,0,0
CELE_W03G11.16|W03G11.16,0,0
CELE_W03G11.7|W03G11.7,0,0
CELE_W03G11.10|W03G11.10,0,0
CELE_W03G11.12|W03G11.12,0,0
CELE_W03G11.15|W03G11.15,0,0
CELE_W03G11.17|W03G11.17,0,0
CELE_W03G11.19|W03G11.19,0,0
CELE_W03G11.21|W03G11.21,0,0
CELE_W03G11.6|W03G11.6,0,0
CELE_W03G11.9|W03G11.9,0,0
CELE_W03G11.13|W03G11.13,0,0
CELE_W03G11.14|W03G11.14,0,0
CELE_W03G11.8|W03G11.8,0,0
CELE_W03G11.11|W03G11.11,0,0
CELE_W03G11.4|W03G11.4,1590,1460
CELE_W03G11.3|W03G11.3,475,373
CELE_W03G11.2|W03G11.2,96,75
CELE_T01H10.1|lgc-13,20,0
CELE_M153.3|M153.3,16,0
CELE_M153.5|M153.5,24,0
CELE_T01H10.8|lyst-1,950,927
CELE_M153.1|pycr-1,618,472
CELE_F57G12.2|F57G12.2,46,38
CELE_F57G12.16|F57G12.16,1,0
CELE_M153.4|znf-474,52,52
CELE_M153.2|mfsd-11,348,323
CELE_F57G12.12|F57G12.12,0,0
CELE_F57G12.6|F57G12.6,0,0
CELE_F57G12.1|F57G12.1,2928,2898
CELE_W03G11.1|col-181,57358,59352
CELE_C23H4.8|C23H4.8,51,90
CELE_C23H4.12|C23H4.12,0,0
CELE_C23H4.10|C23H4.10,0,0
CELE_C23H4.11|C23H4.11,0,0
CELE_C23H4.1|cab-1,5891,5629
CELE_C23H4.4|cest-7,0,0
CELE_C23H4.2|cest-8,139,141
CELE_C23H4.7|cest-9.2,241,135
CELE_C23H4.3|cest-9.1,656,651
CELE_C23H4.6|C23H4.6,482,321
CELE_E01G6.3|cest-3,143,207
CELE_E01G6.2|E01G6.2,204,227
CELE_E01G6.1|E01G6.1,227,82
CELE_C04B4.2|C04B4.2,3103,2833
CELE_W06D11.2|W06D11.2,80,91
CELE_W06D11.1|W06D11.1,687,543
CELE_W06D11.3|W06D11.3,880,820
CELE_F17A2.16|F17A2.16,0,0
CELE_F17A2.1|xtr-2,0,0
CELE_F17A2.5|ceh-40,559,509
CELE_F17A2.15|F17A2.15,0,0
CELE_F17A2.13|F17A2.13,526,483
CELE_F42F12.2|zig-2,132,65
CELE_F19H6.9|F19H6.9,0,0
CELE_F19H6.4|srdf-2.1,1093,1191
CELE_F19H6.2|glb-13,52,39
CELE_F19H6.1|nekl-3,369,326
CELE_F42F12.11|F42F12.11,0,0
CELE_F42F12.T1|F42F12.t1,0,0
CELE_F42F12.14|F42F12.14,0,0
CELE_F42F12.1|nspc-9,1287,1301
CELE_F42F12.9|nspc-10,1244,1146
CELE_F42F12.3|srdf-2.2,738,696
CELE_F42F12.4|F42F12.4,351,354
CELE_F42F12.10|nspc-12,1285,1264
CELE_F42F12.6|nspc-13,1327,1307
CELE_F42F12.7|nspc-14,2382,2143
CELE_F42F12.8|nspc-15,934,1056
CELE_F19H6.6|F19H6.6,426,260
CELE_T24D3.2|T24D3.2,81,70
CELE_F17E5.3|21ur-12641,0,0
CELE_F17E5.4|F17E5.4,0,0
CELE_F17E5.2|F17E5.2,989,904
CELE_F17E5.1|lin-2,567,459
CELE_T24D3.4|T24D3.4,0,0
CELE_T24D3.3|T24D3.3,0,0
CELE_T18D3.12|T18D3.12,0,0
CELE_T18D3.7|tsct-1,477,662
CELE_T18D3.6|T18D3.6,288,288
CELE_T18D3.9|T18D3.9,39,36
CELE_T18D3.5|T18D3.5,19,20
CELE_T18D3.1|T18D3.1,1465,1324
CELE_T18D3.3|cdf-2,388,334
CELE_T18D3.4|myo-2,3802,3484
CELE_F45E6.6|sdz-19,27,24
CELE_F45E6.7|F45E6.7,0,0
CELE_F45E6.4|lips-1,71,52
CELE_F45E6.2|atf-6,1141,1223
CELE_F45E6.3|tbc-13,703,619
CELE_T24D5.1|T24D5.1,0,0
CELE_C16D6.2|npr-4,61,71
CELE_H20J18.2|H20J18.2,0,0
CELE_C16D6.4|linc-142,0,0
CELE_H20J18.1|scd-1,4240,3779
CELE_R09A8.4|col-182,140,52
CELE_R09A8.5|R09A8.5,112,138
CELE_H36L18.4|H36L18.4,0,0
CELE_H36L18.1|zmp-5,58,32
CELE_H36L18.2|lep-5,2905,2144
CELE_C02B4.T2|C02B4.t2,0,0
CELE_C02B4.4|nlp-76,20,21
CELE_C02B4.2|nhr-17,873,982
CELE_T24D5.9|T24D5.9,0,0
CELE_T24D5.4|T24D5.4,0,0
CELE_R09A8.6|R09A8.6,0,0
CELE_R09A8.7|R09A8.7,0,0
CELE_T24D5.2|T24D5.2,311,261
CELE_T24D5.5|T24D5.5,101,108
CELE_T24D5.11|T24D5.11,96,91
CELE_T24D5.6|T24D5.6,64,61
CELE_R09A8.9|R09A8.9,201,269
CELE_R09A8.1|R09A8.1,608,645
CELE_R09A8.2|R09A8.2,1460,1391
CELE_R09A8.3|ivns-1,6420,5673
CELE_T07C5.5|nhr-26,0,0
CELE_C02B4.1|adt-1,258,79
CELE_T07C5.1|ugt-50,1220,857
CELE_T07C5.6|mir-62,1,1
CELE_C52G5.3|C52G5.3,0,0
CELE_C52G5.4|C52G5.4,0,0
CELE_C52G5.2|C52G5.2,468,313
CELE_C52G5.T1|C52G5.t1,2,0
CELE_F16H9.2|nhr-27,0,0
CELE_F16H9.3|21ur-15144,0,0
CELE_F16H9.4|F16H9.4,0,0
CELE_F16H9.5|F16H9.5,0,2
CELE_F22E10.8|F22E10.8,0,0
CELE_F22E10.9|F22E10.9,0,0
CELE_F22E10.7|F22E10.7,0,0
CELE_T22H6.1|ilc-17.1,0,0
CELE_T22H6.4|str-123,0,0
CELE_C52G5.13|C52G5.13,0,0
CELE_F16H9.1|rgs-2,275,259
CELE_F22E10.1|pgp-12,65,71
CELE_F22E10.2|pgp-13,127,94
CELE_F22E10.3|pgp-14,1213,879
CELE_F22E10.6|F22E10.6,11,6
CELE_F22E10.5|cept-1,1320,790
CELE_T22H6.2|alh-13,1995,1283
CELE_T22H6.5|abf-5,247,246
CELE_T22H6.7|abf-6,451,361
CELE_T22H6.6|gei-3,3802,3677
CELE_T14G8.2|T14G8.2,77,57
CELE_T14G8.1|chd-3,6187,6037
CELE_T14G8.6|T14G8.6,0,0
CELE_T14G8.3|T14G8.3,4946,3833
CELE_T14G8.4|T14G8.4,23,0
CELE_K02A4.2|gpc-1,60,64
CELE_C34E7.7|C34E7.7,0,0
CELE_C34E7.8|C34E7.8,0,0
CELE_C34E7.5|C34E7.5,0,0
CELE_C34E7.6|C34E7.6,0,0
CELE_C34E7.1|pqn-18,952,855
CELE_K02A4.5|K02A4.5,0,0
CELE_K02A4.7|K02A4.7,0,0
CELE_K02A4.10|K02A4.10,0,0
CELE_K02A4.12|K02A4.12,0,0
CELE_K02A4.14|K02A4.14,0,0
CELE_K02A4.3|K02A4.3,0,0
CELE_K02A4.11|K02A4.11,0,0
CELE_K02A4.13|K02A4.13,0,0
CELE_K02A4.8|K02A4.8,0,0
CELE_K02A4.1|bcat-1,9395,6817
CELE_C05E7.2|gmap-3,225,43
CELE_C34E7.3|C34E7.3,35,38
CELE_C34E7.4|gmap-1,1934,1603
CELE_C05E7.T3|C05E7.t3,0,0
CELE_C05E7.1|gmap-2,218,106
CELE_C05E7.3|nssp-88,33,29
CELE_C05E7.4|frpr-2,33,0
CELE_VF11C1L.1|ppk-3,3192,2993
CELE_F11C1.9|F11C1.9,14,17
CELE_C53C7.7|C53C7.7,0,0
CELE_C53C7.1|npr-10,44,91
CELE_F11C1.11|F11C1.11,0,0
CELE_F11C1.16|F11C1.16,0,0
CELE_F11C1.15|F11C1.15,0,0
CELE_F11C1.6|nhr-25,860,834
CELE_C53C7.3|C53C7.3,0,12
CELE_F11C1.3|scav-4,1059,522
CELE_F11C1.2|mff-1,509,389
CELE_F11C1.1|F11C1.1,266,306
CELE_F11C1.7|F11C1.7,101,96
CELE_F11C1.5|vwa-8,3128,2920
CELE_C53C7.5|C53C7.5,513,330
CELE_K03A11.6|K03A11.6,14,0
CELE_K03A11.1|K03A11.1,659,615
CELE_K03A11.5|K03A11.5,258,400
CELE_K03A11.7|K03A11.7,0,0
CELE_K03A11.9|K03A11.9,0,0
CELE_K03A11.2|cpx-2,100,135
CELE_K03A11.8|K03A11.8,0,0
CELE_R03G8.1|R03G8.1,0,0
CELE_R03G8.4|R03G8.4,0,0
CELE_R03G8.3|R03G8.3,568,413
CELE_R03G8.6|R03G8.6,1391,1364
CELE_F17H10.1|F17H10.1,1188,1298
CELE_F09A5.1|spin-3,435,212
CELE_F17H10.8|F17H10.8,0,0
CELE_F17H10.T1|F17H10.t1,0,0
CELE_F17H10.2|F17H10.2,1392,1693
CELE_F17H10.3|snx-17,849,725
CELE_F09A5.2|F09A5.2,247,239
CELE_F09A5.9|ttr-34,651,492
CELE_F48C11.3|nlp-3,220,271
CELE_F48C11.4|21ur-13312,0,0
CELE_F09D5.1|F09D5.1,0,0
CELE_R12H7.7|R12H7.7,0,0
CELE_R12H7.6|R12H7.6,0,0
CELE_R12H7.1|unc-9,331,250
CELE_F09A5.3|F09A5.3,0,0
CELE_F09A5.8|mir-56,0,0
CELE_F09A5.6|mir-55,0,0
CELE_F09A5.15|F09A5.15,0,0
CELE_F09A5.5|mir-54,0,0
CELE_F09A5.11|F09A5.11,0,0
CELE_F09A5.10|F09A5.10,0,0
CELE_F48C11.5|F48C11.5,0,0
CELE_F48C11.6|F48C11.6,0,0
CELE_F09A5.4|mob-2,2804,2712
CELE_R12H7.5|skr-20,670,590
CELE_R12H7.3|skr-19,1512,1545
CELE_R12H7.2|asp-4,20111,15815
CELE_K08H2.1|skr-21,978,1003
CELE_K08H2.2|K08H2.2,87,84
CELE_K08H2.5|K08H2.5,0,0
CELE_K08H2.3|K08H2.3,579,569
CELE_K08H2.4|K08H2.4,151,117
CELE_K08H2.6|hpl-1,280,309
CELE_K08H2.7|K08H2.7,19,22
CELE_K08H2.8|nhr-32,941,1252
CELE_K09A11.2|cyp-14A1,41,39
CELE_K08H2.T1|K08H2.t1,0,0
CELE_K08H2.10|K08H2.10,130,67
CELE_K09A11.1|K09A11.1,546,589
CELE_K09A11.10|K09A11.10,0,0
CELE_K09A11.3|cyp-14A2,1343,1157
CELE_K09A11.6|21ur-11576,0,0
CELE_R04D3.13|R04D3.13,0,0
CELE_R04D3.T5|R04D3.t5,0,0
CELE_K09A11.9|K09A11.9,0,0
CELE_K09A11.8|K09A11.8,0,0
CELE_K09A11.4|cyp-14A3,3499,2201
CELE_R04D3.2|R04D3.2,2884,2491
CELE_R04D3.7|srd-42,0,0
CELE_R04D3.T3|R04D3.t3,0,0
CELE_R04D3.4|R04D3.4,586,502
CELE_R04D3.3|R04D3.3,7403,6553
CELE_F46G10.2|F46G10.2,592,770
CELE_F46G10.3|sir-2.3,94,72
CELE_F46G10.7|sir-2.2,620,507
CELE_F46G10.1|F46G10.1,6352,4005
CELE_F46G10.4|F46G10.4,363,274
CELE_F46G10.6|mxl-3,202,170
CELE_C49F8.1|C49F8.1,109,190
CELE_F46G10.5|ptr-24,1963,1495
CELE_C49F8.12|C49F8.12,0,0
CELE_C49F8.13|C49F8.13,0,0
CELE_C49F8.2|gem-1,356,396
CELE_C49F8.3|dbd-19,358,133
CELE_F02C12.2|F02C12.2,0,0
CELE_F02C12.6|21ur-12947,0,0
CELE_F02C12.3|F02C12.3,32,42
CELE_F02C12.8|linc-34,12,24
CELE_F02C12.1|F02C12.1,632,703
CELE_C29F7.8|C29F7.8,0,0
CELE_F02C12.5|cyp-13B1,643,449
CELE_C29F7.1|C29F7.1,481,404
CELE_C29F7.2|C29F7.2,6550,6367
CELE_C29F7.3|C29F7.3,2897,1734
CELE_C29F7.4|fkh-3,675,624
CELE_C29F7.5|fkh-4,484,513
CELE_C29F7.10|C29F7.10,265,211
CELE_C29F7.6|jmjd-3.3,112,127
CELE_F02D10.6|F02D10.6,184,238
CELE_F02D10.2|F02D10.2,3,0
CELE_F02D10.10|F02D10.10,0,0
CELE_F02D10.1|col-183,53,98
CELE_F02D10.8|21ur-14382,0,0
CELE_F02D10.5|flr-1,435,348
CELE_F15A2.13|F15A2.13,0,0
CELE_F15A2.2|tre-4,398,274
CELE_F15A2.5|efn-3,102,54
CELE_F15A2.11|F15A2.11,0,0
CELE_F15A2.14|F15A2.14,0,0
CELE_F15A2.6|sad-1,355,295
CELE_H06A10.1|H06A10.1,126,58
CELE_H06A10.2|col-185,36,0
CELE_F18H3.5|cdk-4,751,811
CELE_F18H3.1|F18H3.1,567,495
CELE_F18H3.6|F18H3.6,0,0
CELE_F18H3.3|pab-2,5467,5575
CELE_F18H3.7|F18H3.7,0,0
CELE_F18H3.4|F18H3.4,1231,1214
CELE_F15A2.1|col-184,38830,41220
CELE_R01E6.4|acr-12,110,89
CELE_R01E6.14|R01E6.14,0,0
CELE_R01E6.5|R01E6.5,21,0
CELE_R01E6.8|21ur-10724,0,0
CELE_R01E6.11|R01E6.11,0,0
CELE_R01E6.16|R01E6.16,0,0
CELE_R01E6.6|glb-20,98,118
CELE_R01E6.2|R01E6.2,16,21
CELE_R01E6.7|R01E6.7,53,46
CELE_F54B11.11|F54B11.11,71,79
CELE_F54B11.10|srf-5,56,40
CELE_R01E6.19|R01E6.19,0,0
CELE_R01E6.3|cah-4,4712,4285
CELE_F54B11.2|col-44,32,25
CELE_F54B11.5|F54B11.5,721,705
CELE_F54B11.3|unc-84,5274,5114
CELE_F54B11.6|bra-1,483,490
CELE_F54B11.9|F54B11.9,0,0
CELE_F54B11.8|F54B11.8,31,18
CELE_Y12A6A.2|nlp-53,88,96
CELE_Y12A6A.1|Y12A6A.1,544,536
CELE_C40C9.3|C40C9.3,45,20
CELE_C40C9.15|C40C9.15,0,0
CELE_C40C9.16|C40C9.16,0,0
CELE_C40C9.2|acr-9,30,49
CELE_C40C9.4|C40C9.4,0,0
CELE_C40C9.5|nlg-1,265,257
CELE_C04A11.1|C04A11.1,56,49
CELE_C04A11.5|C04A11.5,63,61
CELE_C04A11.T1|C04A11.t1,2,2
CELE_C04A11.2|C04A11.2,379,400
CELE_C04A11.3|gck-4,3350,3421
CELE_K02D3.1|K02D3.1,81,51
CELE_K02D3.T1|K02D3.t1,2,0
CELE_K02D3.2|K02D3.2,70,30
CELE_K11E4.11|K11E4.11,0,0
CELE_K11E4.T1|K11E4.t1,0,0
CELE_K11E4.1|K11E4.1,144,120
CELE_C04A11.4|adm-2,1869,1721
CELE_K11E4.8|K11E4.8,0,0
CELE_K11E4.2|shc-3,97,169
CELE_K11E4.3|poml-1,0,0
CELE_K11E4.7|K11E4.7,0,0
CELE_K11E4.9|K11E4.9,0,0
CELE_K11E4.T5|K11E4.t5,0,0
CELE_K11E4.10|K11E4.10,0,0
CELE_K11E4.4|pix-1,1468,1535
CELE_K11E4.T6|K11E4.t6,1,1
CELE_F55F3.4|F55F3.4,0,0
CELE_ZK1086.3|ZK1086.3,0,0
CELE_ZK1086.2|ZK1086.2,40,9
CELE_F19D8.1|twk-23,26,32
CELE_F19D8.8|F19D8.8,0,0
CELE_F19D8.2|F19D8.2,81,37
CELE_M03B6.1|M03B6.1,55,55
CELE_F55F3.10|mir-5592.1,0,0
CELE_F55F3.11|mir-5592.2,0,0
CELE_F55F3.9|F55F3.9,0,2
CELE_F55F3.7|F55F3.7,0,0
CELE_K11E4.5|nhr-71,1973,1983
CELE_F55F3.1|aakb-1,782,843
CELE_F55F3.2|cest-13,1484,1091
CELE_F55F3.3|nkb-3,3766,2742
CELE_M03B6.5|M03B6.5,13,35
CELE_ZK1086.4|21ur-13251,0,0
CELE_ZK1086.5|ZK1086.5,0,0
CELE_ZK1086.1|obr-3,1936,1567
CELE_M03B6.2|mct-3,1235,686
CELE_M03B6.4|M03B6.4,382,319
CELE_M03B6.3|M03B6.3,434,408
CELE_T21H8.2|sra-37,0,0
CELE_Y26E6A.3|Y26E6A.3,278,301
CELE_T21H8.1|hlb-1,2395,2310
CELE_T21H8.6|21ur-14348,0,0
CELE_T21H8.9|T21H8.9,0,0
CELE_T21H8.10|T21H8.10,0,0
CELE_Y26E6A.2|Y26E6A.2,173,120
CELE_Y26E6A.1|ekl-5,2085,2064
CELE_K02B9.2|meg-2,2195,1999
CELE_K02B9.8|K02B9.8,0,0
CELE_K02B9.7|K02B9.7,0,0
CELE_K02B9.4|elt-3,889,900
CELE_K02B9.1|meg-1,9095,8703
CELE_F48F7.2|syx-2,348,320
CELE_K02B9.10|K02B9.10,111,105
CELE_F48F7.1|alg-1,5750,5365
CELE_F48F7.5|F48F7.5,263,235
CELE_F48F7.3|F48F7.3,54,40
CELE_F48F7.4|pqn-39,2006,1671
CELE_C31E10.3|irld-24,0,0
CELE_C31E10.11|C31E10.11,24,14
CELE_C31E10.9|21ur-14064,1,0
CELE_F48F7.6|F48F7.6,1207,1153
CELE_C31E10.5|C31E10.5,1495,1574
CELE_C31E10.6|C31E10.6,640,606
CELE_C04C11.25|C04C11.25,51,30
CELE_C04C11.23|C04C11.23,231,144
CELE_C04C11.1|C04C11.1,167,229
CELE_C31E10.T1|C31E10.t1,0,0
CELE_C31E10.10|C31E10.10,0,0
CELE_C31E10.7|cytb-5.1,5521,3708
CELE_C31E10.8|tbc-19,249,204
CELE_C04C11.2|arrd-25,2073,1922
CELE_C33G3.3|lgc-21,216,81
CELE_C04C11.4|21ur-12769,0,0
CELE_C33G3.10|C33G3.10,0,0
CELE_C33G3.11|C33G3.11,0,0
CELE_C33G3.13|C33G3.13,0,0
CELE_C33G3.7|21ur-12216,0,0
CELE_C33G3.1|dyc-1,332,234
CELE_C33G3.5|C33G3.5,0,0
CELE_C33G3.4|C33G3.4,1455,1286
CELE_C33G3.8|C33G3.8,0,0
CELE_C33G3.6|C33G3.6,627,698
CELE_F16B12.4|F16B12.4,643,695
CELE_F16B12.6|F16B12.6,3246,3371
CELE_F28H6.6|F28H6.6,906,804
CELE_F28H6.8|F28H6.8,10,24
CELE_F28H6.2|ceh-89,111,111
CELE_F28H6.4|F28H6.4,1982,1860
CELE_R03E1.4|ceh-90,0,0
CELE_R03E1.3|lgc-25,163,137
CELE_F28H6.1|akt-2,1077,1483
CELE_R03E1.2|vha-20,6866,4177
CELE_R03E1.1|sym-4,3128,2684
CELE_C37E2.2|C37E2.2,57,68
CELE_C37E2.4|ceh-36,305,351
CELE_C37E2.1|idhb-1,3935,3138
CELE_C37E2.6|21ur-12110,0,0
CELE_C37E2.7|C37E2.7,0,0
CELE_C37E2.9|C37E2.9,0,0
CELE_C37E2.8|C37E2.8,0,0
CELE_K06G5.8|K06G5.8,0,0
CELE_K06G5.9|K06G5.9,0,0
CELE_K06G5.10|K06G5.10,0,0
CELE_K06G5.5|K06G5.5,0,0
CELE_C37E2.5|ceh-37,489,601
CELE_K06G5.3|K06G5.3,0,0
CELE_K06G5.4|21ur-13247,0,0
CELE_K06G5.2|cyp-13B2,304,248
CELE_K04C1.2|K04C1.2,1114,1082
CELE_K04C1.3|K04C1.3,362,316
CELE_K04C1.4|mlc-6,62,32
CELE_K06G5.1|kola-4,24546,13143
CELE_K04C1.5|K04C1.5,3091,2872
CELE_E02H4.7|E02H4.7,206,756
CELE_E02H4.6|E02H4.6,1492,1291
CELE_E02H4.4|E02H4.4,50,287
CELE_E02H4.1|del-1,30,0
CELE_E02H4.9|E02H4.9,0,0
CELE_E02H4.2|E02H4.2,40,45
CELE_C11H1.5|C11H1.5,67,0
CELE_E02H4.3|madd-3,2793,2695
CELE_C11H1.11|C11H1.11,0,0
CELE_C11H1.2|gphr-2,452,359
CELE_C11H1.3|mgrn-1,1477,1258
CELE_C11H1.7|C11H1.7,90,97
CELE_K04G11.8|K04G11.8,0,0
CELE_K04G11.1|K04G11.1,0,0
CELE_K04G11.2|sel-7,164,95
CELE_K04G11.3|K04G11.3,93,83
CELE_C11H1.12|mir-8196.2,0,0
CELE_C11H1.4|prx-1,506,390
CELE_C11H1.9|C11H1.9,494,306
CELE_K04G11.4|wdr-5.2,424,420
CELE_Y60A9A.3|Y60A9A.3,8,12
CELE_Y60A9.2|Y60A9.2,33,15
CELE_Y60A9.3|Y60A9.3,35,28
CELE_K04G11.5|irk-3,151,207
CELE_K04G11.7|K04G11.7,0,0
CELE_Y60A9A.2|21ur-15702,0,0
CELE_T14C1.1|frpr-17,57,30
CELE_T14C1.3|fbxa-179,53,68
CELE_F23D12.10|F23D12.10,261,271
CELE_F23D12.2|F23D12.2,1092,988
CELE_F23D12.9|F23D12.9,25,18
CELE_F23D12.6|fipr-3,160,49
CELE_F23D12.11|F23D12.11,1306,1070
CELE_F23D12.3|F23D12.3,93,93
CELE_F23D12.4|F23D12.4,84,45
CELE_Y66C5A.1|Y66C5A.1,53,29
CELE_F23D12.5|jmjd-3.2,566,574
CELE_F23D12.7|F23D12.7,261,243
CELE_M163.4|gfi-3,1378,1366
CELE_M163.8|M163.8,160,91
CELE_M163.1|M163.1,759,972
CELE_D1025.3|fbxa-141,50,55
CELE_M163.3|his-24,17070,18371
CELE_D1025.2|gcsh-1,282,131
CELE_D1025.10|D1025.10,367,339
CELE_D1025.1|D1025.1,337,355
CELE_T24C2.4|fbxa-81,0,0
CELE_T24C2.6|21ur-12394,0,0
CELE_T24C2.5|T24C2.5,417,716
CELE_T24C2.2|enri-2,343,315
CELE_D1025.6|nspc-16,973,838
CELE_D1025.8|nspc-17,439,310
CELE_D1025.7|nspc-18,912,606
CELE_D1025.9|nspc-19,1043,883
CELE_D1025.4|nspc-20,1092,1074
CELE_H01A20.4|H01A20.4,0,0
CELE_H01A20.1|nhr-3,706,751
CELE_C44H4.8|C44H4.8,16,45
CELE_C44H4.5|tap-1,809,674
CELE_C44H4.12|C44H4.12,0,0
CELE_C44H4.11|C44H4.11,0,0
CELE_C44H4.4|bltp-3B,1727,1545
CELE_C44H4.1|lron-1,75,78
CELE_C44H4.2|let-4,769,741
CELE_C44H4.3|sym-1,4364,4032
CELE_C44H4.7|eor-2,1811,1509
CELE_F54E4.2|F54E4.2,0,0
CELE_F54E4.13|F54E4.13,0,0
CELE_F54E4.4|F54E4.4,24,0
CELE_F54E4.12|F54E4.12,0,0
CELE_F54E4.16|F54E4.16,0,0
CELE_F54E4.3|F54E4.3,562,361
CELE_F54E4.1|rbc-1,6085,5137
CELE_C26G2.9|C26G2.9,0,0
CELE_C26G2.1|syg-2,1084,935
CELE_C26G2.2|C26G2.2,614,537
CELE_C26G2.7|C26G2.7,0,0
CELE_C26G2.T1|C26G2.t1,0,0
CELE_F40E10.4|slt-1,490,352
CELE_F40E10.2|sox-3,83,46
CELE_F40E10.3|csq-1,5132,4458
CELE_F40E10.1|hch-1,2482,2023
CELE_F33C8.9|F33C8.9,1,0
CELE_F40E10.13|F40E10.13,0,0
CELE_F40E10.5|F40E10.5,244,102
CELE_F40E10.6|tmem-184,3956,3726
CELE_F33C8.2|F33C8.2,0,0
CELE_F33C8.3|tsp-8,436,223
CELE_F33C8.5|F33C8.5,0,0
CELE_F33C8.10|F33C8.10,0,0
CELE_F33C8.1|atrn-1,4189,3356
CELE_C05G5.7|C05G5.7,16,12
CELE_C05G5.6|let-7,2,2
CELE_F33C8.4|F33C8.4,224,168
CELE_C05G5.1|C05G5.1,913,491
CELE_C05G5.10|C05G5.10,0,0
CELE_C05G5.3|C05G5.3,138,161
CELE_C05G5.2|wshc-2,1214,1191
CELE_C05G5.9|C05G5.9,0,0
CELE_C05G5.4|sucl-1,4783,3990
CELE_C05G5.5|C05G5.5,123,102
CELE_F42D1.6|F42D1.6,0,0
CELE_Y16B4A.1|unc-3,197,192
CELE_Y16B4A.2|Y16B4A.2,11973,6089
CELE_F42D1.4|F42D1.4,0,0
CELE_F42D1.3|sprr-2,55,73
CELE_F42D1.2|tatn-1,6647,4354
CELE_T04C10.4|atf-4,2926,1503
CELE_T04C10.11|T04C10.11,919,1059
CELE_T04C10.2|epn-1,7811,8510
CELE_T04C10.1|mbk-1,2419,2607
CELE_C27C12.7|dpf-2,3686,2945
CELE_C27C12.2|egrh-1,1670,1452
CELE_C27C12.5|acd-3,171,151
CELE_C27C12.1|C27C12.1,857,722
CELE_C27C12.9|C27C12.9,0,0
CELE_C27C12.6|dmd-4,40,31
CELE_C27C12.4|C27C12.4,1025,1034
CELE_F31F6.15|F31F6.15,0,0
CELE_F31F6.8|sssh-1,14,0
CELE_F31F6.11|F31F6.11,0,0
CELE_F31F6.4|flp-8,415,346
CELE_F31F6.5|daf-6,108,82
CELE_C27C12.3|C27C12.3,1148,1092
CELE_F31F6.1|F31F6.1,704,720
CELE_F31F6.2|F31F6.2,571,487
CELE_F31F6.3|F31F6.3,433,324
CELE_F31F6.6|nac-1,290,228
CELE_Y70D2A.3|Y70D2A.3,0,0
CELE_Y70D2A.2|hex-5,334,291
CELE_F45B8.6|F45B8.6,0,0
CELE_F45B8.4|pag-3,83,63
CELE_F45B8.2|rgs-10,137,135
CELE_F45B8.1|rgs-11,808,703
CELE_F45B8.5|F45B8.5,36,35
CELE_F20D1.22|F20D1.22,161,115
CELE_F14F4.3|mrp-5,6577,6099
CELE_F20D1.15|F20D1.15,0,0
CELE_F20D1.1|flwr-1,2319,1964
CELE_F20D1.2|tbc-1,1648,1568
CELE_F20D1.3|F20D1.3,3133,3584
CELE_F20D1.10|emre-1,656,586
CELE_F20D1.12|F20D1.12,0,0
CELE_F20D1.20|F20D1.20,0,0
CELE_F20D1.19|F20D1.19,0,0
CELE_F20D1.14|F20D1.14,0,0
CELE_F20D1.8|cutl-3,93,74
CELE_F20D1.5|arl-7,91,43
CELE_F20D1.4|plp-2,135,102
CELE_F20D1.6|rbg-1,1753,1650
CELE_F20D1.7|iglr-1,86,44
CELE_C18B12.13|C18B12.13,0,0
CELE_C18B12.15|C18B12.15,0,0
CELE_C18B12.2|seb-3,107,54
CELE_F20D1.18|F20D1.18,0,0
CELE_F20D1.9|slc-25A18.1,1166,876
CELE_C18B12.6|ergi-2,998,750
CELE_H03G16.6|H03G16.6,4,4
CELE_C18B12.5|fbxa-97,157,130
CELE_H03G16.7|H03G16.7,15,14
CELE_H03G16.5|H03G16.5,15,16
CELE_H03G16.4|fbxa-96,24,0
CELE_C18B12.14|C18B12.14,0,0
CELE_C18B12.4|C18B12.4,2807,3179
CELE_H40L08.3|H40L08.3,100,67
CELE_H40L08.4|H40L08.4,0,0
CELE_H40L08.9|H40L08.9,9,0
CELE_H40L08.2|H40L08.2,1932,2432
CELE_H40L08.7|H40L08.7,108,134
CELE_H40L08.8|H40L08.8,1,0
CELE_H40L08.5|H40L08.5,0,0
CELE_F09B12.6|flr-4,134,157
CELE_F09B12.7|F09B12.7,14,10
CELE_H40L08.1|H40L08.1,1931,1582
CELE_F09B12.3|F09B12.3,2268,1008
CELE_F09B12.2|dhhc-1,804,856
CELE_R07D5.2|R07D5.2,115,108
CELE_F09B12.1|mlt-9,794,292
CELE_C11G10.1|C11G10.1,237,347
CELE_C11G10.11|C11G10.11,4,0
CELE_R07D5.1|unc-7,104,0
CELE_R07D5.8|R07D5.8,0,0
CELE_R07D5.7|R07D5.7,0,0
CELE_R07D5.6|R07D5.6,0,0
CELE_R07D5.4|R07D5.4,0,0
CELE_R07D5.5|R07D5.5,0,0
CELE_R07D5.3|R07D5.3,0,0
CELE_C11G10.4|C11G10.4,0,0
CELE_C11G10.13|C11G10.13,0,0
CELE_C11G10.3|C11G10.3,0,2
CELE_C11G10.T1|C11G10.t1,0,0
CELE_C11G10.9|C11G10.9,0,0
CELE_T10B10.9|T10B10.9,0,0
CELE_T10B10.8|T10B10.8,270,350
CELE_T10B10.5|snt-7,59,48
CELE_T10B10.2|ucr-2.2,1914,1868
CELE_T10B10.1|col-41,644,156
CELE_T10B10.3|pkhm-2,2320,2306
CELE_T10B10.4|T10B10.4,696,718
CELE_T10B10.6|phat-6,322,388
CELE_H03A11.1|famk-1,1274,1141
CELE_H03A11.2|H03A11.2,3716,1972
CELE_F39B1.2|mir-1829.3,0,0
CELE_F39B1.3|F39B1.3,0,0
CELE_F39B1.4|F39B1.4,0,0
CELE_F39B1.T2|F39B1.t2,0,0
CELE_F46F2.8|mir-4812,0,0
CELE_F39B1.1|piki-1,3124,3078
CELE_F46F2.6|21ur-13356,0,0
CELE_F46F2.7|21ur-14059,0,0
CELE_F46F2.5|F46F2.5,40,34
CELE_F46F2.3|F46F2.3,1460,1036
CELE_C02D4.2|ser-2,73,36
CELE_C02D4.11|C02D4.11,0,0
CELE_C02D4.3|21ur-14233,0,0
CELE_C02D4.9|C02D4.9,0,0
CELE_C02D4.12|C02D4.12,0,0
CELE_C02D4.4|21ur-10341,0,0
CELE_C02D4.8|C02D4.8,0,0
CELE_C02D4.10|C02D4.10,0,0
CELE_C02D4.13|C02D4.13,0,0
CELE_C02D4.T1|C02D4.t1,0,0
CELE_C02D4.1|jud-4,41,0
CELE_Y15E3A.3|Y15E3A.3,34,0
CELE_F46F2.2|kin-20,2722,2847
CELE_F46F2.10|F46F2.10,0,0
CELE_F46F2.12|F46F2.12,0,0
CELE_F46F2.9|F46F2.9,0,0
CELE_C02D4.5|C02D4.5,0,2
CELE_C02D4.15|C02D4.15,0,0
CELE_C02D4.16|C02D4.16,0,0
CELE_Y15E3A.15|Y15E3A.15,0,0
CELE_Y15E3A.9|Y15E3A.9,0,0
CELE_Y15E3A.10|Y15E3A.10,0,0
CELE_Y15E3A.1|nhr-91,465,473
CELE_Y15E3A.2|glb-28,41,40
CELE_Y15E3A.4|Y15E3A.4,1285,1174
CELE_Y15E3A.7|Y15E3A.7,0,0
CELE_Y15E3A.5|Y15E3A.5,584,839
CELE_C33A11.5|C33A11.5,0,0
CELE_C33A11.1|nfki-1,1399,1484
CELE_F47C8.4|F47C8.4,0,0
CELE_C33A11.2|C33A11.2,598,599
CELE_C33A11.T1|C33A11.t1,2,0
CELE_C33A11.4|svh-5,349,366
CELE_F39D8.3|F39D8.3,68,45
CELE_F39D8.5|F39D8.5,0,0
CELE_F39D8.7|F39D8.7,0,0
CELE_F39D8.4|nas-13,30,0
CELE_R03A10.1|blos-8,237,191
CELE_F39D8.1|pqn-36,350,290
CELE_F39D8.2|psa-3,208,210
CELE_R03A10.8|R03A10.8,0,0
CELE_R03A10.2|flp-32,169,106
CELE_R03A10.3|mocs-1,364,270
CELE_R03A10.4|nkat-3,949,872
CELE_C02C6.4|C02C6.4,0,0
CELE_C02C6.13|C02C6.13,0,0
CELE_C02C6.5|C02C6.5,0,0
CELE_C02C6.11|C02C6.11,0,0
CELE_C02C6.2|olrn-1,393,411
CELE_C02C6.3|lron-3,696,41
CELE_R03A10.13|R03A10.13,0,0
CELE_R03A10.9|R03A10.9,0,0
CELE_R03A10.7|21ur-13292,0,0
CELE_H13N06.8|H13N06.8,0,0
CELE_H13N06.11|H13N06.11,0,0
CELE_H13N06.9|H13N06.9,0,0
CELE_H30A04.6|H30A04.6,0,0
CELE_H30A04.5|H30A04.5,0,0
CELE_H30A04.4|H30A04.4,0,0
CELE_H30A04.7|H30A04.7,0,0
CELE_H30A04.9|H30A04.9,0,0
CELE_H30A04.2|H30A04.2,0,0
CELE_H30A04.10|H30A04.10,0,0
CELE_R03A10.5|R03A10.5,929,754
CELE_R03A10.6|sprr-1,44,53
CELE_C46E1.3|exc-1,52,0
CELE_H13N06.2|H13N06.2,153,110
CELE_H13N06.3|gob-1,2331,2324
CELE_H13N06.4|suox-1,1586,1504
CELE_H13N06.6|tbh-1,12525,11520
CELE_H13N06.5|zipt-7.2,5269,4432
CELE_H30A04.1|eat-20,2598,2244
CELE_C02C6.1|dyn-1,4515,4018
CELE_K09A9.8|K09A9.8,25,74
CELE_K09A9.12|K09A9.12,0,0
CELE_K09A9.6|K09A9.6,665,430
CELE_K09A9.10|K09A9.10,0,0
CELE_K09A9.11|K09A9.11,0,0
CELE_K09A9.5|gas-1,4512,4069
CELE_K09A9.7|mir-1829.1,2,0
CELE_K09A9.4|usp-33,1159,1013
CELE_K09A9.3|ent-2,4106,3368
CELE_K09A9.2|rab-14,2310,1993
CELE_K09A9.1|nipi-3,2567,2932
CELE_K09E9.3|K09E9.3,1211,1265
CELE_K09E9.2|ergi-3,1352,1010
CELE_K09E9.12|K09E9.12,0,0
CELE_K09E9.9|K09E9.9,0,0
CELE_K09E9.4|K09E9.4,105,55
CELE_K09E9.7|K09E9.7,17,0
CELE_K09E9.1|K09E9.1,948,965
CELE_F59D12.5|F59D12.5,283,250
CELE_F59D12.1|pcdr-1,123,98
CELE_F59D12.2|F59D12.2,118,71
CELE_F59D12.10|F59D12.10,0,0
CELE_F59D12.4|gpn-1,111,75
CELE_ZK662.2|ZK662.2,234,65
CELE_C03H12.1|C03H12.1,1267,1311
CELE_C03H12.2|C03H12.2,0,0
CELE_ZK662.8|ZK662.8,0,0
CELE_C03H12.3|C03H12.3,6,11
CELE_ZK662.9|ZK662.9,3,3
CELE_ZK662.6|ZK662.6,12,0
CELE_ZK662.5|ZK662.5,76,51
CELE_ZK662.3|nhr-48,2025,2205
CELE_ZK678.8|bus-17,126,94
CELE_ZK678.T5|ZK678.t5,0,0
CELE_ZK678.T2|ZK678.t2,0,0
CELE_ZK678.T4|ZK678.t4,0,0
CELE_ZK678.10|ZK678.10,0,0
CELE_ZK678.T3|ZK678.t3,0,0
CELE_ZK678.3|ZK678.3,11,0
CELE_ZK678.5|wrt-4,557,129
CELE_ZK662.4|lin-15B,3983,3926
CELE_ZK678.1|lin-15A,1500,1495
CELE_Y7A5A.2|Y7A5A.2,31,29
CELE_Y7A5A.10|Y7A5A.10,9,11
CELE_Y7A5A.25|Y7A5A.25,49,46
CELE_Y7A5A.6|Y7A5A.6,20,48
CELE_Y7A5A.21|Y7A5A.21,0,4
CELE_Y7A5A.20|Y7A5A.20,0,0
CELE_Y7A5A.17|Y7A5A.17,0,0
CELE_F59F4.5|linc-140,0,0
CELE_Y7A5A.15|Y7A5A.15,0,0
CELE_Y7A5A.T5|Y7A5A.t5,0,0
CELE_Y7A5A.1|Y7A5A.1,3797,2643
CELE_F59F4.1|acox-1.6,1118,2123
CELE_F59F4.2|serp-1.1,7474,6164
CELE_F59F4.3|F59F4.3,702,575
CELE_F59F4.4|acl-1,1182,966
CELE_F53H4.6|F53H4.6,609,735
CELE_F53H4.2|F53H4.2,2369,2100
CELE_F53H4.4|F53H4.4,116,129
CELE_F53H4.1|csb-1,1412,1365
CELE_F53H4.5|gmeb-2,161,111
CELE_F53H4.3|F53H4.3,116,45
CELE_F31B9.6|F31B9.6,0,0
CELE_F31B9.5|F31B9.5,0,0
CELE_F31B9.1|npr-33,23,0
CELE_F31B9.4|F31B9.4,0,0
CELE_F31B9.7|F31B9.7,0,0
CELE_F31B9.8|F31B9.8,0,0
CELE_F31B9.3|F31B9.3,666,515
CELE_E03G2.2|mrp-3,1078,1260
CELE_E03G2.4|col-186,64,32
CELE_E03G2.3|mec-5,525,453
CELE_C09G1.5|nssp-89,68,69
CELE_C09G1.6|C09G1.6,0,0
CELE_T22E6.1|T22E6.1,0,0
CELE_C09G1.4|C09G1.4,238,241
CELE_T22E6.2|linc-7,513,270
CELE_B0395.7|B0395.7,0,0
CELE_VB0395L.1|VB0395L.1,82,69
CELE_B0395.1|nhx-1,155,122
CELE_T27A8.7|T27A8.7,0,0
CELE_T27A8.1|cpd-2,586,483
CELE_T27A8.5|T27A8.5,0,0
CELE_T27A8.3|T27A8.3,0,0
CELE_T27A8.2|T27A8.2,369,216
CELE_B0395.2|mboa-1,149,138
CELE_B0395.3|B0395.3,3391,3039
CELE_C30F2.1|col-187,22,16
CELE_C30F2.4|nssp-90,241,83
CELE_C30F2.2|C30F2.2,19,0
CELE_C30F2.3|idpp-14,170,166
CELE_C30F2.5|C30F2.5,222,244
CELE_ZK1073.2|ZK1073.2,146,180
CELE_ZK1073.1|ndrr-2,2056,2919
CELE_F09C8.2|F09C8.2,2963,2791
CELE_F23C11.2|F23C11.2,0,0
CELE_R11.2|nlp-67,59,64
CELE_R11.4|R11.4,137,77
CELE_F09C8.1|F09C8.1,6029,2762
CELE_R11.1|slc-25A21,774,759
CELE_R11.3|R11.3,100,117
CELE_F23A7.1|F23A7.1,77,66
CELE_F23A7.4|F23A7.4,2621,2114
CELE_F23A7.8|F23A7.8,3232,2072
CELE_F23A7.3|F23A7.3,91,121
CELE_F23A7.5|F23A7.5,113,80
CELE_W10G6.1|W10G6.1,7,0
CELE_W10G6.6|W10G6.6,18,0
CELE_F23A7.6|F23A7.6,277,252
CELE_W10G6.4|21ur-12975,0,0
CELE_W10G6.5|W10G6.5,0,0
CELE_F52E10.7|F52E10.7,0,0
CELE_F52E10.T5|F52E10.t5,0,0
CELE_W10G6.2|sgk-1,1344,888
CELE_W10G6.3|mua-6,1873,966
CELE_F52E10.5|ifa-3,963,720
CELE_F52E10.2|F52E10.2,0,0
CELE_T01B4.8|T01B4.8,0,0
CELE_T01B4.T3|T01B4.t3,0,0
CELE_T01B4.4|T01B4.4,0,0
CELE_T01B4.T4|T01B4.t4,0,0
CELE_F52E10.4|F52E10.4,78,90
CELE_F52E10.1|sdc-1,2449,2230
CELE_T01B4.2|twk-22,214,166
CELE_T01B4.3|T01B4.3,333,264
CELE_C11G6.1|taf-3,2561,2401
CELE_C11G6.4|nhr-28,573,529
CELE_C11G6.5|C11G6.5,0,0
CELE_F01G12.19|F01G12.19,0,0
CELE_W09B12.1|ace-1,295,300
CELE_F01G12.8|21ur-15036,0,0
CELE_F01G12.15|F01G12.15,0,0
CELE_F01G12.2|sur-7,1324,1170
CELE_F01G12.T1|F01G12.t1,3,0
CELE_F38E9.6|nssp-91,127,114
CELE_T24D11.4|T24D11.4,0,0
CELE_T24D11.5|T24D11.5,0,0
CELE_F01G12.18|F01G12.18,19,13
CELE_T24D11.1|eat-17,2379,1941
CELE_F38E9.4|F38E9.4,9,0
CELE_F38E9.8|F38E9.8,0,0
CELE_F38E9.5|twf-2,2301,1998
CELE_F01G12.16|F01G12.16,0,0
CELE_F01G12.14|F01G12.14,0,0
CELE_F01G12.17|F01G12.17,0,0
CELE_F01G12.10|F01G12.10,0,0
CELE_F01G12.12|F01G12.12,0,0
CELE_F01G12.5|let-2,29874,21707
CELE_F38E9.10|F38E9.10,0,0
CELE_F38E9.T2|F38E9.t2,0,0
CELE_F38E9.2|nas-39,471,382
CELE_F38E9.1|F38E9.1,1442,1487
CELE_T25D1.3|T25D1.3,46,21
CELE_T25D1.6|linc-20,29,33
CELE_T25D1.2|T25D1.2,0,0
CELE_T25D1.1|T25D1.1,0,0
CELE_K05G3.4|21ur-14875,0,0
CELE_K05G3.5|21ur-12252,0,0
CELE_K05G3.6|K05G3.6,0,0
CELE_K05G3.3|cah-3,2260,1417
CELE_T27B1.2|pat-9,903,908
CELE_K08B5.4|K08B5.4,0,0
CELE_K08B5.T2|K08B5.t2,0,0
CELE_K08B5.1|K08B5.1,91,67
CELE_F59C12.2|ser-1,107,124
CELE_K08B5.T1|K08B5.t1,0,0
CELE_T27B1.1|osm-1,691,670
CELE_K08B5.2|K08B5.2,159,266
CELE_K08B5.5|K08B5.5,1,0
CELE_F59C12.6|F59C12.6,0,2
CELE_F59C12.1|cdh-9,222,198
CELE_F59C12.4|F59C12.4,435,332
CELE_C06G1.2|cpg-19,87,54
CELE_F59C12.7|F59C12.7,0,0
CELE_F59C12.T2|F59C12.t2,0,0
CELE_F59C12.8|F59C12.8,0,0
CELE_F59C12.5|21ur-15586,0,0
CELE_C06G1.12|C06G1.12,0,0
CELE_F59C12.3|F59C12.3,1730,1586
CELE_C06G1.4|ain-1,8724,8200
CELE_C06G1.T1|C06G1.t1,0,0
CELE_C06G1.10|C06G1.10,0,0
CELE_C06G1.8|C06G1.8,0,0
CELE_C06G1.7|C06G1.7,0,0
CELE_F43B10.5|F43B10.5,0,0
CELE_F43B10.4|F43B10.4,0,0
CELE_F43B10.3|F43B10.3,0,0
CELE_C06G1.1|C06G1.1,517,190
CELE_F43B10.1|F43B10.1,1129,931
CELE_F43B10.2|tag-343,834,848
CELE_F22H10.3|F22H10.3,4932,3528
CELE_F22H10.2|F22H10.2,324,124
CELE_F22H10.5|F22H10.5,42,70
CELE_F22H10.10|F22H10.10,11,6
CELE_F22H10.9|F22H10.9,0,0
CELE_F22H10.8|21ur-12708,0,0
CELE_F22H10.6|F22H10.6,332,272
CELE_F22H10.T1|F22H10.t1,71,56
CELE_T21F2.1|lgc-53,40,26
CELE_C10E2.2|C10E2.2,76,86
CELE_C10E2.5|C10E2.5,51,45
CELE_T21F2.2|T21F2.2,0,0
CELE_C10E2.3|hda-4,2236,2282
CELE_T01C8.3|T01C8.3,20,32
CELE_T01C8.2|T01C8.2,360,247
CELE_C10E2.6|mct-6,4475,3862
CELE_T01C8.10|T01C8.10,0,0
CELE_T01C8.11|T01C8.11,0,0
CELE_T01C8.5|got-1.2,3279,2821
CELE_T01C8.9|T01C8.9,0,0
CELE_T01C8.1|aak-2,2901,2992
CELE_T01C8.7|mec-4,39,0
CELE_F41G4.1|dyla-1,76,61
CELE_F41G4.12|linc-144,0,0
CELE_F41G4.9|21ur-14723,0,0
CELE_F41G4.3|sto-5,120,95
CELE_F41G4.5|F41G4.5,57,48
CELE_F41G4.13|F41G4.13,29,18
CELE_F41G4.7|F41G4.7,26,38
CELE_F41G4.8|F41G4.8,261,250
CELE_F41G4.2|cas-1,5035,4942
CELE_T20F7.5|T20F7.5,166,152
CELE_T20F7.3|T20F7.3,49,35
CELE_T20F7.6|aakg-2,1239,1219
CELE_T20F7.1|T20F7.1,1754,1438
CELE_T20F7.7|pkal-1,38,0
CELE_F39F10.2|F39F10.2,0,0
CELE_Y13C8A.3|Y13C8A.3,0,0
CELE_Y13C8A.1|Y13C8A.1,17,15
CELE_Y13C8A.4|Y13C8A.4,155,188
CELE_F39F10.3|F39F10.3,194,238
CELE_F39F10.4|F39F10.4,96,103
CELE_F39F10.6|linc-106,6,0
CELE_C30E1.6|C30E1.6,0,0
CELE_F52G3.4|F52G3.4,0,0
CELE_C30E1.9|C30E1.9,12453,11893
CELE_F52G3.8|F52G3.8,72,41
CELE_F52G3.5|F52G3.5,89,62
CELE_F52G3.1|F52G3.1,4847,4783
CELE_F35B3.3|F35B3.3,0,0
CELE_F35B3.4|dbd-20,158,38
CELE_K02H8.3|K02H8.3,0,0
CELE_K02H8.2|K02H8.2,0,0
CELE_K02H8.6|K02H8.6,0,0
CELE_K02H8.5|K02H8.5,0,0
CELE_K02H8.4|K02H8.4,0,0
CELE_K02H8.1|mbl-1,1809,1501
CELE_F35B3.9|F35B3.9,0,0
CELE_F35B3.8|F35B3.8,0,0
CELE_F35B3.7|F35B3.7,188,252
CELE_F35B3.5|ptrn-1,2406,2448
CELE_C30G4.3|gcy-11,324,319
CELE_C30G4.4|C30G4.4,653,894
CELE_F11C7.8|F11C7.8,0,0
CELE_F11C7.6|F11C7.6,105,104
CELE_F11C7.4|crb-1,1411,1608
CELE_F11C7.1|pbo-6,72,37
CELE_C08A9.2|C08A9.2,0,0
CELE_C08A9.3|C08A9.3,0,0
CELE_C08A9.12|C08A9.12,0,0
CELE_K09E3.2|K09E3.2,0,0
CELE_K09E3.4|K09E3.4,0,0
CELE_T23C6.6|T23C6.6,0,0
CELE_B0302.7|B0302.7,0,0
CELE_B0302.1|sid-3,3123,3061
CELE_T08G2.9|T08G2.9,0,0
CELE_T08G2.8|T08G2.8,0,0
CELE_T08G2.7|T08G2.7,0,0
CELE_T08G2.6|T08G2.6,0,0
CELE_T08G2.5|T08G2.5,0,0
CELE_T08G2.4|T08G2.4,0,0
CELE_T25G12.15|T25G12.15,0,0
CELE_T25G12.14|linc-155,0,0
CELE_T25G12.12|21ur-13122,0,0
CELE_Y40C7B.10|Y40C7B.10,0,0
CELE_Y40C7B.9|Y40C7B.9,0,0
CELE_Y40C7B.8|Y40C7B.8,0,0
CELE_Y40C7B.7|Y40C7B.7,0,0
CELE_Y40C7B.6|21ur-12879,0,0
CELE_C33E10.11|C33E10.11,0,0
CELE_C33E10.7|C33E10.7,0,0
CELE_C33E10.9|C33E10.9,0,0
CELE_C33E10.12|C33E10.12,0,0
CELE_C53C11.4|C53C11.4,0,0
CELE_C53C11.7|C53C11.7,0,0
CELE_C53C11.6|21ur-14094,0,0
CELE_F10D7.7|F10D7.7,0,0
CELE_F10D7.4|F10D7.4,0,0
CELE_F10D7.5|F10D7.5,1974,2126
CELE_F10D7.9|F10D7.9,0,0
CELE_F10D7.6|F10D7.6,0,0
CELE_F10D7.8|F10D7.8,0,0
CELE_C30G4.6|irld-23,14,0
CELE_C08A9.10|C08A9.10,1479,1457
CELE_C08A9.11|C08A9.11,73,45
CELE_C08A9.1|sod-3,225,160
CELE_C08A9.6|lido-1,481,414
CELE_C08A9.7|lido-2,217,182
CELE_C08A9.8|lido-3,95,76
CELE_C08A9.9|lido-4,80,92
CELE_K09E3.5|lido-5,297,304
CELE_K09E3.6|lido-6,80,82
CELE_K09E3.7|K09E3.7,835,996
CELE_T23C6.3|cnp-3,1108,1196
CELE_T23C6.4|T23C6.4,899,903
CELE_T23C6.1|mdt-1.2,842,688
CELE_T23C6.5|npr-21,66,86
CELE_B0302.4|B0302.4,14,6
CELE_B0302.2|B0302.2,8,0
CELE_B0302.5|B0302.5,1731,926
CELE_T08G2.2|T08G2.2,128,101
CELE_T08G2.3|acdh-10,8416,7835
CELE_T25G12.5|acdh-7,6657,5933
CELE_T25G12.4|rab-6.2,1595,1338
CELE_T25G12.6|T25G12.6,454,226
CELE_T25G12.7|dhs-30,1824,1735
CELE_T25G12.3|T25G12.3,232,158
CELE_T25G12.11|T25G12.11,13,33
CELE_T25G12.13|T25G12.13,41,21
CELE_T25G12.1|T25G12.1,55,30
CELE_Y40C7B.4|Y40C7B.4,19,9
CELE_C33E10.3|C33E10.3,85,95
CELE_C33E10.2|fbxa-120,157,168
CELE_C33E10.1|C33E10.1,93,82
CELE_C53C11.3|ptr-5,401,404
CELE_C53C11.5|C53C11.5,491,394
CELE_C53C11.2|C53C11.2,127,61
CELE_C53C11.1|C53C11.1,23,19
CELE_F10D7.1|npr-36,79,52
CELE_F10D7.11|F10D7.11,20,0
CELE_F10D7.2|mfsd-10,964,658
CELE_F10D7.3|F10D7.3,853,1408
CELE_F10D7.10|F10D7.10,44,45
CELE_F11C7.3|vap-1,411,349
CELE_F11C7.2|F11C7.2,151,132
CELE_F11C7.7|F11C7.7,15,20
CELE_F11C7.9|F11C7.9,0,0
CELE_F11C7.5|osm-11,16114,13524
CELE_F11C7.10|linc-48,7,0
CELE_C36E6.8|C36E6.8,60,0
CELE_C36E6.1|fubl-3,2970,2446
CELE_C36E6.2|C36E6.2,811,833
CELE_C36E6.5|mlc-2,19328,16142
CELE_C36E6.3|mlc-1,12939,9596
CELE_ZK54.1|slc-17.1,458,442
CELE_ZK54.3|ZK54.3,25,0
CELE_ZK54.2|tps-1,2362,2890
CELE_R106.3|21ur-14750,0,0
CELE_R106.2|npr-24,84,79
CELE_R106.8|R106.8,3245,3007
CELE_R09G11.1|sup-10,59,38
CELE_F31A3.3|F31A3.3,31,65
CELE_F31A3.4|hlh-29,16,32
CELE_F31A3.1|abu-3,0,0
CELE_R09G11.3|R09G11.3,0,0
CELE_R09G11.2|nhr-1,1386,1310
CELE_F39B3.4|F39B3.4,0,0
CELE_F39B3.3|F39B3.3,0,0
CELE_F39B3.7|F39B3.7,9,8
CELE_F39B3.2|frpr-7,106,110
CELE_F31A3.5|F31A3.5,1260,1165
CELE_C16H3.1|ncs-7,0,0
CELE_H18N23.2|H18N23.2,1303,1029
CELE_T23E7.4|nlp-6,402,447
CELE_C16H3.8|mir-2217.2,0,0
CELE_C16H3.2|lec-9,9285,5320
CELE_C16H3.3|C16H3.3,1409,1288
CELE_H11L12.1|H11L12.1,94,124
CELE_F20B4.6|cgt-2,421,306
CELE_CTEL55X.1|cTel55X.1,2178,2029
CELE_T23E7.7|21ur-12330,0,0
CELE_T23E7.2|T23E7.2,4607,3930
CELE_T23E7.6|T23E7.6,1091,1239
KEF34_t03,0,0
KEF34_t04,0,0
KEF34_t05,0,0
KEF34_t06,0,0
KEF34_p12|ND6,48,60
KEF34_r02,541,492
KEF34_t07,21,17
KEF34_p10|ND1,15507,12608
KEF34_p09|ATP6,8913,8403
KEF34_t10,1,0
KEF34_p08|ND2,27,26
KEF34_t15,0,0
KEF34_t18,0,0
KEF34_t19,0,0
KEF34_t20,0,0
KEF34_p07|CYTB,38982,33324
KEF34_p06|COX3,63139,55604
KEF34_p05|ND4,9225,7275
KEF34_p04|COX1,121489,106315
KEF34_p03|COX2,22251,20831
KEF34_r01,597,732
KEF34_p02|ND3,25,14
KEF34_p01|ND5,10540,10299
CELE_F53G12.14|21ur-13877,0,0
CELE_F56C11.7|F56C11.7,0,0
CELE_T13E5.1|T13E5.1,0,0
CELE_C53D5.8|21ur-15400,0,0
CELE_C53D5.7|21ur-13405,0,0
CELE_Y65B4BL.8|Y65B4BL.8,0,0
CELE_Y65B4BL.11|Y65B4BL.11,0,0
CELE_Y65B4BL.12|Y65B4BL.12,0,0
CELE_Y65B4BR.10|Y65B4BR.10,0,0
CELE_Y65B4BR.9|ceh-9,0,14
CELE_F56A6.8|F56A6.8,0,0
CELE_F56A6.7|F56A6.7,0,0
CELE_F56A6.6|F56A6.6,0,0
CELE_T06A4.6|T06A4.6,0,0
CELE_T06A4.7|T06A4.7,0,0
CELE_Y73A3A.1|Y73A3A.1,0,0
CELE_Y73A3A.2|Y73A3A.2,0,0
CELE_F54A5.4|F54A5.4,0,0
CELE_F54A5.5|F54A5.5,0,0
CELE_ZK993.5|ZK993.5,0,0
CELE_ZK993.4|ZK993.4,0,0
CELE_Y48G8AL.18|Y48G8AL.18,0,0
CELE_Y48G8AL.17|Y48G8AL.17,0,0
CELE_F37F2.4|F37F2.4,0,0
CELE_Y71G12B.33|Y71G12B.33,0,0
CELE_Y20F4.11|Y20F4.11,0,0
CELE_Y37E3.27|Y37E3.27,0,0
CELE_F12B6.3|lgc-51,0,0
CELE_F12B6.4|21ur-15161,0,0
CELE_Y39G10AR.22|srbc-64,0,0
CELE_Y39G10AR.23|nspa-12,0,0
CELE_Y39G10AR.24|Y39G10AR.24,0,0
CELE_Y39G10AR.26|Y39G10AR.26,0,0
CELE_F23C8.2|F23C8.2,0,0
CELE_Y23H5B.13|Y23H5B.13,0,0
CELE_Y23H5B.10|Y23H5B.10,0,0
CELE_Y23H5B.11|21ur-15102,0,0
CELE_Y23H5B.9|nspd-8,0,0
CELE_K07A3.5|K07A3.5,0,0
CELE_K07A3.4|K07A3.4,0,0
CELE_F40E3.3|F40E3.3,0,0
CELE_F32B5.17|F32B5.17,0,0
CELE_F32B5.13|F32B5.13,0,0
CELE_F32B5.14|F32B5.14,0,0
CELE_F32B5.15|F32B5.15,0,0
CELE_F32B5.3|F32B5.3,0,0
CELE_Y71F9B.21|Y71F9B.21,0,0
CELE_W10C8.14|W10C8.14,0,0
CELE_W10C8.8|W10C8.8,0,0
CELE_W10C8.12|W10C8.12,0,0
CELE_W10C8.13|W10C8.13,0,0
CELE_W10C8.16|W10C8.16,0,0
CELE_W10C8.15|W10C8.15,0,0
CELE_W10C8.9|W10C8.9,0,0
CELE_W10C8.7|W10C8.7,0,0
CELE_W10C8.11|W10C8.11,0,0
CELE_Y71F9AL.21|Y71F9AL.21,0,0
CELE_Y71F9AR.7|Y71F9AR.7,0,0
CELE_Y71F9AR.9|Y71F9AR.9,0,0
CELE_Y71F9AR.8|Y71F9AR.8,0,0
CELE_Y71F9AR.5|Y71F9AR.5,0,0
CELE_Y71F9AR.6|Y71F9AR.6,0,0
CELE_C45E1.7|C45E1.7,0,0
CELE_K09H9.10|linc-167,0,0
CELE_K09H9.9|K09H9.9,0,0
CELE_Y54E10A.13|Y54E10A.13,0,0
CELE_Y54E10A.28|Y54E10A.28,0,0
CELE_Y54E10A.19|Y54E10A.19,0,0
CELE_Y54E10A.20|Y54E10A.20,0,0
CELE_Y54E10A.22|Y54E10A.22,0,0
CELE_T28F2.T1|T28F2.t1,0,0
CELE_T12F5.6|21ur-11567,0,0
CELE_T20F5.1|T20F5.1,0,0
CELE_T21E3.2|T21E3.2,0,0
CELE_F47B3.9|F47B3.9,0,0
CELE_H31G24.1|H31G24.1,0,0
CELE_R12E2.18|R12E2.18,0,0
CELE_R12E2.16|sls-2.4,0,0
CELE_Y47D9A.3|Y47D9A.3,0,0
CELE_T03A1.5|T03A1.5,0,0
CELE_ZK973.5|acr-6,0,0
CELE_C41D11.10|C41D11.10,0,0
CELE_T01A4.4|21ur-14920,0,0
CELE_Y119C1B.13|Y119C1B.13,0,0
CELE_Y119C1B.11|Y119C1B.11,0,0
CELE_C46H11.3|C46H11.3,0,0
CELE_C46H11.1|C46H11.1,0,0
CELE_C30F8.7|linc-156,0,0
CELE_C01G8.10|C01G8.10,0,0
CELE_F48C1.10|21ur-12374,0,0
CELE_F55A12.16|F55A12.16,0,0
CELE_F55A12.13|F55A12.13,0,0
CELE_C24A11.13|C24A11.13,0,0
CELE_F27C1.17|F27C1.17,0,0
CELE_F27C1.16|F27C1.16,0,0
CELE_F27C1.14|21ur-11585,0,0
CELE_F27C1.15|21ur-14376,0,0
CELE_T05E8.4|21ur-13508,0,0
CELE_C09D4.6|C09D4.6,0,0
CELE_C09D4.8|C09D4.8,0,0
CELE_F59A3.14|F59A3.14,0,0
CELE_F59A3.11|21ur-13310,0,0
CELE_T19B4.9|T19B4.9,0,0
CELE_T19B4.8|T19B4.8,0,0
CELE_F56H1.11|F56H1.11,0,0
CELE_B0414.12|B0414.12,0,0
CELE_B0414.11|B0414.11,0,0
CELE_B0414.10|B0414.10,0,0
CELE_F33D11.6|F33D11.6,0,0
CELE_C34G6.13|C34G6.13,0,0
CELE_C34G6.12|C34G6.12,0,0
CELE_C34G6.10|C34G6.10,0,0
CELE_Y76G2B.1|Y76G2B.1,0,0
CELE_B0207.16|B0207.16,0,0
CELE_C27A12.12|C27A12.12,0,0
CELE_C27A12.T1|C27A12.t1,0,0
CELE_T27A3.10|21ur-14839,0,0
CELE_T27A3.11|T27A3.11,0,0
CELE_F56F4.6|abt-6,0,0
CELE_F56F4.1|ttr-58,0,0
CELE_T09B4.21|T09B4.21,0,2
CELE_T09B4.12|mir-235,0,0
CELE_T09B4.19|T09B4.19,0,0
CELE_T09B4.T2|T09B4.t2,0,0
CELE_T09B4.T1|T09B4.t1,0,0
CELE_T09B4.23|rrn-4.16,0,0
CELE_T09B4.16|T09B4.16,0,0
CELE_T09B4.11|mir-1,0,0
CELE_T09B4.14|T09B4.14,0,0
CELE_T09B4.17|T09B4.17,0,0
CELE_T09B4.13|T09B4.13,0,0
CELE_T05E7.6|21ur-14010,0,0
CELE_T05E7.2|col-55,0,0
CELE_C10G11.13|C10G11.13,0,0
CELE_C10G11.3|srh-51,0,0
CELE_C10G11.16|C10G11.16,0,0
CELE_F26B1.6|srg-14,0,0
CELE_ZC328.6|ZC328.6,0,0
CELE_ZC328.7|ZC328.7,0,0
CELE_R10A10.1|R10A10.1,0,0
CELE_F37E3.4|F37E3.4,0,0
CELE_F37E3.5|F37E3.5,0,0
CELE_K06A5.10|K06A5.10,0,0
CELE_C55B7.4|acdh-1,0,0
CELE_F48A9.5|F48A9.5,0,0
CELE_D2092.13|D2092.13,0,0
CELE_D2092.10|D2092.10,0,0
CELE_C17F3.4|C17F3.4,0,0
CELE_T23B3.7|T23B3.7,0,0
CELE_W02D3.6|ant-1.2,0,0
CELE_C37A2.9|C37A2.9,0,0
CELE_C48B6.13|C48B6.13,0,0
CELE_C30F12.8|C30F12.8,0,0
CELE_VF15C11L.2|VF15C11L.2,0,0
CELE_VF15C11L.1|VF15C11L.1,0,0
CELE_F15C11.7|F15C11.7,0,0
CELE_F15C11.6|F15C11.6,0,0
CELE_F15C11.5|F15C11.5,0,0
CELE_F15C11.3|21ur-15531,0,0
CELE_F22D6.17|F22D6.17,0,0
CELE_F22D6.18|F22D6.18,0,0
CELE_K10D3.8|K10D3.8,0,0
CELE_M05B5.9|M05B5.9,0,0
CELE_M05B5.8|M05B5.8,0,0
CELE_M05B5.10|M05B5.10,0,0
CELE_C01H6.10|C01H6.10,0,0
CELE_F21C3.10|F21C3.10,0,0
CELE_F21C3.9|21ur-14201,0,0
CELE_F13G3.14|F13G3.14,0,0
CELE_F13G3.13|F13G3.13,0,0
CELE_F52A8.7|21ur-13600,0,0
CELE_F07A5.8|linc-141,0,0
CELE_C26C6.14|C26C6.14,0,0
CELE_H15M21.1|H15M21.1,0,0
CELE_F29D11.3|F29D11.3,0,0
CELE_F26A3.9|21ur-14981,0,0
CELE_F27D4.T1|F27D4.t1,0,0
CELE_F58H10.2|21ur-12039,0,0
CELE_D2005.9|D2005.9,0,0
CELE_R11A5.8|R11A5.8,0,0
CELE_T28B8.11|T28B8.11,0,0
CELE_T28B8.8|21ur-14822,0,0
CELE_T28B8.7|21ur-11977,0,0
CELE_H31B20.2|H31B20.2,0,0
CELE_F52B5.10|F52B5.10,0,0
CELE_F52B5.8|21ur-15539,0,0
CELE_F10D11.8|F10D11.8,0,0
CELE_F10D11.7|F10D11.7,0,0
CELE_D1081.16|D1081.16,0,0
CELE_D1081.15|D1081.15,0,0
CELE_D1081.13|21ur-12971,0,0
CELE_D1081.3|D1081.3,0,0
CELE_D1081.18|D1081.18,0,0
CELE_D1081.14|D1081.14,0,0
CELE_K02B12.10|K02B12.10,0,0
CELE_F43G9.19|F43G9.19,0,0
CELE_F43G9.14|F43G9.14,0,0
CELE_T05F1.15|T05F1.15,0,0
CELE_C04F12.14|21ur-15317,0,0
CELE_C04F12.17|C04F12.17,0,0
CELE_C04F12.15|C04F12.15,0,0
CELE_C16C2.10|C16C2.10,0,0
CELE_C16C2.9|C16C2.9,0,2
CELE_C16C2.6|C16C2.6,0,0
CELE_C16C2.5|C16C2.5,0,0
CELE_K02A11.8|K02A11.8,0,0
CELE_K02A11.12|K02A11.12,0,0
CELE_K02A11.11|K02A11.11,0,0
CELE_K02A11.5|K02A11.5,0,0
CELE_K02A11.6|K02A11.6,0,0
CELE_F35C12.6|F35C12.6,0,0
CELE_F35C12.4|F35C12.4,0,0
CELE_F35C12.5|F35C12.5,0,0
CELE_K10C3.8|K10C3.8,0,0
CELE_T23H4.T1|T23H4.t1,0,0
CELE_T23H4.4|21ur-13318,0,0
CELE_F52F12.15|F52F12.15,0,0
CELE_F52F12.16|F52F12.16,0,0
CELE_F52F12.14|F52F12.14,0,0
CELE_F52F12.19|F52F12.19,0,0
CELE_F52F12.17|F52F12.17,0,0
CELE_F52F12.10|21ur-15327,0,0
CELE_Y106G6A.8|Y106G6A.8,0,0
CELE_Y106G6A.6|Y106G6A.6,0,0
CELE_Y106G6A.9|Y106G6A.9,0,0
CELE_Y106G6A.7|Y106G6A.7,0,0
CELE_T24D1.6|T24D1.6,0,0
CELE_T23D8.10|T23D8.10,0,0
CELE_C03C11.7|C03C11.7,0,0
CELE_C03C11.6|C03C11.6,0,0
CELE_C03C11.3|21ur-9589,0,0
CELE_C03C11.4|21ur-11603,0,0
CELE_C03C11.5|C03C11.5,0,0
CELE_C03C11.8|C03C11.8,0,0
CELE_F10G8.4|eak-6,0,0
CELE_Y106G6C.1|Y106G6C.1,0,0
CELE_B0379.8|B0379.8,0,0
CELE_B0379.11|B0379.11,0,0
CELE_B0379.10|B0379.10,0,0
CELE_B0379.13|B0379.13,0,0
CELE_Y106G6D.10|Y106G6D.10,0,0
CELE_Y106G6D.T1|Y106G6D.t1,0,0
CELE_Y106G6D.9|Y106G6D.9,0,0
CELE_C25A1.18|C25A1.18,0,0
CELE_C25A1.19|linc-171,0,0
CELE_C25A1.17|C25A1.17,0,0
CELE_C25A1.15|C25A1.15,0,0
CELE_Y106G6E.1|Y106G6E.1,0,0
CELE_Y106G6E.8|Y106G6E.8,0,0
CELE_Y106G6E.7|Y106G6E.7,0,0
CELE_ZC247.7|ZC247.7,0,0
CELE_ZC247.8|ZC247.8,0,0
CELE_F25D7.7|F25D7.7,0,0
CELE_F25D7.9|F25D7.9,0,0
CELE_F25D7.11|F25D7.11,0,0
CELE_F25D7.8|F25D7.8,0,0
CELE_F25D7.6|F25D7.6,0,0
CELE_Y106G6H.17|Y106G6H.17,0,0
CELE_F59C6.17|F59C6.17,0,0
CELE_B0511.17|B0511.17,0,0
CELE_B0205.2|srz-85,0,0
CELE_B0205.15|B0205.15,0,0
CELE_B0205.14|B0205.14,0,11
CELE_H36N01.1|H36N01.1,0,0
CELE_H36N01.4|H36N01.4,0,0
CELE_C35E7.7|C35E7.7,0,0
CELE_Y37F4.3|Y37F4.3,0,0
CELE_Y37F4.13|Y37F4.13,0,0
CELE_Y37F4.4|Y37F4.4,0,0
CELE_Y37F4.2|Y37F4.2,0,0
CELE_Y37F4.11|Y37F4.11,0,0
CELE_Y37F4.12|Y37F4.12,0,0
CELE_Y37F4.9|mir-1817,0,0
CELE_T27C10.9|T27C10.9,0,0
CELE_T27C10.2|srt-62,0,0
CELE_F49D11.3|F49D11.3,0,0
CELE_Y95D11A.4|Y95D11A.4,0,0
CELE_Y95D11A.T1|Y95D11A.t1,0,0
CELE_Y95D11A.5|Y95D11A.5,0,0
CELE_ZK39.4|clec-93,0,0
CELE_ZK39.11|ZK39.11,0,0
CELE_ZK39.13|ZK39.13,0,0
CELE_ZK39.9|ZK39.9,0,0
CELE_ZK39.3|clec-94,0,12
CELE_ZK39.5|clec-96,0,0
CELE_F28D9.6|F28D9.6,0,0
CELE_Y53H1A.3|clec-100,0,0
CELE_Y53H1A.6|Y53H1A.6,0,0
CELE_F46A8.5|F46A8.5,0,10
CELE_F46A8.4|F46A8.4,0,0
CELE_F46A8.3|F46A8.3,0,0
CELE_F46A8.6|F46A8.6,0,0
CELE_F46A8.12|F46A8.12,0,0
CELE_F36D1.13|F36D1.13,0,0
CELE_F36D1.14|F36D1.14,0,0
CELE_F36D1.11|F36D1.11,0,0
CELE_F36D1.10|F36D1.10,0,0
CELE_F36D1.15|F36D1.15,0,0
CELE_F36D1.2|sre-22,0,0
CELE_F36D1.20|F36D1.20,0,0
CELE_F36D1.21|F36D1.21,0,0
CELE_F36D1.22|F36D1.22,0,0
CELE_F36D1.17|F36D1.17,0,0
CELE_F36D1.19|F36D1.19,0,0
CELE_F36D1.3|sru-47,0,0
CELE_F36D1.18|F36D1.18,0,0
CELE_F36D1.16|F36D1.16,0,0
CELE_Y53H1B.6|clpr-4,0,0
CELE_H25P06.4|clpr-3,0,0
CELE_M04D5.5|M04D5.5,0,0
CELE_M04D5.6|M04D5.6,0,0
CELE_C27C7.12|C27C7.12,0,0
CELE_C27C7.10|C27C7.10,0,0
CELE_K08C9.10|K08C9.10,0,0
CELE_K08C9.9|K08C9.9,0,0
CELE_K08C9.6|K08C9.6,0,0
CELE_F32B4.6|abhd-11.1,0,0
CELE_F15D3.5|F15D3.5,0,0
CELE_F15D3.T1|F15D3.t1,0,0
CELE_C17D12.12|C17D12.12,0,0
CELE_C17D12.13|C17D12.13,0,0
CELE_C17D12.16|C17D12.16,0,0
CELE_C17D12.9|C17D12.9,0,0
CELE_Y47H9A.5|Y47H9A.5,0,0
CELE_Y47H9A.2|Y47H9A.2,0,0
CELE_Y47H9A.4|Y47H9A.4,0,0
CELE_Y47H9A.3|Y47H9A.3,0,0
CELE_W04G5.3|W04G5.3,0,0
CELE_W04G5.6|kin-23,0,0
CELE_W04G5.12|W04G5.12,0,0
CELE_W04G5.16|W04G5.16,0,0
CELE_W04G5.11|W04G5.11,0,0
CELE_W04G5.7|W04G5.7,0,0
CELE_W04G5.14|W04G5.14,0,0
CELE_F11A6.16|F11A6.16,0,0
CELE_F11A6.8|F11A6.8,0,0
CELE_F11A6.11|F11A6.11,0,0
CELE_F11A6.5|F11A6.5,0,0
CELE_F11A6.9|F11A6.9,0,0
CELE_F11A6.13|F11A6.13,0,0
CELE_F11A6.4|F11A6.4,0,0
CELE_F11A6.10|F11A6.10,0,0
CELE_F11A6.14|F11A6.14,0,0
CELE_F11A6.7|F11A6.7,0,0
CELE_F11A6.6|F11A6.6,0,0
CELE_F35E2.11|F35E2.11,0,0
CELE_F35E2.1|F35E2.1,0,0
CELE_M01G12.11|M01G12.11,0,0
CELE_M01G12.16|M01G12.16,0,0
CELE_M01G12.10|M01G12.10,0,0
CELE_M01G12.15|M01G12.15,0,0
CELE_M01G12.6|M01G12.6,0,0
CELE_M01G12.4|srw-111,0,0
CELE_M01G12.3|srt-21,0,0
CELE_M01G12.5|M01G12.5,0,0
CELE_M01G12.2|M01G12.2,0,0
CELE_M01G12.13|sri-13,0,0
CELE_F15H9.T1|F15H9.t1,0,0
CELE_R05D7.9|R05D7.9,0,0
CELE_C15C6.5|C15C6.5,0,0
CELE_C15C6.T1|C15C6.t1,0,0
CELE_F14B6.8|F14B6.8,0,0
CELE_F14B6.T2|F14B6.t2,0,0
CELE_F14B6.T1|F14B6.t1,0,0
CELE_F14B6.5|oac-16,0,0
CELE_F41D3.1|nhr-82,0,0
CELE_F41D3.2|oac-26,0,0
CELE_F41D3.3|nhr-265,0,0
CELE_F41D3.5|oac-28,0,0
CELE_F41D3.13|F41D3.13,0,0
CELE_F41D3.10|oac-25,0,0
CELE_F41D3.12|F41D3.12,0,0
CELE_F56H6.1|F56H6.1,0,0
CELE_F56H6.16|F56H6.16,0,0
CELE_F56H6.7|F56H6.7,0,0
CELE_F56H6.8|clec-18,0,0
CELE_F56H6.9|F56H6.9,0,0
CELE_F56H6.11|oac-35,0,0
CELE_F56H6.12|oac-36,0,0
CELE_C47F8.3|C47F8.3,0,0
CELE_C47F8.6|C47F8.6,0,0
CELE_C47F8.5|C47F8.5,0,0
CELE_C47F8.9|C47F8.9,0,0
CELE_C47F8.10|C47F8.10,0,0
CELE_C47F8.7|C47F8.7,0,0
CELE_T09E11.2|nhr-217,0,0
CELE_T09E11.10|T09E11.10,0,0
CELE_T09E11.9|T09E11.9,0,0
CELE_T09E11.8|gtnt-43,0,0
CELE_T09E11.7|oac-45,0,0
CELE_T09E11.14|T09E11.14,0,0
CELE_T09E11.5|oac-44,0,0
CELE_T09E11.4|oac-43,0,0
CELE_T09E11.13|T09E11.13,0,0
CELE_T09E11.12|T09E11.12,0,0
CELE_T09E11.6|T09E11.6,0,0
CELE_T09E11.3|T09E11.3,0,0
CELE_T15D6.1|T15D6.1,0,0
CELE_T15D6.4|bgnt-1.7,0,0
CELE_T15D6.3|gly-17,0,0
CELE_T15D6.2|gly-16,0,0
CELE_T15D6.5|T15D6.5,0,0
CELE_T15D6.6|nhr-77,0,0
CELE_T15D6.7|glct-3,0,0
CELE_T15D6.8|T15D6.8,0,0
CELE_T15D6.9|T15D6.9,0,0
CELE_T15D6.12|gtnt-46,0,0
CELE_E03H4.2|E03H4.2,0,0
CELE_E03H4.3|E03H4.3,0,0
CELE_E03H4.4|E03H4.4,0,0
CELE_E03H4.5|gtnt-19,0,0
CELE_E03H4.6|nhr-174,0,0
CELE_E03H4.7|oac-13,0,0
CELE_E03H4.12|glct-2,0,0
CELE_E03H4.13|nhr-89,0,0
CELE_C54C8.1|nhr-169,0,0
CELE_C54C8.5|glct-5,0,0
CELE_C54C8.6|lys-9,0,0
CELE_C54C8.11|gly-15,0,0
CELE_W02D9.8|W02D9.8,0,0
CELE_F33E2.7|F33E2.7,0,0
CELE_F33E2.6|F33E2.6,0,0
CELE_F33E2.12|F33E2.12,0,0
CELE_F33E2.11|F33E2.11,0,0
CELE_F33E2.9|mir-795,0,0
CELE_T07D10.7|mir-794,0,0
CELE_T07D10.T1|T07D10.t1,0,0
CELE_T07D10.9|mir-1823,0,0
CELE_T26E3.6|T26E3.6,0,0
CELE_T26E3.13|T26E3.13,0,0
CELE_T26E3.15|T26E3.15,0,0
CELE_T26E3.16|T26E3.16,0,0
CELE_T26E3.12|T26E3.12,0,0
CELE_F28C12.1|sra-17,0,0
CELE_F28C12.6|F28C12.6,0,6
CELE_F28C12.2|sra-18,0,0
CELE_F28C12.3|sra-19,0,0
CELE_F28C12.4|sra-20,0,0
CELE_F28C12.8|F28C12.8,0,0
CELE_F28C12.5|sra-21,0,0
CELE_F28C12.7|sra-22,0,0
CELE_T06G6.1|sra-23,0,0
CELE_T06G6.2|sra-24,0,0
CELE_T06G6.5|T06G6.5,0,0
CELE_T06G6.14|T06G6.14,0,0
CELE_T06G6.13|T06G6.13,0,0
CELE_Y18D10A.26|Y18D10A.26,0,0
CELE_Y18D10A.4|Y18D10A.4,0,0
CELE_Y18D10A.24|clec-105,0,0
CELE_Y18D10A.27|Y18D10A.27,0,0
CELE_Y26D4A.4|clec-107,0,0
CELE_Y26D4A.15|Y26D4A.15,0,0
CELE_Y26D4A.16|Y26D4A.16,0,0
CELE_Y26D4A.5|Y26D4A.5,0,0
CELE_Y26D4A.17|Y26D4A.17,0,0
CELE_Y26D4A.18|Y26D4A.18,0,0
CELE_Y26D4A.22|Y26D4A.22,0,0
CELE_Y26D4A.19|Y26D4A.19,0,0
CELE_Y26D4A.6|clec-108,0,0
CELE_Y26D4A.12|Y26D4A.12,0,0
CELE_C17H1.3|pals-2,0,0
CELE_C17H1.11|pals-10,0,0
CELE_C17H1.1|C17H1.1,0,0
CELE_C17H1.9|pals-8,0,0
CELE_C17H1.28|21ur-13937,0,0
CELE_C17H1.13|pals-11,0,0
CELE_C17H1.12|C17H1.12,0,0
CELE_C17H1.10|pals-9,0,0
CELE_F17B5.10|F17B5.10,0,0
CELE_F17B5.3|clec-109,0,0
CELE_F17B5.5|clec-110,0,0
CELE_ZK1225.9|ZK1225.9,0,0
CELE_ZK1225.10|ZK1225.10,0,0
CELE_ZK1225.12|ZK1225.12,0,0
CELE_ZK1053.1|ZK1053.1,0,0
CELE_ZK1053.7|ZK1053.7,0,0
CELE_M01E5.8|M01E5.8,0,0
CELE_M01E5.T1|M01E5.t1,0,0
CELE_M01E5.7|sls-2.9,0,0
CELE_T04D3.10|T04D3.10,0,0
CELE_T04D3.T3|T04D3.t3,0,0
CELE_W08E3.5|W08E3.5,0,0
CELE_C01A2.9|C01A2.9,0,0
CELE_C01A2.8|C01A2.8,0,0
CELE_W09C5.15|W09C5.15,0,0
CELE_W04A4.4|clpr-1,0,0
CELE_W04A4.3|W04A4.3,0,0
CELE_Y6B3B.2|Y6B3B.2,0,0
CELE_Y6B3B.11|hsd-1,0,0
CELE_W09G3.11|mir-2218.2,0,0
CELE_Y71A12B.5|clec-111,0,0
CELE_Y71A12B.6|clec-112,0,0
CELE_Y71A12B.33|Y71A12B.33,0,0
CELE_Y71A12B.25|Y71A12B.25,0,0
CELE_Y71A12B.24|Y71A12B.24,0,0
CELE_Y71A12B.30|Y71A12B.30,0,0
CELE_Y71A12B.31|Y71A12B.31,0,0
CELE_ZC334.13|ZC334.13,0,0
CELE_ZC334.17|ZC334.17,0,0
CELE_Y71A12C.1|nhr-276,0,0
CELE_Y71A12C.4|Y71A12C.4,0,0
CELE_Y71A12C.3|Y71A12C.3,0,0
CELE_F47G4.8|F47G4.8,0,0
CELE_F47G4.1|clec-113,0,0
CELE_F47G4.9|F47G4.9,0,0
CELE_F47G4.10|F47G4.10,0,0
CELE_F47G4.13|F47G4.13,0,0
CELE_C49A1.9|clec-114,0,0
CELE_C49A1.13|C49A1.13,0,0
CELE_C49A1.16|C49A1.16,0,0
CELE_C49A1.17|C49A1.17,0,0
CELE_C49A1.6|clec-115,0,0
CELE_K04H8.1|clec-116,0,0
CELE_K04H8.2|K04H8.2,0,0
CELE_F09C3.9|F09C3.9,0,0
CELE_F09C3.7|F09C3.7,0,0
CELE_F09C3.8|F09C3.8,0,0
CELE_F49B2.8|F49B2.8,0,0
CELE_Y105E8A.35|21ur-15055,0,0
CELE_Y105E8B.11|Y105E8B.11,0,0
CELE_CTEL52S.1|cTel52S.1,0,0
CELE_2L52.2|2L52.2,0,0
CELE_C01B12.12|mir-8186.2,0,0
CELE_C01B12.11|mir-8186.1,0,0
CELE_C01B12.10|C01B12.10,0,0
CELE_F23F1.11|F23F1.11,0,0
CELE_C50D2.12|C50D2.12,0,0
CELE_C50D2.11|C50D2.11,0,0
CELE_K10B4.7|21ur-13919,0,0
CELE_K10B4.8|K10B4.8,0,0
CELE_K10B4.9|K10B4.9,0,0
CELE_T25D3.7|T25D3.7,0,0
CELE_T25D3.8|T25D3.8,0,0
CELE_C03H5.8|C03H5.8,0,0
CELE_C24H12.6|C24H12.6,0,0
CELE_T27A1.1|T27A1.1,0,0
CELE_W08F4.19|W08F4.19,0,0
CELE_W08F4.10|W08F4.10,0,0
CELE_W08F4.21|W08F4.21,0,0
CELE_W08F4.11|W08F4.11,0,0
CELE_W08F4.1|W08F4.1,0,0
CELE_K07E8.8|K07E8.8,0,0
CELE_K07E8.15|K07E8.15,0,0
CELE_K07E8.4|K07E8.4,0,0
CELE_K07E8.2|K07E8.2,0,0
CELE_T02H6.10|T02H6.10,0,0
CELE_T02H6.8|T02H6.8,0,0
CELE_T02H6.6|T02H6.6,0,0
CELE_T02H6.4|T02H6.4,0,0
CELE_C08G5.1|C08G5.1,0,0
CELE_C08G5.9|C08G5.9,0,0
CELE_Y39F10A.5|Y39F10A.5,0,0
CELE_Y39F10A.2|Y39F10A.2,0,0
CELE_Y39F10A.6|Y39F10A.6,0,0
CELE_F46F5.16|F46F5.16,0,10
CELE_F46F5.15|F46F5.15,0,7
CELE_F46F5.1|F46F5.1,0,0
CELE_F46F5.3|F46F5.3,0,0
CELE_F46F5.13|F46F5.13,0,0
CELE_F46F5.12|F46F5.12,0,0
CELE_F46F5.8|F46F5.8,0,0
CELE_F46F5.10|F46F5.10,0,0
CELE_F28A10.2|F28A10.2,0,0
CELE_F28A10.9|F28A10.9,0,0
CELE_F28A10.8|F28A10.8,0,0
CELE_F28A10.13|F28A10.13,0,0
CELE_T07D3.3|T07D3.3,0,0
CELE_R07C3.16|R07C3.16,0,0
CELE_R07C3.3|R07C3.3,0,0
CELE_F45D11.7|F45D11.7,0,0
CELE_F45D11.11|F45D11.11,0,0
CELE_K02E7.4|K02E7.4,0,0
CELE_K02E7.T1|K02E7.t1,0,0
CELE_T13B5.5|lips-11,0,0
CELE_T23F4.1|T23F4.1,0,0
CELE_T23F4.5|T23F4.5,0,0
CELE_F47F6.12|F47F6.12,0,0
CELE_Y57G7A.4|srw-66,0,0
CELE_Y51H7D.1|Y51H7D.1,0,0
CELE_Y51H7D.2|Y51H7D.2,0,0
CELE_F54D12.T1|F54D12.t1,0,0
CELE_F54D12.T2|F54D12.t2,0,0
CELE_F54D12.18|F54D12.18,0,0
CELE_F54D12.13|F54D12.13,0,0
CELE_F54D12.16|F54D12.16,0,0
CELE_F54D12.10|F54D12.10,0,0
CELE_F54D12.9|F54D12.9,0,0
CELE_F54D12.7|F54D12.7,0,0
CELE_F54D12.20|F54D12.20,0,0
CELE_F54D12.11|F54D12.11,0,0
CELE_F54D12.2|F54D12.2,0,0
CELE_F54D12.1|F54D12.1,0,0
CELE_Y51H7C.8|Y51H7C.8,0,0
CELE_Y51H7C.38|Y51H7C.38,0,0
CELE_Y51H7C.18|Y51H7C.18,0,0
CELE_H17B01.T1|H17B01.t1,0,0
CELE_H17B01.T2|H17B01.t2,0,0
CELE_H17B01.T3|H17B01.t3,0,0
CELE_H17B01.T4|H17B01.t4,0,0
CELE_Y51H7BR.6|sru-41,0,0
CELE_K05F6.16|K05F6.16,0,0
CELE_K05F6.13|21ur-12968,0,0
CELE_K05F6.8|K05F6.8,0,0
CELE_K05F6.10|K05F6.10,0,0
CELE_T07H3.10|T07H3.10,0,0
CELE_T07H3.8|T07H3.8,0,0
CELE_T07H3.7|T07H3.7,0,0
CELE_C08E3.8|fbxa-165,0,0
CELE_C08E3.10|fbxa-158,0,0
CELE_C08E3.11|fbxa-159,0,0
CELE_C08E3.12|fbxa-160,0,0
CELE_C08E3.15|C08E3.15,0,0
CELE_C08E3.1|C08E3.1,0,0
CELE_ZC204.6|ZC204.6,0,0
CELE_ZC204.17|ZC204.17,0,0
CELE_ZC204.13|ZC204.13,0,0
CELE_F58E1.7|irld-37,0,0
CELE_F45C12.9|F45C12.9,0,0
CELE_F45C12.3|ceh-81,0,0
CELE_F45C12.16|irld-9,0,0
CELE_F45C12.1|irld-33,0,0
CELE_K07G6.1|K07G6.1,0,0
CELE_F36H5.12|F36H5.12,0,0
CELE_F36H5.6|clec-19,0,0
CELE_C08F1.2|str-21,0,0
CELE_C08F1.7|str-22,0,0
CELE_C16C4.15|math-10,0,0
CELE_C16C4.16|math-11,0,0
CELE_C16C4.3|math-13,0,0
CELE_C16C4.8|math-16,0,0
CELE_C16C4.9|math-17,0,0
CELE_C16C4.10|math-5,0,0
CELE_C16C4.11|math-6,0,0
CELE_C16C4.14|math-9,0,0
CELE_C16C4.2|math-12,0,0
CELE_C16C4.1|C16C4.1,0,0
CELE_C46F9.4|math-25,0,0
CELE_C46F9.2|math-23,0,0
CELE_F52C6.5|math-30,0,0
CELE_F52C6.6|math-31,0,8
CELE_F59H6.6|ceh-85,0,0
CELE_F07E5.4|F07E5.4,0,0
CELE_T16A1.5|T16A1.5,0,0
CELE_T16A1.3|fbxc-49,0,0
CELE_R52.4|R52.4,0,0
CELE_R52.5|R52.5,0,0
CELE_R52.11|R52.11,0,0
CELE_C40A11.5|hpo-7,0,0
CELE_B0281.7|B0281.7,0,0
CELE_B0281.8|trim-21,0,0
CELE_B0281.1|B0281.1,0,0
CELE_ZK1240.4|ZK1240.4,0,0
CELE_ZK1240.8|ZK1240.8,0,0
CELE_F43C11.14|F43C11.14,0,0
CELE_F43C11.5|F43C11.5,0,0
CELE_F43C11.2|F43C11.2,0,0
CELE_F43C11.1|F43C11.1,0,0
CELE_F43C11.16|F43C11.16,0,0
CELE_F43C11.12|F43C11.12,0,0
CELE_F16G10.5|F16G10.5,0,0
CELE_F16G10.4|hpo-25,0,0
CELE_F16G10.3|F16G10.3,0,0
CELE_F16G10.2|F16G10.2,0,0
CELE_F16G10.7|F16G10.7,0,0
CELE_F16G10.8|F16G10.8,0,0
CELE_F16G10.10|F16G10.10,0,0
CELE_F16G10.13|F16G10.13,0,0
CELE_F16G10.14|F16G10.14,0,0
CELE_F16G10.1|F16G10.1,0,0
CELE_F30D4.1|F30D4.1,0,0
CELE_F42G2.10|F42G2.10,0,0
CELE_F42G2.9|F42G2.9,0,0
CELE_F42G2.T1|F42G2.t1,0,0
CELE_F53G2.9|mir-72,0,0
CELE_K02F6.4|K02F6.4,0,0
CELE_K02F6.11|K02F6.11,0,0
CELE_F33H12.3|sri-75,0,0
CELE_F33H12.4|sri-74,0,0
CELE_D2062.3|sri-71,0,0
CELE_D2062.2|sri-37,0,0
CELE_F22E5.10|sri-41,0,0
CELE_F22E5.7|F22E5.7,0,0
CELE_F22E5.11|F22E5.11,0,0
CELE_F22E5.12|F22E5.12,0,0
CELE_F22E5.14|sri-49,0,0
CELE_F22E5.5|sri-52,0,0
CELE_F22E5.4|sri-47,0,0
CELE_F22E5.19|F22E5.19,0,0
CELE_F34D6.2|ceh-87,0,0
CELE_F34D6.9|nspf-3,0,0
CELE_F34D6.6|sri-61,0,0
CELE_Y47G7B.3|sri-60,0,0
CELE_T05A8.9|T05A8.9,0,0
CELE_T05A8.T2|T05A8.t2,0,0
CELE_T05A8.10|T05A8.10,0,0
CELE_T05A8.T1|T05A8.t1,0,0
CELE_T05A8.6|T05A8.6,0,0
CELE_F29A7.3|F29A7.3,0,0
CELE_ZC239.8|sri-51,0,0
CELE_ZC239.19|sri-50,0,0
CELE_ZC239.2|ZC239.2,0,0
CELE_C17F4.4|srh-297,0,0
CELE_C17F4.10|srz-67,0,0
CELE_C17F4.11|C17F4.11,0,0
CELE_C17F4.9|srz-68,0,0
CELE_C17F4.3|C17F4.3,0,0
CELE_C17F4.12|C17F4.12,0,0
CELE_C17F4.1|clec-124,0,0
CELE_F39E9.3|sri-63,0,0
CELE_F39E9.23|F39E9.23,0,0
CELE_F39E9.14|F39E9.14,0,0
CELE_F39E9.8|F39E9.8,0,0
CELE_F39E9.9|F39E9.9,0,0
CELE_F39E9.27|btb-22,0,0
CELE_F14D2.7|F14D2.7,0,0
CELE_Y49F6C.6|Y49F6C.6,0,0
CELE_Y49F6C.7|Y49F6C.7,0,0
CELE_T06D4.2|T06D4.2,0,0
CELE_F18A12.3|nep-7,0,0
CELE_C16C8.24|C16C8.24,0,0
CELE_C16C8.T2|C16C8.t2,0,0
CELE_C16C8.T1|C16C8.t1,0,0
CELE_C16C8.17|C16C8.17,0,0
CELE_C16C8.19|C16C8.19,0,0
CELE_C16C8.8|C16C8.8,0,0
CELE_C16C8.10|C16C8.10,0,0
CELE_Y49F6B.13|Y49F6B.13,0,0
CELE_Y49F6B.11|srz-5,0,0
CELE_Y49F6B.14|Y49F6B.14,0,0
CELE_W09G10.T3|W09G10.t3,0,0
CELE_W09G10.T2|W09G10.t2,0,0
CELE_W10G11.21|21ur-14923,0,1
CELE_W10G11.23|W10G11.23,0,0
CELE_W10G11.T2|W10G11.t2,0,0
CELE_W10G11.T1|W10G11.t1,0,0
CELE_W10G11.5|clec-127,0,0
CELE_W10G11.6|clec-128,0,0
CELE_W10G11.15|clec-129,0,0
CELE_W10G11.14|clec-130,0,0
CELE_W10G11.7|clec-131,0,0
CELE_W10G11.13|clec-132,0,0
CELE_W10G11.12|clec-133,0,0
CELE_Y49F6A.6|srh-306,0,0
CELE_Y49F6A.8|Y49F6A.8,0,0
CELE_Y49F6A.7|Y49F6A.7,0,0
CELE_Y49F6A.12|Y49F6A.12,0,0
CELE_F19B10.6|F19B10.6,0,0
CELE_F19B10.3|F19B10.3,0,0
CELE_F19B10.12|srx-99,0,0
CELE_F40H7.4|srx-101,0,0
CELE_F40H7.3|srx-100,0,0
CELE_F40H7.5|srx-102,0,0
CELE_F40H7.11|srx-103,0,0
CELE_F40H7.6|F40H7.6,0,0
CELE_F40H7.7|srx-104,0,0
CELE_F40H7.8|srx-105,0,0
CELE_F40H7.9|srx-106,0,0
CELE_F40H7.10|srx-107,0,0
CELE_F40H7.1|srx-109,0,0
CELE_C46E10.6|srx-110,0,0
CELE_C46E10.10|srh-100,0,0
CELE_C46E10.7|srh-99,0,0
CELE_C46E10.3|C46E10.3,0,0
CELE_C46E10.2|C46E10.2,0,0
CELE_F12E12.12|F12E12.12,0,0
CELE_F12E12.13|21ur-14906,0,0
CELE_T24E12.6|T24E12.6,0,0
CELE_T24E12.7|T24E12.7,0,0
CELE_T24E12.8|srx-112,0,0
CELE_T24E12.2|T24E12.2,0,13
CELE_Y8A9A.1|srh-164,0,0
CELE_Y8A9A.6|ins-32,0,0
CELE_F54D10.9|F54D10.9,0,0
CELE_C17A2.5|oac-4,0,0
CELE_C17A2.6|C17A2.6,0,0
CELE_C17A2.4|C17A2.4,0,0
CELE_C17A2.7|C17A2.7,0,0
CELE_C17A2.3|C17A2.3,0,0
CELE_C49D10.7|C49D10.7,0,0
CELE_C49D10.8|oac-11,0,0
CELE_C49D10.6|nhr-75,0,0
CELE_C49D10.3|srh-250,0,0
CELE_C49D10.2|nhr-166,0,0
CELE_F53C3.10|srh-90,0,0
CELE_K10G6.7|K10G6.7,0,0
CELE_K10G6.8|K10G6.8,0,0
CELE_R11F4.6|R11F4.6,0,0
CELE_R11F4.5|R11F4.5,0,0
CELE_R03H10.4|R03H10.4,0,0
CELE_R03H10.5|R03H10.5,0,0
CELE_R03H10.10|R03H10.10,0,0
CELE_T12C9.8|T12C9.8,0,0
CELE_T05C1.5|T05C1.5,0,0
CELE_B0304.7|sra-34,0,0
CELE_K07E1.2|K07E1.2,0,0
CELE_M03A1.9|21ur-14843,0,0
CELE_M03A1.T2|M03A1.t2,0,0
CELE_M03A1.10|M03A1.10,0,0
CELE_M03A1.12|M03A1.12,0,0
CELE_M03A1.T1|M03A1.t1,0,0
CELE_M03A1.11|M03A1.11,0,0
CELE_F35D11.12|F35D11.12,0,0
CELE_T05A7.12|ptp-10,0,0
CELE_T05A7.10|fut-5,0,0
CELE_T05A7.8|sre-40,0,0
CELE_F10G7.7|sre-39,0,0
CELE_F26G1.14|F26G1.14,0,0
CELE_C33F10.20|C33F10.20,0,0
CELE_C33F10.26|C33F10.26,0,0
CELE_R05F9.7|R05F9.7,0,0
CELE_R05F9.3|msp-32,0,0
CELE_R05F9.14|R05F9.14,0,0
CELE_F33G12.9|F33G12.9,0,0
CELE_C27A2.9|21ur-11529,0,0
CELE_C27A2.7|C27A2.7,0,0
CELE_C04G6.11|C04G6.11,0,0
CELE_F09C12.14|F09C12.14,0,0
CELE_F09C12.13|F09C12.13,0,0
CELE_F09C12.12|F09C12.12,0,0
CELE_F09C12.11|F09C12.11,0,0
CELE_F58A6.10|srb-12,0,0
CELE_C27D6.7|srb-4,0,0
CELE_C27D6.8|srb-3,0,0
CELE_C27D6.10|srb-1,0,0
CELE_C27D6.15|C27D6.15,0,0
CELE_C34F11.13|C34F11.13,0,0
CELE_C34F11.16|C34F11.16,0,0
CELE_C34F11.17|C34F11.17,0,0
CELE_T16D1.1|T16D1.1,0,0
CELE_C54A12.5|C54A12.5,0,0
CELE_C54A12.6|C54A12.6,0,0
CELE_C54A12.7|C54A12.7,0,0
CELE_C54A12.8|C54A12.8,0,0
CELE_ZK622.7|ZK622.7,0,0
CELE_ZK622.9|ZK622.9,0,0
CELE_ZK622.8|ZK622.8,0,0
CELE_ZK622.T1|ZK622.t1,0,0
CELE_ZK622.6|ZK622.6,0,0
CELE_ZK622.T2|rte-4,0,0
CELE_F08B1.6|21ur-10456,0,0
CELE_F09E5.18|F09E5.18,0,0
CELE_F09E5.19|F09E5.19,0,0
CELE_F09E5.22|F09E5.22,0,0
CELE_F56D1.12|F56D1.12,0,0
CELE_F56D1.13|F56D1.13,0,0
CELE_F56D1.16|linc-127,0,0
CELE_F56D1.10|F56D1.10,0,0
CELE_F56D1.11|F56D1.11,0,0
CELE_F56D1.8|F56D1.8,0,0
CELE_F56D1.14|F56D1.14,0,0
CELE_F56D1.15|F56D1.15,0,0
CELE_F12A10.10|21ur-12072,0,0
CELE_F12A10.12|F12A10.12,0,0
CELE_F12A10.11|F12A10.11,0,0
CELE_F12A10.13|F12A10.13,0,0
CELE_ZK177.13|ZK177.13,0,0
CELE_ZK177.12|ZK177.12,0,0
CELE_ZK177.11|ZK177.11,0,0
CELE_C17C3.20|ins-38,0,0
CELE_C17C3.24|C17C3.24,0,0
CELE_C17C3.23|C17C3.23,0,0
CELE_C17C3.16|sls-2.2,0,0
CELE_C17C3.17|sls-2.3,0,0
CELE_C17C3.22|C17C3.22,0,0
CELE_C17C3.21|C17C3.21,0,0
CELE_C17C3.2|C17C3.2,0,0
CELE_C17C3.13|C17C3.13,0,0
CELE_C17C3.14|C17C3.14,0,0
CELE_T25E4.3|T25E4.3,0,0
CELE_T25E4.T1|T25E4.t1,0,0
CELE_T25E4.4|T25E4.4,0,0
CELE_C17G10.12|C17G10.12,0,0
CELE_C17G10.11|C17G10.11,0,0
CELE_F59E12.8|F59E12.8,0,0
CELE_C29H12.10|C29H12.10,0,0
CELE_C29H12.12|C29H12.12,0,0
CELE_C29H12.14|C29H12.14,0,0
CELE_H35N03.2|H35N03.2,0,0
CELE_F40H3.7|F40H3.7,0,0
CELE_F40H3.9|F40H3.9,0,0
CELE_F40H3.11|F40H3.11,0,0
CELE_C30B5.14|C30B5.14,0,0
CELE_C30B5.12|C30B5.12,0,0
CELE_C30B5.16|C30B5.16,0,0
CELE_C30B5.13|C30B5.13,0,2
CELE_C30B5.15|C30B5.15,0,0
CELE_C30B5.11|C30B5.11,0,0
CELE_T24H7.7|T24H7.7,0,0
CELE_C29F5.10|21ur-14881,0,1
CELE_C29F5.11|C29F5.11,0,0
CELE_C32D5.19|C32D5.19,0,0
CELE_C32D5.16|C32D5.16,0,0
CELE_C32D5.13|mir-60,0,0
CELE_C32D5.15|C32D5.15,0,0
CELE_C32D5.14|C32D5.14,0,0
CELE_C32D5.17|C32D5.17,0,0
CELE_F58F12.9|F58F12.9,0,0
CELE_F58F12.5|F58F12.5,0,0
CELE_F58F12.8|F58F12.8,0,0
CELE_F58F12.11|F58F12.11,0,0
CELE_F58F12.7|F58F12.7,0,0
CELE_F58F12.10|F58F12.10,0,0
CELE_F58F12.6|F58F12.6,0,0
CELE_T25D10.10|T25D10.10,0,0
CELE_T25D10.7|T25D10.7,0,0
CELE_T25D10.11|T25D10.11,0,0
CELE_K03H9.12|K03H9.12,0,0
CELE_K03H9.6|K03H9.6,0,0
CELE_K03H9.5|K03H9.5,0,0
CELE_K03H9.1|K03H9.1,0,0
CELE_K03H9.11|K03H9.11,0,0
CELE_K03H9.4|21ur-12627,0,0
CELE_K03H9.15|K03H9.15,0,0
CELE_K03H9.13|K03H9.13,0,0
CELE_K06A1.8|K06A1.8,0,0
CELE_K03H9.9|K03H9.9,0,0
CELE_T28D9.15|T28D9.15,0,0
CELE_T28D9.14|T28D9.14,0,0
CELE_C56E6.7|C56E6.7,0,0
CELE_C56E6.15|C56E6.15,0,0
CELE_F18C5.14|F18C5.14,0,0
CELE_F18C5.12|21ur-12158,0,0
CELE_F18C5.8|sra-29,0,0
CELE_F54H5.10|F54H5.10,0,0
CELE_F54H5.12|F54H5.12,0,0
CELE_F54H5.7|F54H5.7,0,0
CELE_F54H5.8|F54H5.8,0,0
CELE_T19D12.8|sra-26,0,0
CELE_T19D12.10|T19D12.10,0,0
CELE_T14B4.17|T14B4.17,0,0
CELE_T14B4.18|T14B4.18,0,0
CELE_T14B4.15|T14B4.15,0,0
CELE_T14B4.13|T14B4.13,0,0
CELE_T14B4.10|T14B4.10,0,0
CELE_T14B4.12|T14B4.12,0,0
CELE_F41G3.19|F41G3.19,0,0
CELE_F41G3.11|srx-95,0,0
CELE_F31E8.6|F31E8.6,0,0
CELE_F31E8.11|F31E8.11,0,0
CELE_F31E8.8|F31E8.8,0,0
CELE_F31E8.14|F31E8.14,0,0
CELE_F31E8.12|F31E8.12,0,0
CELE_F31E8.13|F31E8.13,0,0
CELE_F31E8.17|F31E8.17,0,0
CELE_F31E8.20|F31E8.20,0,0
CELE_F31E8.16|F31E8.16,0,0
CELE_F31E8.15|F31E8.15,0,0
CELE_F31E8.10|F31E8.10,0,0
CELE_F31E8.9|F31E8.9,0,0
CELE_F31E8.21|F31E8.21,0,0
CELE_C04A2.8|C04A2.8,0,0
CELE_F31E8.19|F31E8.19,0,0
CELE_C04A2.13|C04A2.13,0,0
CELE_C04A2.10|C04A2.10,0,0
CELE_C04A2.12|C04A2.12,0,0
CELE_C04A2.14|C04A2.14,0,0
CELE_C44B7.21|C44B7.21,0,0
CELE_C44B7.18|C44B7.18,0,0
CELE_C44B7.19|C44B7.19,0,0
CELE_C44B7.16|C44B7.16,0,0
CELE_C44B7.15|C44B7.15,0,0
CELE_C44B7.T1|C44B7.t1,0,0
CELE_B0252.11|B0252.11,0,0
CELE_C15F1.15|C15F1.15,0,0
CELE_C52E12.7|mir-236,0,0
CELE_C52E12.9|C52E12.9,0,0
CELE_ZK1131.1|21ur-11158,0,0
CELE_ZK1131.2|ZK1131.2,0,0
CELE_C27H5.11|C27H5.11,0,0
CELE_E04F6.17|E04F6.17,0,0
CELE_E04F6.14|srd-56,0,0
CELE_E04F6.13|srd-58,0,0
CELE_F32A5.10|linc-125,0,0
CELE_F32A5.11|F32A5.11,0,0
CELE_C30G12.9|C30G12.9,0,0
CELE_F21D12.2|F21D12.2,0,0
CELE_F21D12.5|npax-1,0,0
CELE_D1022.5|D1022.5,0,0
CELE_D1022.16|D1022.16,0,0
CELE_R10H1.8|R10H1.8,0,0
CELE_R10H1.7|R10H1.7,0,0
CELE_R10H1.6|R10H1.6,0,0
CELE_C28F5.4|C28F5.4,0,0
CELE_ZK1290.15|ZK1290.15,0,0
CELE_ZK1290.7|ZK1290.7,0,0
CELE_ZK1290.22|ZK1290.22,0,0
CELE_ZK1290.21|ZK1290.21,0,0
CELE_ZK1290.20|ZK1290.20,0,0
CELE_ZK1290.11|ZK1290.11,0,0
CELE_ZK1290.1|ZK1290.1,0,0
CELE_F35D2.14|F35D2.14,0,0
CELE_F35D2.13|F35D2.13,0,0
CELE_F35D2.17|F35D2.17,0,0
CELE_F35D2.8|F35D2.8,0,0
CELE_F35D2.7|F35D2.7,0,0
CELE_R07G3.15|R07G3.15,0,0
CELE_R07G3.11|R07G3.11,0,0
CELE_R07G3.12|R07G3.12,0,0
CELE_R07G3.16|R07G3.16,0,0
CELE_R07G3.10|R07G3.10,0,0
CELE_R153.3|R153.3,0,0
CELE_R153.8|R153.8,0,0
CELE_R153.4|R153.4,0,0
CELE_R153.7|R153.7,0,0
CELE_R153.6|R153.6,0,0
CELE_B0495.11|B0495.11,0,0
CELE_B0495.22|B0495.22,0,0
CELE_B0495.12|B0495.12,0,0
CELE_B0228.T1|B0228.t1,0,0
CELE_B0228.8|B0228.8,0,0
CELE_B0228.9|B0228.9,0,0
CELE_C06A8.14|C06A8.14,0,0
CELE_C06A8.15|C06A8.15,0,0
CELE_C06A8.17|C06A8.17,0,0
CELE_C06A8.13|C06A8.13,0,0
CELE_T05A6.7|21ur-12243,0,0
CELE_T05A6.9|T05A6.9,0,0
CELE_T05A6.10|T05A6.10,0,0
CELE_T05A6.12|T05A6.12,0,0
CELE_T05A6.15|T05A6.15,0,0
CELE_T05A6.17|T05A6.17,0,0
CELE_T05A6.18|T05A6.18,0,0
CELE_T05A6.8|T05A6.8,0,0
CELE_T05A6.11|T05A6.11,0,0
CELE_T05A6.13|T05A6.13,0,0
CELE_T05A6.14|T05A6.14,0,0
CELE_T05A6.16|T05A6.16,0,0
CELE_T05A6.19|T05A6.19,0,0
CELE_T05A6.4|irld-47,0,0
CELE_T05A6.5|T05A6.5,0,0
CELE_T05A6.6|srw-62,0,0
CELE_T05A6.20|T05A6.20,0,0
CELE_T09A5.13|mir-57,0,0
CELE_T09A5.19|T09A5.19,0,0
CELE_T09A5.17|T09A5.17,0,0
CELE_T09A5.20|T09A5.20,0,0
CELE_T01H3.10|linc-93,0,0
CELE_T01H3.6|T01H3.6,0,0
CELE_T01H3.8|T01H3.8,0,0
CELE_T01H3.9|T01H3.9,0,0
CELE_T01H3.7|T01H3.7,0,0
CELE_ZK675.7|ZK675.7,0,0
CELE_ZK669.9|ZK669.9,0,0
CELE_C04H4.1|C04H4.1,0,6
CELE_C04H4.4|C04H4.4,0,0
CELE_C04H4.5|C04H4.5,0,0
CELE_C04H4.3|C04H4.3,0,0
CELE_C04H4.6|C04H4.6,0,0
CELE_C04H4.2|C04H4.2,0,0
CELE_C08B11.13|C08B11.13,0,0
CELE_C08B11.11|C08B11.11,0,0
CELE_F10B5.9|tmem-138,0,0
CELE_T05C12.13|T05C12.13,0,0
CELE_T05C12.12|T05C12.12,0,0
CELE_M110.12|M110.12,0,0
CELE_F35C11.13|F35C11.13,0,0
CELE_F35C11.11|F35C11.11,0,0
CELE_F35C11.10|F35C11.10,0,0
CELE_F35C11.12|F35C11.12,0,0
CELE_F14F11.4|F14F11.4,0,0
CELE_C26D10.8|C26D10.8,0,0
CELE_M195.4|M195.4,0,0
CELE_F49E12.5|sra-13,0,0
CELE_VW01C9.1|21ur-14820,0,0
CELE_W01C9.7|21ur-13054,0,0
CELE_W01C9.8|21ur-15370,0,0
CELE_F54C9.13|21ur-12386,0,0
CELE_F54C9.15|F54C9.15,0,0
CELE_F54C9.17|F54C9.17,0,0
CELE_F54C9.16|F54C9.16,0,0
CELE_T22C8.1|T22C8.1,0,0
CELE_T22C8.10|T22C8.10,0,0
CELE_T01B7.1|T01B7.1,0,0
CELE_T01B7.2|srg-18,0,0
CELE_T01B7.10|T01B7.10,0,0
CELE_T01B7.12|T01B7.12,0,0
CELE_T01B7.11|T01B7.11,0,0
CELE_K08F8.12|K08F8.12,0,0
CELE_K08F8.13|K08F8.13,0,0
CELE_K08F8.11|K08F8.11,0,0
CELE_K08F8.10|K08F8.10,0,0
CELE_K08F8.8|K08F8.8,0,0
CELE_F46C5.13|F46C5.13,0,0
CELE_F46C5.12|F46C5.12,0,0
CELE_F46C5.11|F46C5.11,0,0
CELE_T14D7.4|T14D7.4,0,0
CELE_T07D4.6|T07D4.6,0,0
CELE_T07D4.7|T07D4.7,0,0
CELE_B0457.17|B0457.17,0,0
CELE_B0457.18|B0457.18,0,0
CELE_B0457.14|B0457.14,0,0
CELE_B0457.12|B0457.12,0,0
CELE_B0457.8|B0457.8,0,0
CELE_B0457.11|B0457.11,0,0
CELE_B0457.15|B0457.15,0,0
CELE_B0457.10|B0457.10,0,0
CELE_B0457.13|B0457.13,0,0
CELE_B0457.7|21ur-14377,0,0
CELE_T21B10.11|T21B10.11,0,0
CELE_T21B10.10|T21B10.10,0,0
CELE_T21B10.13|T21B10.13,0,0
CELE_T21B10.12|T21B10.12,0,0
CELE_C18E9.14|C18E9.14,0,0
CELE_C18E9.13|C18E9.13,0,0
CELE_C18E9.12|C18E9.12,0,0
CELE_F37B12.14|F37B12.14,0,0
CELE_F37B12.13|F37B12.13,0,0
CELE_F37B12.8|F37B12.8,0,0
CELE_F37B12.7|F37B12.7,0,0
CELE_F37B12.12|F37B12.12,0,0
CELE_F37B12.11|F37B12.11,0,0
CELE_T24B8.14|T24B8.14,0,0
CELE_T24B8.12|T24B8.12,0,0
CELE_T24B8.21|T24B8.21,0,0
CELE_T24B8.19|T24B8.19,0,0
CELE_T24B8.15|T24B8.15,0,0
CELE_T24B8.13|T24B8.13,0,0
CELE_T24B8.11|T24B8.11,0,0
CELE_T24B8.9|T24B8.9,0,0
CELE_C07H4.3|C07H4.3,0,0
CELE_C07H4.4|C07H4.4,0,0
CELE_T24H10.10|21ur-15099,0,0
CELE_T24H10.11|T24H10.11,0,0
CELE_C16D2.3|C16D2.3,0,0
CELE_W07A12.5|col-78,0,0
CELE_F42A8.4|F42A8.4,0,0
CELE_Y51B9A.14|Y51B9A.14,0,0
CELE_Y51B9A.7|Y51B9A.7,0,0
CELE_Y51B9A.2|Y51B9A.2,0,0
CELE_M176.13|M176.13,0,0
CELE_R09D1.3|chil-17,0,0
CELE_R09D1.2|chil-16,0,0
CELE_R09D1.1|chil-15,0,0
CELE_R09D1.13|R09D1.13,0,0
CELE_AH6.1|gcy-1,0,0
CELE_AH6.17|AH6.17,0,0
CELE_AH6.16|sra-15,0,0
CELE_AH6.6|sra-2,0,0
CELE_AH6.13|sra-16,0,0
CELE_AH6.14|sra-9,0,0
CELE_AH6.12|sra-8,0,0
CELE_AH6.7|sra-3,0,0
CELE_AH6.8|sra-4,0,0
CELE_AH6.11|sra-7,0,0
CELE_AH6.9|sra-5,0,0
CELE_F35H8.8|21ur-14191,0,0
CELE_F35H8.10|F35H8.10,0,0
CELE_F35H8.T1|F35H8.t1,0,0
CELE_F35H8.11|F35H8.11,0,0
CELE_F35H8.9|F35H8.9,0,0
CELE_Y53C12A.12|Y53C12A.12,0,0
CELE_Y53C12A.T1|Y53C12A.t1,0,0
CELE_Y53C12A.9|21ur-12807,0,0
CELE_Y53C12B.8|Y53C12B.8,0,0
CELE_Y53C12B.9|Y53C12B.9,0,0
CELE_T10B9.12|T10B9.12,0,0
CELE_T10B9.11|T10B9.11,0,0
CELE_T10B9.14|T10B9.14,0,0
CELE_T10B9.6|cyp-13A9,0,0
CELE_ZK938.12|ZK938.12,0,0
CELE_ZK938.9|ZK938.9,0,0
CELE_ZK938.6|chil-9,0,0
CELE_ZK938.8|ZK938.8,0,0
CELE_ZK938.5|old-2,0,0
CELE_C08H9.8|C08H9.8,0,0
CELE_C08H9.18|C08H9.18,0,0
CELE_C08H9.6|chil-2,0,0
CELE_C08H9.17|21ur-11344,0,0
CELE_F26C11.5|F26C11.5,0,0
CELE_F26C11.6|F26C11.6,0,0
CELE_F26C11.3|F26C11.3,0,0
CELE_C05C10.8|C05C10.8,0,0
CELE_R53.9|R53.9,0,0
CELE_R53.11|R53.11,0,0
CELE_ZK892.8|ZK892.8,0,0
CELE_F52H3.8|21ur-14218,0,0
CELE_C18D1.16|C18D1.16,0,0
CELE_C18D1.11|C18D1.11,0,0
CELE_C18D1.13|C18D1.13,0,0
CELE_C18D1.18|C18D1.18,0,0
CELE_ZK945.12|ZK945.12,0,0
CELE_C09G5.10|C09G5.10,0,0
CELE_C09G5.12|C09G5.12,0,0
CELE_R06F6.13|R06F6.13,0,0
CELE_F44F4.14|21ur-13748,0,0
CELE_F44F4.7|sra-12,0,0
CELE_Y19D2B.1|Y19D2B.1,0,35
CELE_R03D7.10|R03D7.10,0,0
CELE_R03D7.11|R03D7.11,0,0
CELE_R03D7.12|R03D7.12,0,0
CELE_R03D7.9|R03D7.9,0,0
CELE_R03D7.14|R03D7.14,0,0
CELE_R03D7.13|R03D7.13,0,0
CELE_F38A3.3|F38A3.3,0,0
CELE_F38A3.4|F38A3.4,0,0
CELE_F33A8.12|F33A8.12,0,0
CELE_F33A8.13|F33A8.13,0,0
CELE_C09H10.14|C09H10.14,0,0
CELE_F37H8.12|F37H8.12,0,0
CELE_F37H8.11|F37H8.11,0,0
CELE_F37H8.8|F37H8.8,0,0
CELE_T06D8.14|T06D8.14,0,0
CELE_T06D8.15|T06D8.15,0,0
CELE_C47G2.18|C47G2.18,0,0
CELE_C47G2.17|C47G2.17,0,0
CELE_C47G2.12|C47G2.12,0,0
CELE_C47G2.10|C47G2.10,0,0
CELE_C47G2.11|C47G2.11,0,0
CELE_C47G2.16|C47G2.16,0,0
CELE_C47G2.14|C47G2.14,0,0
CELE_C47G2.19|C47G2.19,0,0
CELE_C47G2.22|C47G2.22,0,0
CELE_C47G2.13|C47G2.13,0,0
CELE_B0491.T2|B0491.t2,0,0
CELE_B0491.11|B0491.11,0,0
CELE_B0491.T1|B0491.t1,0,0
CELE_C33B4.7|C33B4.7,0,0
CELE_C33B4.8|C33B4.8,0,0
CELE_C05D12.11|C05D12.11,0,0
CELE_C05D12.9|C05D12.9,0,0
CELE_C05D12.8|C05D12.8,0,0
CELE_C05D12.10|C05D12.10,0,0
CELE_B0334.14|21ur-12490,0,0
CELE_B0334.20|B0334.20,0,0
CELE_B0334.16|B0334.16,0,0
CELE_F54D5.20|F54D5.20,0,0
CELE_F54D5.21|F54D5.21,0,0
CELE_F07A11.8|mir-2207,0,0
CELE_F07A11.7|21ur-15148,0,0
CELE_F07A11.16|mir-8212,0,0
CELE_ZK20.8|ZK20.8,0,0
CELE_ZK20.7|21ur-14663,0,0
CELE_C47D12.9|C47D12.9,0,0
CELE_F44E5.16|F44E5.16,0,0
CELE_F43G6.15|F43G6.15,0,0
CELE_T27D12.5|mir-355,0,0
CELE_T27D12.11|mir-8188,0,0
CELE_ZK930.11|mir-45,0,0
CELE_ZK930.13|ZK930.13,0,4
CELE_ZK930.8|mir-42,0,0
CELE_ZK930.12|ZK930.12,0,0
CELE_ZK930.9|mir-43,0,0
CELE_ZK930.10|mir-44,0,0
CELE_ZK930.15|ZK930.15,0,0
CELE_W03C9.9|W03C9.9,0,0
CELE_Y57A10A.42|mir-5547,0,0
CELE_C50E10.11|sre-50,0,0
CELE_C50E10.12|C50E10.12,0,0
CELE_C50E10.10|sre-51,0,0
CELE_C50E10.9|sre-49,0,0
CELE_C50E10.3|sre-53,0,0
CELE_C50E10.16|C50E10.16,0,0
CELE_C50E10.14|C50E10.14,0,0
CELE_C50E10.8|sre-56,0,0
CELE_C50E10.15|C50E10.15,0,0
CELE_C50E10.5|sre-52,0,0
CELE_C44C11.8|linc-164,0,0
CELE_C44C11.5|C44C11.5,0,0
CELE_C44C11.3|C44C11.3,0,0
CELE_C44C11.4|C44C11.4,0,0
CELE_Y57A10B.5|sre-41,0,0
CELE_Y57A10B.10|Y57A10B.10,0,0
CELE_F57G9.9|21ur-14127,0,0
CELE_F57G9.8|21ur-15291,0,0
CELE_F57G9.2|sre-30,0,0
CELE_F57G9.1|sre-31,0,0
CELE_Y57A10C.12|Y57A10C.12,0,0
CELE_Y57A10C.4|sre-26,0,0
CELE_Y57A10C.5|sre-25,0,0
CELE_Y57A10C.8|Y57A10C.8,0,0
CELE_W05H5.2|W05H5.2,0,0
CELE_W05H5.10|W05H5.10,0,0
CELE_W05H5.4|srh-27,0,0
CELE_W05H5.8|sre-34,0,0
CELE_W05H5.5|sre-35,0,0
CELE_W05H5.6|sre-33,0,0
CELE_W05H5.7|sre-32,0,0
CELE_F15A4.3|sre-37,0,0
CELE_F15A4.4|srg-16,0,0
CELE_F15A4.7|srg-17,0,0
CELE_F15A4.14|21ur-13811,0,0
CELE_T21B4.1|srz-6,0,0
CELE_T21B4.6|srh-67,0,0
CELE_T21B4.10|srh-66,0,0
CELE_T21B4.14|srh-73,0,0
CELE_T21B4.8|srh-61,0,0
CELE_T21B4.20|T21B4.20,0,0
CELE_F49C5.1|srx-119,0,0
CELE_F49C5.2|srx-120,0,0
CELE_F49C5.T2|F49C5.t2,0,0
CELE_F49C5.9|F49C5.9,0,0
CELE_F49C5.10|F49C5.10,0,0
CELE_F49C5.16|F49C5.16,0,0
CELE_F49C5.12|F49C5.12,0,0
CELE_F49C5.6|str-223,0,0
CELE_F49C5.7|F49C5.7,0,0
CELE_Y38E10A.1|Y38E10A.1,0,0
CELE_Y38E10A.35|Y38E10A.35,0,0
CELE_Y38E10A.2|Y38E10A.2,0,0
CELE_Y38E10A.8|Y38E10A.8,0,0
CELE_Y38E10A.32|Y38E10A.32,0,0
CELE_Y38E10A.12|nspe-3,0,0
CELE_Y38E10A.T1|Y38E10A.t1,0,0
CELE_Y38E10A.31|Y38E10A.31,0,0
CELE_Y38E10A.30|Y38E10A.30,0,0
CELE_Y46G5A.42|Y46G5A.42,0,0
CELE_Y46G5A.41|Y46G5A.41,0,0
CELE_F35C5.13|21ur-14302,0,0
CELE_F35C5.3|F35C5.3,0,0
CELE_F35C5.4|F35C5.4,0,0
CELE_F58G1.8|F58G1.8,0,0
CELE_F18A11.10|F18A11.10,0,0
CELE_F18A11.8|F18A11.8,0,0
CELE_F18A11.12|F18A11.12,0,0
CELE_Y81G3A.2|Y81G3A.2,0,0
CELE_F32A11.8|F32A11.8,0,0
CELE_W09H1.8|mir-4933,0,0
CELE_W09H1.7|W09H1.7,0,0
CELE_Y48C3A.21|mir-2215,0,0
CELE_Y48C3A.25|Y48C3A.25,0,0
CELE_F37B1.9|mir-2217.3,0,0
CELE_F37B1.6|gst-17,0,0
CELE_F37B1.7|gst-18,0,0
CELE_Y54G9A.17|Y54G9A.17,0,0
CELE_Y54G9A.14|Y54G9A.14,0,0
CELE_Y54G9A.8|Y54G9A.8,0,0
CELE_Y54G9A.10|sre-46,0,0
CELE_Y54G9A.15|Y54G9A.15,0,0
CELE_Y54G9A.16|Y54G9A.16,0,0
CELE_Y54G9A.12|Y54G9A.12,0,3
CELE_Y54G9A.13|Y54G9A.13,0,0
CELE_R06B9.2|arrd-12,0,0
CELE_C01B9.6|C01B9.6,0,0
CELE_F08G2.13|F08G2.13,0,0
CELE_F08G2.12|F08G2.12,0,0
CELE_F08G2.14|F08G2.14,0,0
CELE_F08G2.16|F08G2.16,0,0
CELE_W02B8.13|W02B8.13,0,0
CELE_W02B8.11|W02B8.11,0,0
CELE_W02B8.12|W02B8.12,0,0
CELE_W02B8.9|W02B8.9,0,0
CELE_W02B8.10|W02B8.10,0,0
CELE_W02B8.7|W02B8.7,0,0
CELE_W02B8.8|W02B8.8,0,0
CELE_W07G1.16|W07G1.16,0,0
CELE_W07G1.14|W07G1.14,0,0
CELE_W07G1.24|W07G1.24,0,0
CELE_W07G1.19|W07G1.19,0,0
CELE_W07G1.11|W07G1.11,0,0
CELE_W07G1.22|W07G1.22,0,0
CELE_W07G1.13|W07G1.13,0,0
CELE_W07G1.12|W07G1.12,0,0
CELE_W07G1.20|W07G1.20,0,0
CELE_W07G1.15|W07G1.15,0,0
CELE_W07G1.18|W07G1.18,0,0
CELE_W07G1.21|W07G1.21,0,0
CELE_W07G1.7|W07G1.7,0,0
CELE_Y39G8B.3|sre-48,0,0
CELE_Y39G8B.4|sre-47,0,0
CELE_Y39G8B.8|Y39G8B.8,0,0
CELE_F01D5.11|fbxa-177,0,0
CELE_W01G7.2|W01G7.2,0,0
CELE_W01G7.6|W01G7.6,0,0
CELE_Y39G8C.5|Y39G8C.5,0,0
CELE_Y48B6A.19|Y48B6A.19,0,0
CELE_Y48B6A.23|Y48B6A.23,0,0
CELE_Y48B6A.21|Y48B6A.21,0,0
CELE_Y48B6A.18|Y48B6A.18,0,7
CELE_Y54G11A.12|srh-41,0,0
CELE_Y54G11A.15|srh-42,0,0
CELE_Y54G11A.16|srh-43,0,0
CELE_F26H11.8|F26H11.8,0,0
CELE_K04B12.5|K04B12.5,0,0
CELE_K04B12.6|K04B12.6,0,0
CELE_K04B12.7|K04B12.7,0,0
CELE_K04B12.8|K04B12.8,0,0
CELE_K04B12.4|21ur-12471,0,0
CELE_C13B4.3|mir-234,0,0
CELE_C13B4.6|C13B4.6,0,0
CELE_C13B4.4|21ur-11165,0,0
CELE_K10H10.14|K10H10.14,0,0
CELE_K10H10.11|K10H10.11,0,0
CELE_K10H10.5|K10H10.5,0,0
CELE_C01G12.5|cror-1,0,0
CELE_Y54E2A.14|21ur-13213,0,0
CELE_Y54E2A.13|Y54E2A.13,0,0
CELE_W01D2.7|W01D2.7,0,0
CELE_W01D2.4|srt-11,0,0
CELE_Y53F4A.5|Y53F4A.5,0,0
CELE_Y53F4A.4|Y53F4A.4,0,0
CELE_R03C1.5|R03C1.5,0,0
CELE_Y53F4B.44|Y53F4B.44,0,0
CELE_Y53F4B.47|Y53F4B.47,0,0
CELE_Y53F4B.16|Y53F4B.16,0,0
CELE_Y53F4B.52|Y53F4B.52,0,0
CELE_Y53F4B.63|Y53F4B.63,0,0
CELE_Y53F4B.56|Y53F4B.56,0,0
CELE_Y53F4B.50|21ur-12457,0,0
CELE_Y53F4B.58|Y53F4B.58,0,0
CELE_Y53F4B.48|Y53F4B.48,0,0
CELE_Y46E12BL.6|Y46E12BL.6,0,0
CELE_Y46E12BL.5|Y46E12BL.5,0,0
CELE_Y46E12BL.7|Y46E12BL.7,0,0
CELE_Y46E12BL.8|Y46E12BL.8,0,0
CELE_Y46E12BL.10|linc-152,0,0
CELE_2RSSE.8|2RSSE.8,0,0
CELE_2RSSE.4|2RSSE.4,0,0
CELE_2RSSE.5|2RSSE.5,0,0
CELE_2RSSE.7|2RSSE.7,0,0
CELE_W05G11.7|W05G11.7,0,0
CELE_C29F9.8|C29F9.8,0,0
CELE_C29F9.9|C29F9.9,0,0
CELE_C29F9.11|fbxa-58,0,0
CELE_C29F9.5|C29F9.5,0,0
CELE_C29F9.13|nhr-280,0,0
CELE_T17A3.8|ver-2,0,0
CELE_T17A3.11|srz-7,0,11
CELE_F40G9.8|F40G9.8,0,0
CELE_F40G9.7|F40G9.7,0,0
CELE_Y55B1BR.8|Y55B1BR.8,0,0
CELE_F30H5.5|F30H5.5,0,0
CELE_T19C3.11|T19C3.11,0,0
CELE_W02B3.3|W02B3.3,0,0
CELE_T12B5.7|fbxa-56,0,0
CELE_T12B5.5|fbxa-22,0,0
CELE_T12B5.18|T12B5.18,0,0
CELE_F58B6.6|F58B6.6,0,0
CELE_F58B6.8|F58B6.8,0,0
CELE_F58B6.7|F58B6.7,0,0
CELE_F58B6.9|F58B6.9,0,0
CELE_Y119D3B.27|Y119D3B.27,0,0
CELE_Y82E9BL.19|Y82E9BL.19,0,0
CELE_Y82E9BL.1|Y82E9BL.1,0,0
CELE_Y82E9BR.8|Y82E9BR.8,0,0
CELE_Y82E9BR.9|Y82E9BR.9,0,0
CELE_Y82E9BR.7|Y82E9BR.7,0,0
CELE_Y82E9BR.32|pals-21,0,0
CELE_Y82E9BR.30|Y82E9BR.30,0,0
CELE_Y82E9BR.27|Y82E9BR.27,0,0
CELE_Y22D7AL.3|Y22D7AL.3,0,0
CELE_Y22D7AL.1|Y22D7AL.1,0,0
CELE_Y22D7AR.19|Y22D7AR.19,0,0
CELE_Y22D7AR.T1|Y22D7AR.t1,0,0
CELE_Y46E12A.11|Y46E12A.11,0,0
CELE_Y46E12A.2|Y46E12A.2,0,0
CELE_B0524.3|B0524.3,0,0
CELE_B0524.9|B0524.9,0,0
CELE_H19M22.10|H19M22.10,0,0
CELE_H19M22.7|H19M22.7,0,0
CELE_H19M22.5|H19M22.5,0,0
CELE_H19M22.9|H19M22.9,0,0
CELE_H19M22.4|H19M22.4,0,0
CELE_H05C05.3|H05C05.3,0,0
CELE_Y55D5A.7|21ur-15022,0,0
CELE_Y55D5A.10|Y55D5A.10,0,0
CELE_Y55D5A.9|Y55D5A.9,0,0
CELE_H06I04.13|H06I04.13,0,0
CELE_H06I04.12|H06I04.12,0,0
CELE_H06I04.11|H06I04.11,0,0
CELE_H06I04.10|H06I04.10,0,0
CELE_Y53G8B.T1|Y53G8B.t1,0,0
CELE_Y53G8B.T4|Y53G8B.t4,0,0
CELE_Y53G8B.T5|Y53G8B.t5,0,0
CELE_Y53G8B.T9|Y53G8B.t9,0,0
CELE_C44B11.5|mir-76,0,0
CELE_R148.T1|R148.t1,0,0
CELE_Y53G8AL.5|mir-4936,0,0
CELE_Y53G8AM.6|Y53G8AM.6,0,0
CELE_Y53G8AR.10|Y53G8AR.10,0,0
CELE_Y53G8AR.1|Y53G8AR.1,0,0
CELE_F45H7.T1|F45H7.t1,0,0
CELE_F45H7.14|F45H7.14,0,0
CELE_F45H7.8|F45H7.8,0,0
CELE_F45H7.9|F45H7.9,0,0
CELE_K01A11.8|K01A11.8,0,0
CELE_K01A11.7|K01A11.7,0,0
CELE_C34C12.10|C34C12.10,0,0
CELE_C34C12.11|C34C12.11,0,0
CELE_C54C6.8|C54C6.8,0,0
CELE_C54C6.10|C54C6.10,0,0
CELE_C54C6.4|C54C6.4,0,0
CELE_C48D5.7|C48D5.7,0,0
CELE_C48D5.6|C48D5.6,0,0
CELE_C48D5.5|C48D5.5,0,0
CELE_C48D5.4|C48D5.4,0,0
CELE_C46F11.10|linc-147,0,0
CELE_C46F11.7|C46F11.7,0,0
CELE_C46F11.8|C46F11.8,0,0
CELE_T27D1.4|T27D1.4,0,0
CELE_F34D10.10|F34D10.10,0,0
CELE_T24A11.8|T24A11.8,0,0
CELE_T24A11.7|T24A11.7,0,0
CELE_R13G10.5|R13G10.5,0,0
CELE_C36E8.10|C36E8.10,0,0
CELE_T02C12.7|T02C12.7,0,0
CELE_T02C12.6|T02C12.6,0,0
CELE_E03A3.5|E03A3.5,0,0
CELE_E03A3.11|E03A3.11,0,0
CELE_C03C10.12|C03C10.12,0,0
CELE_C03C10.11|C03C10.11,0,0
CELE_C03C10.10|C03C10.10,0,0
CELE_R10E4.12|21ur-13313,0,0
CELE_B0284.6|srpr-1.1,0,0
CELE_B0284.4|pals-28,0,0
CELE_C28A5.8|C28A5.8,0,0
CELE_F56F3.13|F56F3.13,0,0
CELE_F56F3.12|F56F3.12,0,0
CELE_F56F3.9|F56F3.9,0,0
CELE_F56F3.8|F56F3.8,0,0
CELE_F56F3.T1|F56F3.t1,0,0
CELE_F25F2.6|F25F2.6,0,0
CELE_F25F2.4|F25F2.4,0,0
CELE_M88.11|M88.11,0,0
CELE_M88.9|M88.9,0,0
CELE_F10F2.12|F10F2.12,0,0
CELE_F10F2.14|F10F2.14,0,0
CELE_F10F2.13|F10F2.13,0,0
CELE_F10F2.10|F10F2.10,0,0
CELE_T23F11.10|T23F11.10,0,0
CELE_T23F11.7|T23F11.7,0,0
CELE_T04A8.1|srg-10,0,0
CELE_T04A8.2|srg-11,0,0
CELE_F17C8.10|F17C8.10,0,0
CELE_B0393.12|B0393.12,0,0
CELE_C35D10.19|C35D10.19,0,0
CELE_C26E6.15|C26E6.15,0,0
CELE_C26E6.14|C26E6.14,0,0
CELE_C26E6.13|C26E6.13,0,0
CELE_C26E6.16|C26E6.16,0,0
CELE_C27F2.12|C27F2.12,0,0
CELE_ZC395.11|ZC395.11,0,0
CELE_D1044.10|D1044.10,0,0
CELE_D1044.12|D1044.12,0,0
CELE_D1044.4|D1044.4,0,0
CELE_C05D2.13|C05D2.13,0,0
CELE_C05D2.12|C05D2.12,0,0
CELE_F54E7.13|F54E7.13,0,3
CELE_B0336.12|B0336.12,0,0
CELE_B0336.15|B0336.15,0,0
CELE_B0336.14|B0336.14,0,0
CELE_B0244.14|B0244.14,0,0
CELE_Y37B11A.5|Y37B11A.5,0,0
CELE_B0244.T2|B0244.t2,0,0
CELE_R12B2.12|R12B2.12,0,0
CELE_R12B2.9|R12B2.9,0,0
CELE_R12B2.10|R12B2.10,0,0
CELE_R12B2.7|R12B2.7,0,12
CELE_R12B2.11|R12B2.11,0,0
CELE_W04D12.1|W04D12.1,0,0
CELE_W04D12.2|W04D12.2,0,0
CELE_C56G2.17|C56G2.17,0,0
CELE_C16A3.14|C16A3.14,0,0
CELE_C16A3.13|21ur-14922,0,0
CELE_C16A3.12|21ur-15082,0,0
CELE_T26A5.10|T26A5.10,0,0
CELE_F23F12.14|21ur-14505,0,1
CELE_F23F12.10|srb-11,0,0
CELE_F23F12.11|srb-10,0,0
CELE_K03F8.4|K03F8.4,0,0
CELE_C09E7.1|srxa-5,0,0
CELE_F27B3.8|F27B3.8,0,0
CELE_M01G4.1|M01G4.1,0,0
CELE_M01G4.5|M01G4.5,0,0
CELE_M01G4.4|M01G4.4,0,0
CELE_M01G4.3|M01G4.3,0,0
CELE_Y102E9.3|Y102E9.3,0,0
CELE_Y102E9.6|Y102E9.6,0,0
CELE_K07E12.7|K07E12.7,0,0
CELE_K07E12.5|K07E12.5,0,0
CELE_K07E12.6|K07E12.6,0,0
CELE_K07E12.8|K07E12.8,0,0
CELE_K07E12.3|K07E12.3,0,0
CELE_R05H11.3|R05H11.3,0,0
CELE_R05H11.5|R05H11.5,0,0
CELE_F28F5.11|F28F5.11,0,0
CELE_F31E3.9|F31E3.9,0,0
CELE_F31E3.10|F31E3.10,0,0
CELE_F31E3.7|mir-2213,0,0
CELE_F11H8.9|F11H8.9,0,0
CELE_ZK418.10|ZK418.10,0,0
CELE_ZK418.1|nhr-9,0,0
CELE_B0280.20|B0280.20,0,0
CELE_B0280.19|B0280.19,0,0
CELE_K04G7.13|K04G7.13,0,0
CELE_F37C12.15|srb-8,0,0
CELE_F37C12.16|srb-9,0,0
CELE_Y80D4G.2|Y80D4G.2,0,0
CELE_T04A6.4|nsph-4.3,0,0
CELE_T04A6.6|T04A6.6,0,0
CELE_C18H2.7|C18H2.7,0,0
CELE_C18H2.6|21ur-12815,0,0
CELE_C18H2.8|C18H2.8,0,0
CELE_C08C3.5|21ur-14402,0,0
CELE_C08C3.7|C08C3.7,0,0
CELE_C08C3.6|C08C3.6,0,0
CELE_C08C3.9|C08C3.9,0,0
CELE_C08C3.8|C08C3.8,0,0
CELE_C08C3.11|C08C3.11,0,0
CELE_C27D11.2|C27D11.2,0,0
CELE_C27D11.3|C27D11.3,0,0
CELE_ZK652.15|ZK652.15,0,0
CELE_C29E4.16|21ur-11860,0,0
CELE_F54H12.4|F54H12.4,0,0
CELE_C06G4.T1|C06G4.t1,0,0
CELE_C06G4.7|C06G4.7,0,0
CELE_F44B9.11|F44B9.11,0,0
CELE_R05D3.13|R05D3.13,0,0
CELE_ZK353.12|ZK353.12,0,0
CELE_ZK1236.11|21ur-15324,0,0
CELE_C30C11.14|C30C11.14,0,0
CELE_C30C11.8|C30C11.8,0,0
CELE_C30C11.7|C30C11.7,0,0
CELE_C30C11.5|C30C11.5,0,0
CELE_C30C11.12|C30C11.12,0,0
CELE_C30C11.13|C30C11.13,0,0
CELE_C30C11.11|C30C11.11,0,0
CELE_C30C11.10|C30C11.10,0,0
CELE_C30C11.9|C30C11.9,0,0
CELE_C30C11.6|C30C11.6,0,0
CELE_F42H10.15|F42H10.15,0,0
CELE_F42H10.11|F42H10.11,0,0
CELE_ZC21.11|ZC21.11,0,0
CELE_ZC21.12|ZC21.12,0,0
CELE_ZC21.13|ZC21.13,0,0
CELE_ZC21.15|ZC21.15,0,0
CELE_ZC21.14|ZC21.14,0,0
CELE_ZC21.16|ZC21.16,0,0
CELE_C02D5.5|C02D5.5,0,0
CELE_C06E1.13|C06E1.13,0,0
CELE_C06E1.15|C06E1.15,0,0
CELE_C06E1.12|C06E1.12,0,0
CELE_C13G5.3|C13G5.3,0,0
CELE_F22B7.T2|F22B7.t2,0,0
CELE_F22B7.3|F22B7.3,0,0
CELE_F22B7.T5|F22B7.t5,0,0
CELE_F22B7.2|flp-23,0,0
CELE_ZK370.10|ZK370.10,0,0
CELE_ZK370.11|ZK370.11,0,0
CELE_F54F2.10|F54F2.10,0,0
CELE_ZK637.17|21ur-13808,0,0
CELE_ZK643.9|ZK643.9,0,0
CELE_R08D7.8|R08D7.8,0,0
CELE_F59B2.14|F59B2.14,0,0
CELE_F59B2.18|F59B2.18,0,0
CELE_F59B2.16|F59B2.16,0,0
CELE_R107.10|R107.10,0,0
CELE_R107.11|R107.11,0,0
CELE_R107.9|R107.9,0,0
CELE_F02A9.9|F02A9.9,0,0
CELE_ZK512.12|ZK512.12,0,0
CELE_F54G8.7|F54G8.7,0,0
CELE_F54G8.6|F54G8.6,0,0
CELE_F54G8.8|F54G8.8,0,0
CELE_ZC84.5|ZC84.5,0,0
CELE_T23G5.11|T23G5.11,0,0
CELE_K01B6.9|K01B6.9,0,0
CELE_K01B6.6|K01B6.6,0,0
CELE_K01B6.5|K01B6.5,0,0
CELE_C40H1.11|C40H1.11,0,0
CELE_K04H4.8|K04H4.8,0,0
CELE_K04H4.9|K04H4.9,0,0
CELE_K04H4.13|K04H4.13,0,0
CELE_K04H4.14|K04H4.14,0,0
CELE_K04H4.15|K04H4.15,0,0
CELE_K04H4.10|K04H4.10,0,0
CELE_T26G10.3|T26G10.3,0,0
CELE_T26G10.6|T26G10.6,0,0
CELE_T26G10.9|T26G10.9,0,0
CELE_T26G10.8|T26G10.8,0,0
CELE_T26G10.4|T26G10.4,0,0
CELE_F58A4.12|F58A4.12,0,0
CELE_C15H7.8|C15H7.8,0,0
CELE_C15H7.6|C15H7.6,0,0
CELE_C15H7.7|C15H7.7,0,0
CELE_C15H7.9|C15H7.9,0,0
CELE_C15H7.10|C15H7.10,0,0
CELE_C07A9.15|C07A9.15,0,0
CELE_C07A9.1|clec-162,0,0
CELE_T05G5.13|T05G5.13,0,0
CELE_T05G5.15|T05G5.15,0,0
CELE_ZK632.17|ZK632.17,0,0
CELE_K11H3.13|K11H3.13,0,0
CELE_K11H3.10|K11H3.10,0,0
CELE_ZK757.7|ZK757.7,0,0
CELE_ZK757.9|ZK757.9,0,0
CELE_ZK757.6|ZK757.6,0,0
CELE_ZK757.8|ZK757.8,0,0
CELE_K03H1.19|K03H1.19,0,3
CELE_K03H1.18|K03H1.18,0,0
CELE_R10E12.7|R10E12.7,0,0
CELE_R10E12.11|R10E12.11,0,0
CELE_R10E12.10|R10E12.10,0,0
CELE_R10E12.3|R10E12.3,0,0
CELE_R10E12.12|R10E12.12,0,0
CELE_R10E12.4|R10E12.4,0,0
CELE_R10E12.9|R10E12.9,0,0
CELE_R10E12.5|R10E12.5,0,0
CELE_R10E12.8|R10E12.8,0,0
CELE_C05B5.15|C05B5.15,0,0
CELE_C05B5.17|C05B5.17,0,0
CELE_C05B5.10|C05B5.10,0,0
CELE_C05B5.13|C05B5.13,0,0
CELE_M04D8.4|M04D8.4,0,0
CELE_M04D8.9|21ur-14960,0,0
CELE_M04D8.8|M04D8.8,0,0
CELE_T16H12.10|srt-57,0,0
CELE_T16H12.8|srt-55,0,0
CELE_ZK1128.10|ZK1128.10,0,0
CELE_K08E5.7|K08E5.7,0,0
CELE_T20G5.16|T20G5.16,0,0
CELE_T07A5.4|T07A5.4,0,0
CELE_C38H2.4|C38H2.4,0,0
CELE_M03C11.9|M03C11.9,0,0
CELE_M03C11.10|M03C11.10,0,0
CELE_D2045.10|D2045.10,0,0
CELE_Y45F3A.5|Y45F3A.5,0,0
CELE_Y45F3A.6|Y45F3A.6,0,0
CELE_Y39A1A.28|Y39A1A.28,0,0
CELE_W09D10.6|linc-105,0,0
CELE_K11D9.6|K11D9.6,0,0
CELE_K11D9.9|linc-129,0,0
CELE_K11D9.8|K11D9.8,0,0
CELE_K11D9.10|K11D9.10,0,0
CELE_W05B2.13|W05B2.13,0,0
CELE_W05B2.3|W05B2.3,0,0
CELE_Y48A6B.15|Y48A6B.15,0,0
CELE_Y48A6B.17|Y48A6B.17,0,0
CELE_Y48A6B.14|Y48A6B.14,0,0
CELE_W09D6.2|str-261,0,0
CELE_W09D6.3|str-246,0,0
CELE_Y47D3A.33|Y47D3A.33,0,0
CELE_T28D6.T1|T28D6.t1,0,0
CELE_T28D6.11|T28D6.11,0,0
CELE_T28D6.T2|T28D6.t2,0,0
CELE_T28D6.12|T28D6.12,0,0
CELE_Y47D3B.22|Y47D3B.22,0,0
CELE_Y47D3B.25|Y47D3B.25,0,0
CELE_Y66A7AL.2|Y66A7AL.2,0,0
CELE_Y66A7AL.1|Y66A7AL.1,0,2
CELE_Y66A7AL.3|Y66A7AL.3,0,0
CELE_Y66A7AL.5|Y66A7AL.5,0,0
CELE_Y66A7A.T1|Y66A7A.t1,0,0
CELE_Y66A7AL.6|Y66A7AL.6,0,0
CELE_Y66A7AL.4|Y66A7AL.4,0,0
CELE_Y66A7AL.8|Y66A7AL.8,0,0
CELE_Y66A7AL.7|Y66A7AL.7,0,0
CELE_Y66A7AL.9|Y66A7AL.9,0,0
CELE_Y66A7A.1|fbxa-220,0,0
CELE_Y66D12A.29|Y66D12A.29,0,0
CELE_Y66D12A.T1|Y66D12A.t1,0,0
CELE_Y66D12A.28|Y66D12A.28,0,0
CELE_Y66D12A.26|Y66D12A.26,0,0
CELE_Y41C4A.20|mir-272,0,0
CELE_Y41C4A.25|Y41C4A.25,0,0
CELE_Y41C4A.27|Y41C4A.27,0,0
CELE_Y41C4A.21|Y41C4A.21,0,0
CELE_C24H11.13|C24H11.13,0,0
CELE_C24H11.T1|C24H11.t1,0,0
CELE_C24H11.12|C24H11.12,0,0
CELE_C24H11.11|C24H11.11,0,0
CELE_C18D11.9|C18D11.9,0,0
CELE_Y56A3A.38|Y56A3A.38,0,0
CELE_Y56A3A.37|Y56A3A.37,0,0
CELE_Y79H2A.13|Y79H2A.13,0,0
CELE_Y79H2A.14|Y79H2A.14,0,0
CELE_Y75B8A.60|linc-161,0,0
CELE_Y75B8A.42|21ur-14349,0,0
CELE_Y75B8A.48|Y75B8A.48,0,0
CELE_Y75B8A.50|Y75B8A.50,0,0
CELE_Y75B8A.57|Y75B8A.57,0,0
CELE_Y75B8A.46|Y75B8A.46,0,0
CELE_Y75B8A.59|Y75B8A.59,0,0
CELE_Y75B8A.58|Y75B8A.58,0,0
CELE_Y75B8A.56|Y75B8A.56,0,0
CELE_Y75B8A.37|Y75B8A.37,0,0
CELE_Y75B8A.41|Y75B8A.41,0,0
CELE_Y75B8A.43|21ur-14837,0,0
CELE_Y49E10.8|Y49E10.8,0,0
CELE_Y49E10.27|Y49E10.27,0,0
CELE_ZC482.7|irld-20,0,0
CELE_ZC482.8|srw-9,0,0
CELE_ZC482.3|irld-19,0,0
CELE_ZC482.4|irld-61,0,0
CELE_ZC482.9|srw-5,0,0
CELE_BE10.7|BE10.7,0,0
CELE_BE10.6|BE10.6,0,0
CELE_Y37D8A.26|Y37D8A.26,0,0
CELE_ZK1010.6|ZK1010.6,0,0
CELE_F14F7.T1|F14F7.t1,0,0
CELE_F14F7.6|F14F7.6,0,0
CELE_F54F12.3|F54F12.3,0,0
CELE_F54F12.5|F54F12.5,0,0
CELE_F54F12.6|F54F12.6,0,0
CELE_Y43F4A.4|Y43F4A.4,0,0
CELE_F56A8.10|F56A8.10,0,0
CELE_T03F6.7|T03F6.7,0,0
CELE_T05D4.6|T05D4.6,0,0
CELE_T12D8.12|T12D8.12,0,0
CELE_T12D8.11|T12D8.11,0,2
CELE_ZK525.8|ZK525.8,0,0
CELE_ZK525.5|ZK525.5,0,0
CELE_ZK525.3|mir-46,0,0
CELE_ZK525.4|ZK525.4,0,0
CELE_ZK525.6|ZK525.6,0,0
CELE_ZK525.7|ZK525.7,0,0
CELE_W06F12.5|W06F12.5,0,0
CELE_W06F12.8|W06F12.8,0,0
CELE_K08E3.2|K08E3.2,0,0
CELE_T05C7.T1|T05C7.t1,0,0
CELE_F29C4.9|F29C4.9,0,0
CELE_Y38C1AA.18|Y38C1AA.18,0,0
CELE_Y38C1AA.17|Y38C1AA.17,0,0
CELE_Y38C1AA.19|Y38C1AA.19,0,0
CELE_T21D12.5|srh-282,0,15
CELE_T21D12.13|mir-269,0,0
CELE_K02D7.7|K02D7.7,0,0
CELE_M04G7.5|M04G7.5,0,7
CELE_Y65D7A.1|Y65D7A.1,0,0
CELE_W03G1.11|W03G1.11,0,0
CELE_W03G1.8|W03G1.8,0,0
CELE_F09C11.2|F09C11.2,0,0
CELE_F56A11.13|F56A11.13,0,0
CELE_F56A11.11|F56A11.11,0,0
CELE_F56A11.8|F56A11.8,0,0
CELE_C18H7.12|C18H7.12,0,0
CELE_C18H7.8|srt-59,0,0
CELE_C05G6.5|C05G6.5,0,0
CELE_C05G6.4|C05G6.4,0,0
CELE_F41A4.3|F41A4.3,0,0
CELE_F41A4.T1|F41A4.t1,0,0
CELE_Y55F3C.5|clec-164,0,0
CELE_Y55F3C.8|srt-24,0,0
CELE_Y55F3C.12|21ur-15063,0,0
CELE_Y55F3C.16|linc-94,0,0
CELE_Y55F3C.15|Y55F3C.15,0,0
CELE_Y55F3BR.19|Y55F3BR.19,0,0
CELE_Y55F3BR.15|Y55F3BR.15,0,0
CELE_Y55F3BR.18|Y55F3BR.18,0,0
CELE_Y55F3BR.16|Y55F3BR.16,0,0
CELE_Y55F3BR.T1|Y55F3BR.t1,0,0
CELE_Y55F3AM.19|mir-2209.2,0,0
CELE_Y55F3AM.16|mir-2208.1,0,0
CELE_Y55F3AM.17|mir-2208.2,0,0
CELE_Y55F3AM.18|mir-2209.1,0,0
CELE_Y55F3AM.20|mir-2209.3,0,0
CELE_Y55F3AM.22|linc-159,0,0
CELE_C44B12.8|srx-14,0,0
CELE_C44B12.4|srx-13,0,0
CELE_C44B12.12|C44B12.12,0,0
CELE_C44B12.11|C44B12.11,0,0
CELE_C44B12.10|C44B12.10,0,0
CELE_C50A2.T1|C50A2.t1,0,0
CELE_C50A2.7|C50A2.7,0,0
CELE_W09G12.8|W09G12.8,0,0
CELE_F38A1.11|F38A1.11,0,0
CELE_F38A1.6|F38A1.6,0,0
CELE_F38A1.16|F38A1.16,0,0
CELE_F38A1.7|clec-168,0,0
CELE_F38A1.17|F38A1.17,0,0
CELE_F38A1.13|F38A1.13,0,0
CELE_F58F6.T1|F58F6.t1,0,0
CELE_F58F6.8|21ur-13561,0,0
CELE_F58F6.10|F58F6.10,0,0
CELE_F58F6.T2|F58F6.t2,0,0
CELE_F58F6.9|F58F6.9,0,0
CELE_C07B3.1|mir-4937,0,0
CELE_Y104H12A.T2|Y104H12A.t2,0,0
CELE_Y77E11A.18|Y77E11A.18,0,0
CELE_Y41D4B.28|Y41D4B.28,0,0
CELE_Y38C1BA.4|Y38C1BA.4,0,0
CELE_F55A8.6|F55A8.6,0,0
CELE_Y76B12C.10|Y76B12C.10,0,0
CELE_R05C11.6|mir-8189,0,0
CELE_R05C11.5|R05C11.5,0,0
CELE_C23H5.14|C23H5.14,0,0
CELE_C23H5.12|C23H5.12,0,0
CELE_C54E4.11|linc-101,0,4
CELE_C54E4.9|C54E4.9,0,0
CELE_C54E4.6|C54E4.6,0,0
CELE_Y38F2AL.9|Y38F2AL.9,0,0
CELE_C45G7.8|C45G7.8,0,0
CELE_C45G7.1|ilys-1,0,0
CELE_Y69A2AR.48|Y69A2AR.48,0,0
CELE_Y69A2AR.39|Y69A2AR.39,0,0
CELE_Y69A2AR.40|Y69A2AR.40,0,0
CELE_Y69A2AR.49|Y69A2AR.49,0,0
CELE_Y69A2AR.50|Y69A2AR.50,0,0
CELE_Y69A2AR.24|Y69A2AR.24,0,0
CELE_Y69A2AR.33|21ur-12551,0,0
CELE_Y69A2AR.26|nhr-242,0,0
CELE_Y69A2AR.47|Y69A2AR.47,0,0
CELE_Y69A2AR.T3|Y69A2AR.t3,0,0
CELE_Y69A2AR.37|Y69A2AR.37,0,0
CELE_Y69A2AR.38|Y69A2AR.38,0,0
CELE_Y94H6A.14|Y94H6A.14,0,0
CELE_Y94H6A.T1|Y94H6A.t1,0,0
CELE_Y54G2A.38|Y54G2A.38,0,0
CELE_Y54G2A.77|Y54G2A.77,0,0
CELE_Y54G2A.54|21ur-15059,0,0
CELE_Y54G2A.T5|Y54G2A.t5,0,0
CELE_F42A6.8|fbxa-130,0,0
CELE_F42A6.2|F42A6.2,0,0
CELE_B0546.5|B0546.5,0,0
CELE_C04C3.14|C04C3.14,0,0
CELE_C04C3.10|C04C3.10,0,0
CELE_C04C3.12|C04C3.12,0,0
CELE_C04C3.11|C04C3.11,0,0
CELE_C04C3.13|C04C3.13,0,0
CELE_C04C3.9|C04C3.9,0,0
CELE_C04C3.1|srz-60,0,0
CELE_C04C3.8|21ur-12524,0,0
CELE_F58E2.5|F58E2.5,0,0
CELE_F58E2.6|F58E2.6,0,0
CELE_F58E2.12|linc-158,0,0
CELE_F58E2.11|F58E2.11,0,0
CELE_F58E2.9|srz-23,0,0
CELE_F58E2.7|srz-88,0,0
CELE_F58E2.10|srz-22,0,0
CELE_F58E2.8|F58E2.8,0,0
CELE_F58E2.1|F58E2.1,0,0
CELE_C09G12.15|srz-69,0,0
CELE_C09G12.6|srz-70,0,0
CELE_C09G12.5|C09G12.5,0,0
CELE_C09G12.16|srz-37,0,0
CELE_C09G12.14|srz-55,0,0
CELE_C09G12.11|srz-82,0,0
CELE_C09G12.13|srz-81,0,0
CELE_C09G12.4|srz-77,0,0
CELE_C09G12.12|srz-80,0,0
CELE_C09G12.3|srz-78,0,0
CELE_C09G12.10|srz-83,0,0
CELE_B0212.2|sre-5,0,0
CELE_Y37E11B.9|Y37E11B.9,0,0
CELE_Y37E11AL.15|Y37E11AL.15,0,0
CELE_Y37E11AL.16|Y37E11AL.16,0,0
CELE_Y37E11AL.T1|sup-29,0,0
CELE_Y37E11AL.12|Y37E11AL.12,0,0
CELE_Y37E11AL.14|Y37E11AL.14,0,0
CELE_F28F9.15|F28F9.15,0,0
CELE_F28F9.12|F28F9.12,0,0
CELE_F28F9.11|F28F9.11,0,0
CELE_F28F9.7|F28F9.7,0,0
CELE_F28F9.2|F28F9.2,0,0
CELE_F28F9.14|F28F9.14,0,0
CELE_F28F9.5|21ur-14856,0,0
CELE_F28F9.6|21ur-14375,0,0
CELE_F28F9.8|F28F9.8,0,0
CELE_F56D6.7|srz-62,0,0
CELE_F56D6.6|F56D6.6,0,0
CELE_F56D6.21|F56D6.21,0,0
CELE_F56D6.11|F56D6.11,0,0
CELE_F56D6.23|F56D6.23,0,0
CELE_F56D6.4|srz-19,0,0
CELE_Y46C8AL.10|21ur-13241,0,0
CELE_Y46C8AL.12|Y46C8AL.12,0,0
CELE_Y46C8AR.3|clec-77,0,0
CELE_F47C12.5|srh-220,0,0
CELE_F47C12.10|srh-222,0,0
CELE_F47C12.3|srh-223,0,0
CELE_F35F11.3|F35F11.3,0,0
CELE_W03D2.10|str-122,0,0
CELE_C35B1.T1|C35B1.t1,0,0
CELE_F49F1.4|F49F1.4,0,0
CELE_F49F1.16|F49F1.16,0,0
CELE_F49F1.17|F49F1.17,0,0
CELE_F49F1.9|F49F1.9,0,0
CELE_F49F1.10|F49F1.10,0,0
CELE_F49F1.11|F49F1.11,0,0
CELE_F49F1.13|F49F1.13,0,0
CELE_K08D10.13|K08D10.13,0,0
CELE_F30B5.11|F30B5.11,0,0
CELE_F30B5.9|srbc-72,0,0
CELE_F30B5.6|srbc-70,0,0
CELE_F30B5.10|linc-26,0,0
CELE_F36A4.18|21ur-13407,0,0
CELE_F36A4.23|F36A4.23,0,0
CELE_F36A4.9|F36A4.9,0,0
CELE_F36A4.19|21ur-10024,0,0
CELE_F36A4.20|linc-114,0,0
CELE_F36A4.17|21ur-11903,0,0
CELE_F15E6.11|21ur-12331,0,0
CELE_F15E6.5|F15E6.5,0,0
CELE_W03B1.11|21ur-9838,0,0
CELE_W03B1.10|21ur-13435,0,0
CELE_W03B1.15|21ur-9890,0,0
CELE_W03B1.12|21ur-13634,0,0
CELE_W03B1.14|21ur-13355,0,0
CELE_W03B1.13|21ur-9056,0,0
CELE_M01H9.7|M01H9.7,0,0
CELE_M01H9.9|M01H9.9,0,0
CELE_M01H9.8|M01H9.8,0,0
CELE_ZK180.18|ZK180.18,0,0
CELE_ZK185.10|ZK185.10,0,0
CELE_ZK185.7|ZK185.7,0,0
CELE_ZK185.6|ZK185.6,0,0
CELE_F28E10.12|F28E10.12,0,0
CELE_T22B11.8|T22B11.8,0,0
CELE_T22B11.7|T22B11.7,0,0
CELE_T22B11.9|T22B11.9,0,0
CELE_K08F11.8|K08F11.8,0,0
CELE_R11E3.19|R11E3.19,0,0
CELE_R11E3.10|21ur-13745,0,0
CELE_H06H21.13|21ur-9902,0,0
CELE_H06H21.14|21ur-15151,0,0
CELE_Y17G9A.43|21ur-11954,0,0
CELE_Y17G9A.21|21ur-4047,0,0
CELE_Y17G9A.19|21ur-1381,0,0
CELE_Y17G9A.76|21ur-12093,0,0
CELE_Y17G9A.60|21ur-11367,0,0
CELE_Y17G9A.67|21ur-8396,0,0
CELE_Y17G9A.24|21ur-4056,0,0
CELE_Y17G9A.55|21ur-14795,0,0
CELE_Y17G9A.14|21ur-1320,0,0
CELE_Y17G9A.10|21ur-3389,0,0
CELE_Y17G9A.53|21ur-12825,0,0
CELE_Y17G9A.25|21ur-4504,0,0
CELE_Y17G9A.68|21ur-15518,0,0
CELE_Y17G9A.22|21ur-1940,0,0
CELE_Y17G9A.29|21ur-9276,0,0
CELE_Y17G9A.79|21ur-15300,0,0
CELE_Y17G9A.44|21ur-8225,0,0
CELE_Y17G9A.40|21ur-9093,0,0
CELE_Y17G9A.62|21ur-6666,0,0
CELE_Y17G9A.31|21ur-13074,0,0
CELE_Y17G9A.56|21ur-8485,0,0
CELE_Y17G9A.83|21ur-10451,0,0
CELE_Y17G9A.81|21ur-8146,0,0
CELE_Y17G9A.85|Y17G9A.85,0,0
CELE_Y17G9A.66|21ur-6923,0,0
CELE_Y17G9A.6|str-175,0,0
CELE_Y17G9A.54|21ur-9886,0,0
CELE_Y17G9A.84|21ur-9338,0,0
CELE_Y17G9A.75|21ur-9274,0,0
CELE_Y17G9A.45|21ur-11859,0,0
CELE_Y17G9A.7|str-174,0,0
CELE_Y17G9A.86|Y17G9A.86,0,0
CELE_Y17G9A.37|21ur-10046,0,0
CELE_Y17G9A.58|21ur-14721,0,0
CELE_Y17G9A.69|21ur-15329,0,0
CELE_Y17G9A.82|21ur-8188,0,0
CELE_Y17G9A.46|21ur-9646,0,0
CELE_T08B6.52|21ur-14702,0,0
CELE_T08B6.36|21ur-7994,0,0
CELE_T08B6.47|21ur-13154,0,0
CELE_T08B6.48|21ur-14163,0,0
CELE_T08B6.25|21ur-15199,0,0
CELE_T08B6.11|21ur-1212,0,0
CELE_T08B6.17|21ur-2777,0,0
CELE_T08B6.64|T08B6.64,0,0
CELE_T08B6.15|21ur-1541,0,0
CELE_T08B6.38|21ur-12544,0,0
CELE_T08B6.40|21ur-14710,0,0
CELE_T08B6.28|21ur-8170,0,0
CELE_T08B6.50|21ur-11720,0,0
CELE_T08B6.23|21ur-5728,0,0
CELE_T08B6.55|21ur-7569,0,0
CELE_T08B6.29|21ur-12589,0,0
CELE_T08B6.53|21ur-15292,0,0
CELE_T08B6.19|21ur-3978,0,0
CELE_T08B6.60|21ur-10939,0,0
CELE_T08B6.10|21ur-3048,0,0
CELE_T08B6.3|str-161,0,0
CELE_T08B6.41|21ur-13440,0,0
CELE_T08B6.31|21ur-7797,0,0
CELE_T08B6.16|21ur-1929,0,0
CELE_Y9C9A.18|str-159,0,0
CELE_Y9C9A.73|21ur-13372,0,0
CELE_Y9C9A.62|21ur-12116,0,0
CELE_Y9C9A.17|Y9C9A.17,0,0
CELE_Y9C9A.11|str-156,0,0
CELE_Y9C9A.65|21ur-12228,0,0
CELE_Y9C9A.101|21ur-9936,0,0
CELE_Y9C9A.9|str-158,0,0
CELE_Y9C9A.51|21ur-12898,0,0
CELE_Y9C9A.23|21ur-4175,0,0
CELE_Y9C9A.71|21ur-8981,0,0
CELE_Y9C9A.63|21ur-6675,0,0
CELE_Y9C9A.112|Y9C9A.112,0,0
CELE_Y9C9A.64|21ur-9737,0,0
CELE_Y9C9A.66|21ur-13008,0,0
CELE_Y9C9A.79|21ur-7622,0,0
CELE_Y9C9A.83|21ur-14417,0,0
CELE_Y9C9A.98|21ur-13648,0,0
CELE_Y9C9A.39|21ur-13790,0,0
CELE_Y9C9A.80|21ur-10346,0,0
CELE_Y9C9A.75|21ur-5673,0,0
CELE_Y9C9A.78|21ur-9158,0,0
CELE_Y9C9A.58|21ur-9261,0,0
CELE_Y9C9A.68|21ur-9551,0,0
CELE_Y9C9A.91|21ur-13794,0,0
CELE_Y9C9A.100|21ur-14065,0,0
CELE_Y9C9A.93|21ur-13024,0,0
CELE_Y9C9A.81|21ur-10900,0,0
CELE_Y9C9A.59|21ur-14418,0,0
CELE_Y9C9A.89|21ur-15188,0,0
CELE_Y9C9A.50|21ur-10347,0,0
CELE_Y9C9A.4|str-169,0,0
CELE_Y9C9A.76|21ur-8180,0,0
CELE_Y9C9A.55|21ur-9157,0,0
CELE_Y9C9A.94|21ur-15133,0,0
CELE_Y9C9A.88|21ur-8984,0,0
CELE_Y9C9A.33|21ur-3606,0,0
CELE_Y9C9A.95|21ur-9517,0,0
CELE_Y9C9A.57|21ur-7929,0,0
CELE_Y9C9A.99|21ur-9285,0,0
CELE_Y9C9A.92|21ur-14494,0,0
CELE_Y9C9A.42|21ur-9105,0,0
CELE_Y9C9A.108|21ur-10842,0,0
CELE_Y9C9A.72|21ur-7881,0,0
CELE_Y9C9A.27|21ur-1824,0,0
CELE_Y9C9A.49|21ur-13918,0,0
CELE_Y9C9A.43|21ur-7584,0,0
CELE_Y9C9A.30|21ur-3295,0,0
CELE_Y9C9A.70|21ur-11641,0,0
CELE_Y9C9A.105|21ur-6701,0,0
CELE_Y9C9A.35|21ur-4237,0,0
CELE_Y9C9A.41|21ur-14328,0,0
CELE_Y9C9A.67|21ur-15314,0,0
CELE_Y9C9A.47|21ur-9819,0,0
CELE_Y9C9A.15|srz-28,0,0
CELE_E03H12.27|E03H12.27,0,0
CELE_E03H12.18|21ur-14036,0,0
CELE_E03H12.6|srz-24,0,0
CELE_E03H12.14|21ur-10818,0,0
CELE_E03H12.25|21ur-7153,0,0
CELE_E03H12.4|E03H12.4,0,0
CELE_E03H12.3|clec-176,0,0
CELE_E03H12.13|21ur-15404,0,0
CELE_E03H12.21|21ur-13662,0,0
CELE_E03H12.15|21ur-8277,0,0
CELE_E03H12.12|21ur-4975,0,0
CELE_E03H12.11|21ur-3455,0,0
CELE_E03H12.17|21ur-8756,0,0
CELE_E03H12.8|E03H12.8,0,0
CELE_E03H12.19|21ur-12618,0,0
CELE_E03H12.9|E03H12.9,0,0
CELE_E03H12.23|21ur-8538,0,0
CELE_E03H12.1|str-162,0,0
CELE_E03H12.16|21ur-10362,0,0
CELE_E03H12.22|21ur-7969,0,0
CELE_E03H12.24|21ur-12481,0,0
CELE_T28H11.28|21ur-8574,0,0
CELE_T28H11.16|21ur-7215,0,0
CELE_T28H11.24|21ur-5530,0,0
CELE_T28H11.9|21ur-6321,0,0
CELE_T28H11.22|21ur-12245,0,0
CELE_T28H11.20|21ur-10397,0,0
CELE_T28H11.15|21ur-11172,0,0
CELE_T28H11.3|srm-2,0,0
CELE_T28H11.17|21ur-7903,0,0
CELE_T28H11.21|21ur-12521,0,0
CELE_T28H11.13|21ur-10546,0,0
CELE_T28H11.29|21ur-14740,0,0
CELE_T28H11.30|21ur-10115,0,0
CELE_T28H11.31|T28H11.31,0,0
CELE_T28H11.25|21ur-8603,0,0
CELE_C09B9.22|21ur-1875,0,0
CELE_C09B9.21|21ur-1140,0,0
CELE_C09B9.9|21ur-1626,0,0
CELE_C09B9.23|21ur-6548,0,0
CELE_C09B9.52|21ur-11312,0,0
CELE_C09B9.78|21ur-9914,0,0
CELE_C09B9.45|21ur-9855,0,0
CELE_C09B9.25|21ur-9565,0,0
CELE_C09B9.76|21ur-9036,0,0
CELE_C09B9.35|21ur-7293,0,0
CELE_C09B9.84|C09B9.84,0,0
CELE_C09B9.55|21ur-9776,0,0
CELE_C09B9.10|21ur-5282,0,0
CELE_C09B9.77|21ur-11998,0,0
CELE_C09B9.47|21ur-15690,0,0
CELE_C09B9.33|21ur-5816,0,0
CELE_C09B9.71|21ur-13921,0,0
CELE_C09B9.34|21ur-11153,0,0
CELE_C09B9.61|21ur-14819,0,0
CELE_C09B9.17|21ur-1406,0,0
CELE_C09B9.51|21ur-7641,0,0
CELE_C09B9.40|21ur-14696,0,0
CELE_C09B9.11|21ur-1411,0,0
CELE_C09B9.58|21ur-14838,0,0
CELE_C09B9.65|21ur-7167,0,0
CELE_C09B9.83|C09B9.83,0,0
CELE_C09B9.53|21ur-8233,0,0
CELE_C09B9.16|21ur-3753,0,0
CELE_C09B9.68|21ur-12417,0,0
CELE_C09B9.50|21ur-11232,0,0
CELE_C09B9.54|21ur-7345,0,0
CELE_C09B9.49|21ur-7133,0,0
CELE_C09B9.14|21ur-4729,0,0
CELE_C09B9.26|21ur-13617,0,0
CELE_C09B9.39|21ur-8386,0,0
CELE_C09B9.29|21ur-5979,0,0
CELE_C09B9.64|21ur-13692,0,0
CELE_ZK354.12|sls-2.17,0,0
CELE_ZK354.16|21ur-8976,0,0
CELE_ZK354.17|21ur-7860,0,0
CELE_Y4C6B.74|21ur-8908,0,0
CELE_Y4C6B.45|21ur-15497,0,0
CELE_Y4C6B.11|21ur-5302,0,0
CELE_Y4C6B.53|21ur-12728,0,0
CELE_Y4C6B.79|21ur-10263,0,0
CELE_Y4C6B.20|21ur-731,0,0
CELE_Y4C6B.43|21ur-11508,0,0
CELE_Y4C6B.52|21ur-10871,0,0
CELE_Y4C6B.60|21ur-14782,0,0
CELE_Y4C6B.72|21ur-15457,0,0
CELE_Y4C6B.27|21ur-3622,0,0
CELE_Y4C6B.21|21ur-1272,0,0
CELE_Y4C6B.97|21ur-10412,0,0
CELE_Y4C6B.39|21ur-14176,0,0
CELE_Y4C6B.76|21ur-9140,0,0
CELE_Y4C6B.65|21ur-12200,0,0
CELE_Y4C6B.12|21ur-4186,0,0
CELE_Y4C6B.95|21ur-9063,0,0
CELE_Y4C6B.50|21ur-12773,0,0
CELE_Y4C6B.32|21ur-7094,0,0
CELE_Y4C6B.38|21ur-13817,0,0
CELE_Y4C6B.28|21ur-1662,0,0
CELE_Y4C6B.T2|Y4C6B.t2,0,0
CELE_Y4C6B.44|21ur-7206,0,0
CELE_Y4C6B.70|21ur-9710,0,0
CELE_Y4C6B.99|Y4C6B.99,0,0
CELE_F41H10.28|21ur-7851,0,0
CELE_F41H10.30|21ur-13654,0,0
CELE_F41H10.35|21ur-14146,0,0
CELE_F41H10.25|21ur-6957,0,0
CELE_F41H10.31|21ur-11841,0,0
CELE_F41H10.20|21ur-14946,0,0
CELE_F41H10.12|F41H10.12,0,0
CELE_F41H10.16|21ur-8039,0,0
CELE_ZK616.50|21ur-13883,0,0
CELE_ZK616.46|21ur-15341,0,0
CELE_ZK616.29|21ur-8448,0,0
CELE_ZK616.31|21ur-8548,0,0
CELE_ZK616.63|ZK616.63,0,0
CELE_ZK616.14|21ur-4965,0,0
CELE_ZK616.52|21ur-9084,0,0
CELE_ZK616.64|ZK616.64,0,0
CELE_ZK616.48|21ur-5855,0,0
CELE_ZK616.12|21ur-3297,0,0
CELE_ZK616.59|21ur-9786,0,0
CELE_ZK616.30|21ur-6983,0,0
CELE_ZK616.21|21ur-3597,0,0
CELE_ZK616.23|21ur-13558,0,0
CELE_ZK616.17|21ur-1191,0,0
CELE_ZK616.60|21ur-12497,0,0
CELE_ZK616.16|21ur-665,0,0
CELE_ZK616.54|21ur-8951,0,0
CELE_ZK616.43|21ur-15310,0,0
CELE_ZK616.27|21ur-7466,0,0
CELE_ZK616.13|21ur-1274,0,0
CELE_ZK616.38|21ur-6816,0,0
CELE_ZK616.36|21ur-10446,0,0
CELE_ZK616.56|21ur-15250,0,0
CELE_ZK616.34|21ur-5737,0,0
CELE_ZK616.41|21ur-10389,0,0
CELE_ZK616.57|21ur-6680,0,0
CELE_ZK616.40|21ur-15607,0,0
CELE_ZK616.45|21ur-7004,0,0
CELE_ZK616.20|21ur-3799,0,0
CELE_Y4C6A.19|21ur-5098,0,0
CELE_Y4C6A.39|21ur-13414,0,0
CELE_Y4C6A.60|21ur-12896,0,0
CELE_Y4C6A.15|21ur-1307,0,0
CELE_Y4C6A.10|21ur-3607,0,0
CELE_Y4C6A.24|21ur-10120,0,0
CELE_Y4C6A.44|21ur-9770,0,0
CELE_Y4C6A.26|21ur-7242,0,0
CELE_Y4C6A.57|21ur-5678,0,0
CELE_Y4C6A.16|21ur-580,0,0
CELE_Y4C6A.66|21ur-11929,0,0
CELE_Y4C6A.38|21ur-13116,0,0
CELE_Y4C6A.13|21ur-1678,0,0
CELE_Y4C6A.6|21ur-4756,0,0
CELE_Y4C6A.30|21ur-7321,0,0
CELE_Y4C6A.65|21ur-15601,0,0
CELE_Y4C6A.22|21ur-8727,0,0
CELE_Y4C6A.5|21ur-2136,0,0
CELE_Y4C6A.27|21ur-6118,0,0
CELE_Y4C6A.40|21ur-14955,0,0
CELE_Y4C6A.58|21ur-9807,0,0
CELE_Y4C6A.53|21ur-12663,0,0
CELE_Y4C6A.8|21ur-954,0,0
CELE_Y4C6A.18|21ur-4386,0,0
CELE_Y4C6A.25|21ur-8428,0,0
CELE_Y4C6A.55|21ur-14681,0,0
CELE_Y52D5A.1|Y52D5A.1,0,0
CELE_T11F8.11|21ur-7008,0,0
CELE_T11F8.10|21ur-14639,0,0
CELE_T11F8.9|21ur-15555,0,0
CELE_T11F8.8|21ur-10606,0,0
CELE_T11F8.7|21ur-1993,0,0
CELE_B0273.12|21ur-3771,0,0
CELE_B0273.92|21ur-8002,0,0
CELE_B0273.56|21ur-10111,0,0
CELE_B0273.22|21ur-5240,0,0
CELE_B0273.57|21ur-14481,0,0
CELE_B0273.49|21ur-11669,0,0
CELE_F35D6.13|21ur-6547,0,0
CELE_F35D6.2|21ur-2426,0,0
CELE_F35D6.10|21ur-6652,0,0
CELE_F35D6.17|21ur-11401,0,0
CELE_F35D6.18|21ur-6040,0,0
CELE_F35D6.19|21ur-8298,0,0
CELE_F35D6.12|21ur-9035,0,0
CELE_F35D6.6|21ur-8157,0,0
CELE_F35D6.23|21ur-9469,0,0
CELE_F35D6.9|21ur-10587,0,0
CELE_F35D6.21|21ur-13568,0,0
CELE_F35D6.7|21ur-8371,0,0
CELE_F35D6.5|21ur-11970,0,0
CELE_F35D6.22|21ur-6389,0,0
CELE_F35D6.3|21ur-8284,0,0
CELE_F35D6.8|21ur-8480,0,0
CELE_F35D6.15|21ur-6393,0,0
CELE_F35D6.11|21ur-7715,0,0
CELE_F35D6.14|21ur-14469,0,0
CELE_F35D6.4|21ur-6570,0,0
CELE_F35D6.20|21ur-14593,0,0
CELE_F35D6.16|21ur-7762,0,0
CELE_T12E12.36|21ur-13850,0,0
CELE_T12E12.38|21ur-8439,0,0
CELE_T12E12.28|21ur-15032,0,0
CELE_T12E12.18|21ur-3255,0,0
CELE_T12E12.33|21ur-7586,0,0
CELE_T12E12.26|21ur-9498,0,0
CELE_T12E12.44|T12E12.44,0,0
CELE_T12E12.7|mir-228,0,0
CELE_T12E12.32|21ur-9840,0,0
CELE_T12E12.25|21ur-6620,0,0
CELE_T12E12.37|21ur-8162,0,0
CELE_T12E12.35|21ur-11442,0,0
CELE_T12E12.24|21ur-7222,0,0
CELE_T12E12.31|21ur-11124,0,0
CELE_T12E12.16|21ur-4199,0,0
CELE_T12E12.41|21ur-9709,0,0
CELE_T12E12.17|21ur-4713,0,0
CELE_T12E12.11|21ur-3329,0,0
CELE_T12E12.10|21ur-1860,0,0
CELE_T12E12.27|21ur-14665,0,0
CELE_T12E12.39|21ur-8478,0,0
CELE_T12E12.8|mir-790,0,0
CELE_T12E12.9|21ur-1430,0,0
CELE_T12E12.21|21ur-12768,0,0
CELE_T12E12.34|21ur-13041,0,0
CELE_T12E12.29|21ur-7122,0,0
CELE_H01M01.1|21ur-1351,0,0
CELE_H01M01.6|21ur-13733,0,0
CELE_H01M01.5|21ur-9044,0,0
CELE_H01M01.2|21ur-15559,0,0
CELE_H01M01.3|21ur-6012,0,0
CELE_F26D12.27|21ur-3482,0,0
CELE_F26D12.59|21ur-6185,0,0
CELE_F26D12.85|21ur-12725,0,0
CELE_F26D12.60|21ur-12770,0,0
CELE_F26D12.11|21ur-3868,0,0
CELE_F26D12.71|21ur-6658,0,0
CELE_F26D12.18|21ur-3426,0,0
CELE_F26D12.44|21ur-14386,0,0
CELE_F26D12.61|21ur-11543,0,0
CELE_F26D12.35|21ur-6078,0,0
CELE_F26D12.51|21ur-8837,0,0
CELE_F26D12.58|21ur-13163,0,0
CELE_F26D12.20|21ur-4563,0,0
CELE_F26D12.97|21ur-7201,0,0
CELE_F26D12.74|21ur-13112,0,0
CELE_F26D12.5|21ur-1865,0,0
CELE_F26D12.67|21ur-11828,0,0
CELE_C39H7.24|21ur-1635,0,0
CELE_C39H7.16|21ur-3796,0,0
CELE_C39H7.55|21ur-6751,0,0
CELE_C39H7.46|21ur-15452,0,0
CELE_C39H7.11|21ur-1242,0,0
CELE_C39H7.13|21ur-3638,0,0
CELE_C39H7.31|21ur-10704,0,0
CELE_C39H7.22|21ur-746,0,0
CELE_C39H7.40|21ur-10682,0,0
CELE_C39H7.66|21ur-7051,0,0
CELE_C39H7.60|21ur-14232,0,0
CELE_C39H7.8|srsx-15,0,0
CELE_C39H7.48|21ur-11814,0,0
CELE_C39H7.59|21ur-13584,0,0
CELE_C39H7.23|21ur-4818,0,0
CELE_C39H7.28|21ur-9942,0,0
CELE_C39H7.5|srsx-14,0,0
CELE_C39H7.18|21ur-2612,0,0
CELE_C39H7.33|21ur-8365,0,0
CELE_C39H7.45|21ur-11742,0,0
CELE_C39H7.20|21ur-4856,0,0
CELE_C39H7.27|21ur-5927,0,0
CELE_C39H7.30|21ur-12895,0,0
CELE_C39H7.42|21ur-9043,0,0
CELE_C39H7.61|21ur-13602,0,0
CELE_C39H7.44|21ur-12145,0,0
CELE_C39H7.49|21ur-10114,0,0
CELE_C39H7.58|21ur-7982,0,0
CELE_C39H7.6|srd-12,0,0
CELE_C39H7.50|21ur-6512,0,0
CELE_C39H7.38|21ur-11664,0,0
CELE_C39H7.64|21ur-5589,0,0
CELE_C39H7.43|21ur-8295,0,0
CELE_C39H7.39|21ur-10915,0,0
CELE_C39H7.65|21ur-7706,0,0
CELE_B0547.17|21ur-12221,0,0
CELE_B0547.23|21ur-14076,0,0
CELE_B0547.28|21ur-8998,0,0
CELE_B0547.33|21ur-5823,0,0
CELE_B0547.10|21ur-7258,0,0
CELE_B0547.24|21ur-14198,0,0
CELE_B0547.11|21ur-15185,0,0
CELE_B0547.18|21ur-9023,0,0
CELE_B0547.31|21ur-7079,0,0
CELE_B0547.25|21ur-13031,0,0
CELE_B0547.9|21ur-5996,0,0
CELE_B0547.4|srd-8,0,0
CELE_B0547.8|21ur-12134,0,0
CELE_B0547.30|21ur-11610,0,0
CELE_B0547.27|21ur-13207,0,0
CELE_B0547.14|21ur-10031,0,0
CELE_B0547.15|21ur-12173,0,0
CELE_B0547.2|B0547.2,0,0
CELE_B0547.32|21ur-10290,0,0
CELE_B0547.7|21ur-8027,0,0
CELE_B0547.16|21ur-15615,0,0
CELE_B0547.5|srd-6,0,0
CELE_B0547.6|21ur-10127,0,0
CELE_B0547.29|21ur-13743,0,0
CELE_B0547.21|21ur-15174,0,0
CELE_B0547.34|B0547.34,0,0
CELE_T19E7.20|21ur-10371,0,0
CELE_T19E7.17|21ur-9870,0,0
CELE_T19E7.11|21ur-11931,0,0
CELE_T19E7.18|21ur-8345,0,0
CELE_T19E7.23|T19E7.23,0,0
CELE_T19E7.19|21ur-6129,0,0
CELE_T19E7.12|21ur-11840,0,0
CELE_T19E7.16|21ur-7103,0,0
CELE_C55C3.61|21ur-7837,0,0
CELE_C55C3.7|C55C3.7,0,0
CELE_C55C3.57|21ur-10528,0,0
CELE_C55C3.65|21ur-10223,0,0
CELE_C55C3.64|21ur-9257,0,0
CELE_C55C3.68|21ur-9642,0,0
CELE_C55C3.51|21ur-14298,0,0
CELE_C55C3.41|21ur-9935,0,0
CELE_C55C3.59|21ur-6773,0,0
CELE_C55C3.69|21ur-7208,0,0
CELE_C55C3.26|21ur-3660,0,0
CELE_C55C3.48|21ur-6015,0,0
CELE_C55C3.24|21ur-1247,0,0
CELE_C55C3.72|C55C3.72,0,0
CELE_C55C3.21|21ur-1722,0,0
CELE_C55C3.58|21ur-5660,0,0
CELE_C55C3.35|21ur-11528,0,0
CELE_C55C3.70|21ur-14184,0,0
CELE_C55C3.42|21ur-13285,0,0
CELE_C55C3.56|21ur-10354,0,0
CELE_C55C3.10|21ur-1539,0,0
CELE_C55C3.46|21ur-14383,0,0
CELE_C55C3.43|21ur-5851,0,0
CELE_C55C3.33|21ur-8278,0,0
CELE_C55C3.71|21ur-14860,0,0
CELE_C55C3.16|21ur-1596,0,0
CELE_C55C3.52|21ur-8256,0,0
CELE_C55C3.36|21ur-15464,0,0
CELE_C55C3.55|21ur-7131,0,0
CELE_C55C3.47|21ur-8954,0,0
CELE_C55C3.20|21ur-3128,0,0
CELE_C55C3.15|21ur-2966,0,0
CELE_C55C3.29|21ur-2781,0,0
CELE_C55C3.22|21ur-1012,0,0
CELE_C55C3.27|21ur-385,0,0
CELE_C55C3.9|21ur-3069,0,0
CELE_C55C3.67|21ur-13960,0,0
CELE_C55C3.50|21ur-7617,0,0
CELE_C55C3.17|21ur-1232,0,0
CELE_C55C3.63|21ur-12345,0,0
CELE_C55C3.18|21ur-3947,0,0
CELE_C55C3.40|21ur-9275,0,0
CELE_C55C3.30|21ur-1890,0,0
CELE_C55C3.28|21ur-2972,0,0
CELE_C55C3.32|21ur-10862,0,0
CELE_C55C3.12|21ur-2999,0,0
CELE_C55C3.23|21ur-3326,0,0
CELE_C55C3.45|21ur-11156,0,0
CELE_C55C3.37|21ur-7250,0,0
CELE_C55C3.11|21ur-281,0,0
CELE_H35B03.12|21ur-12780,0,0
CELE_H35B03.14|21ur-6239,0,0
CELE_H35B03.9|21ur-7434,0,0
CELE_H35B03.3|21ur-5153,0,0
CELE_H35B03.4|21ur-4645,0,0
CELE_H35B03.13|21ur-12970,0,0
CELE_H35B03.17|21ur-7917,0,0
CELE_H35B03.7|21ur-1735,0,0
CELE_H35B03.20|21ur-10085,0,0
CELE_H35B03.15|21ur-11939,0,0
CELE_H35B03.8|21ur-13810,0,0
CELE_H35B03.19|21ur-13083,0,0
CELE_C45E5.8|21ur-4106,0,0
CELE_C45E5.43|21ur-10089,0,0
CELE_C45E5.26|21ur-7513,0,0
CELE_C45E5.48|21ur-11469,0,0
CELE_C45E5.31|21ur-9419,0,0
CELE_C45E5.44|21ur-10521,0,0
CELE_C45E5.51|21ur-8918,0,0
CELE_C45E5.16|21ur-2958,0,0
CELE_C45E5.28|21ur-7363,0,0
CELE_C45E5.29|21ur-8460,0,0
CELE_C45E5.22|21ur-13314,0,0
CELE_C45E5.15|21ur-1991,0,1
CELE_C45E5.2|chil-11,0,0
CELE_C45E5.45|21ur-11074,0,0
CELE_C45E5.19|21ur-7539,0,0
CELE_C45E5.9|21ur-3089,0,0
CELE_F44E8.9|21ur-1048,0,0
CELE_F44E8.22|21ur-7428,0,0
CELE_F44E8.28|21ur-7437,0,0
CELE_F44E8.24|21ur-14836,0,0
CELE_F44E8.2|21ur-3280,0,0
CELE_F44E8.18|21ur-5498,0,0
CELE_F44E8.37|21ur-13214,0,0
CELE_F44E8.31|21ur-6302,0,0
CELE_F44E8.7|21ur-3433,0,0
CELE_F44E8.25|21ur-5538,0,0
CELE_F44E8.29|21ur-14265,0,0
CELE_F44E8.15|21ur-2138,0,0
CELE_F44E8.36|21ur-11559,0,0
CELE_F44E8.35|21ur-10622,0,0
CELE_F44E8.41|21ur-12668,0,0
CELE_F44E8.17|21ur-8869,0,0
CELE_F44E8.4|21ur-3510,0,0
CELE_F44E8.34|21ur-11152,0,0
CELE_F44E8.27|21ur-11799,0,0
CELE_F44E8.21|21ur-9472,0,0
CELE_F44E8.33|21ur-14557,0,0
CELE_F44E8.39|21ur-15062,0,0
CELE_F44E8.44|F44E8.44,0,0
CELE_F44E8.43|F44E8.43,0,0
CELE_F44E8.10|21ur-3828,0,0
CELE_F44E8.19|21ur-11417,0,0
CELE_F44E8.26|21ur-6335,0,0
CELE_F44E8.40|21ur-11018,0,0
CELE_F44E8.30|21ur-15642,0,0
CELE_F44E8.14|21ur-535,0,0
CELE_F44E8.20|21ur-8958,0,0
CELE_F44E8.11|21ur-2899,0,0
CELE_F44E8.13|21ur-1802,0,0
CELE_F44E8.23|21ur-7286,0,0
CELE_F44E8.32|21ur-11670,0,0
CELE_F44E8.16|21ur-14832,0,0
CELE_F44E8.3|21ur-1257,0,0
CELE_F44E8.5|21ur-4454,0,0
CELE_F44E8.6|21ur-3131,0,0
CELE_F44E8.12|21ur-618,0,0
CELE_F44E8.42|21ur-12265,0,0
CELE_F44E8.38|21ur-10462,0,0
CELE_F44E8.8|21ur-5074,0,0
CELE_C31H1.48|21ur-14215,0,0
CELE_C31H1.32|21ur-882,0,0
CELE_C31H1.10|21ur-299,0,0
CELE_C31H1.51|21ur-10807,0,0
CELE_C31H1.9|21ur-4327,0,0
CELE_C31H1.79|21ur-9008,0,1
CELE_C31H1.21|21ur-3411,0,0
CELE_C31H1.67|21ur-14584,0,0
CELE_C31H1.39|21ur-10145,0,0
CELE_C31H1.72|21ur-6235,0,0
CELE_C31H1.53|21ur-9159,0,0
CELE_C31H1.70|21ur-6898,0,0
CELE_C31H1.34|21ur-206,0,0
CELE_C31H1.47|21ur-7318,0,0
CELE_C31H1.46|21ur-7810,0,0
CELE_C31H1.73|21ur-11474,0,0
CELE_C31H1.36|21ur-9730,0,0
CELE_C31H1.83|21ur-7228,0,0
CELE_C31H1.91|21ur-5736,0,0
CELE_C31H1.87|21ur-6130,0,0
CELE_C31H1.63|21ur-10650,0,0
CELE_C31H1.55|21ur-7660,0,0
CELE_C31H1.19|21ur-3108,0,0
CELE_C31H1.35|21ur-79,0,0
CELE_C31H1.40|21ur-11235,0,0
CELE_C31H1.90|21ur-11206,0,0
CELE_C31H1.38|21ur-6341,0,0
CELE_C31H1.11|21ur-265,0,0
CELE_C31H1.12|21ur-86,0,0
CELE_C31H1.23|21ur-900,0,0
CELE_C31H1.78|21ur-13701,0,0
CELE_C31H1.29|21ur-1047,0,0
CELE_C31H1.18|21ur-2938,0,0
CELE_C31H1.92|21ur-11690,0,0
CELE_C31H1.76|21ur-9601,0,0
CELE_C31H1.77|21ur-8491,0,0
CELE_C31H1.13|21ur-2402,0,0
CELE_C31H1.85|21ur-8421,0,0
CELE_C31H1.52|21ur-12772,0,0
CELE_C31H1.61|21ur-11315,0,0
CELE_C31H1.49|21ur-11825,0,0
CELE_C31H1.71|21ur-11527,0,0
CELE_C31H1.58|21ur-8618,0,0
CELE_C31H1.80|21ur-7255,0,0
CELE_C31H1.64|21ur-14096,0,0
CELE_C31H1.24|21ur-3416,0,0
CELE_C31H1.97|C31H1.97,0,0
CELE_C31H1.98|C31H1.98,0,0
CELE_C10G6.53|C10G6.53,0,0
CELE_C10G6.42|21ur-12275,0,0
CELE_C10G6.27|21ur-9899,0,0
CELE_C10G6.3|21ur-398,0,0
CELE_C10G6.22|21ur-13044,0,0
CELE_C10G6.24|21ur-8997,0,0
CELE_C10G6.5|21ur-187,0,0
CELE_C10G6.47|21ur-13594,0,0
CELE_C10G6.21|21ur-1908,0,0
CELE_C10G6.11|21ur-4977,0,0
CELE_C10G6.39|21ur-15008,0,0
CELE_C10G6.9|21ur-1359,0,0
CELE_C10G6.48|21ur-13946,0,0
CELE_C10G6.20|21ur-878,0,0
CELE_C10G6.50|21ur-6077,0,0
CELE_C10G6.35|21ur-10845,0,0
CELE_C10G6.45|21ur-9055,0,0
CELE_C10G6.52|C10G6.52,0,0
CELE_C10G6.51|C10G6.51,0,0
CELE_C10G6.16|21ur-4525,0,0
CELE_C10G6.43|21ur-8075,0,0
CELE_C10G6.17|21ur-441,0,0
CELE_C10G6.36|21ur-14677,0,0
CELE_C10G6.32|21ur-15428,0,0
CELE_C10G6.13|21ur-4010,0,0
CELE_C10G6.4|21ur-3912,0,0
CELE_C10G6.29|21ur-9311,0,0
CELE_C10G6.7|21ur-594,0,0
CELE_C10G6.30|21ur-8307,0,0
CELE_C10G6.25|21ur-14959,0,0
CELE_C10G6.8|21ur-987,0,0
CELE_C10G6.19|21ur-1819,0,0
CELE_C10G6.12|21ur-3616,0,0
CELE_C10G6.34|21ur-11523,0,0
CELE_C10G6.14|21ur-4658,0,0
CELE_C10G6.18|21ur-776,0,0
CELE_C10G6.38|21ur-12847,0,0
CELE_C10G6.28|21ur-14400,0,0
CELE_C10G6.2|21ur-48,0,0
CELE_C10G6.15|21ur-2619,0,0
CELE_C10G6.26|21ur-6377,0,0
CELE_C10G6.33|21ur-10865,0,0
CELE_C10G6.41|21ur-15165,0,0
CELE_C10G6.49|21ur-13286,0,0
CELE_C10G6.37|21ur-11398,0,0
CELE_C10G6.6|21ur-1180,0,0
CELE_C10G6.44|21ur-11311,0,0
CELE_C06E7.34|21ur-2176,0,0
CELE_C06E7.12|21ur-1042,0,0
CELE_C06E7.80|21ur-10992,0,0
CELE_C06E7.78|21ur-6441,0,0
CELE_C06E7.50|21ur-6293,0,0
CELE_C06E7.24|21ur-2174,0,0
CELE_C06E7.95|C06E7.95,0,0
CELE_C06E7.60|21ur-9348,0,0
CELE_C06E7.13|21ur-2162,0,0
CELE_C06E7.57|21ur-6886,0,0
CELE_C06E7.92|C06E7.92,0,0
CELE_C06E7.23|21ur-4042,0,0
CELE_C06E7.38|21ur-2869,0,0
CELE_C06E7.27|21ur-4352,0,0
CELE_C06E7.69|21ur-12875,0,0
CELE_C06E7.10|21ur-178,0,0
CELE_C06E7.91|C06E7.91,0,0
CELE_C06E7.81|21ur-9278,0,0
CELE_C06E7.58|21ur-15098,0,0
CELE_C06E7.79|21ur-8734,0,0
CELE_C06E7.18|21ur-3600,0,0
CELE_C06E7.83|21ur-14896,0,0
CELE_C06E7.30|21ur-3476,0,0
CELE_C06E7.49|21ur-13128,0,0
CELE_C06E7.36|21ur-432,0,0
CELE_C06E7.44|21ur-5290,0,0
CELE_C06E7.40|21ur-2191,0,0
CELE_C06E7.90|C06E7.90,0,0
CELE_C06E7.16|21ur-224,0,0
CELE_C06E7.20|21ur-5187,0,0
CELE_C06E7.66|21ur-14844,0,0
CELE_C06E7.87|21ur-7743,0,0
CELE_C06E7.22|21ur-855,0,0
CELE_C06E7.89|C06E7.89,0,0
CELE_C06E7.41|21ur-71,0,0
CELE_C06E7.46|21ur-10875,0,0
CELE_C06E7.67|21ur-6340,0,0
CELE_C06E7.47|21ur-15533,0,0
CELE_C06E7.7|srv-17,0,0
CELE_C06E7.65|21ur-8145,0,0
CELE_C06E7.42|21ur-1203,0,0
CELE_C06E7.55|21ur-13890,0,0
CELE_C06E7.74|21ur-9065,0,0
CELE_C06E7.82|21ur-11361,0,0
CELE_C06E7.11|21ur-906,0,0
CELE_H04M03.63|21ur-15606,0,0
CELE_H04M03.5|srv-18,0,0
CELE_H04M03.6|srv-19,0,0
CELE_H04M03.20|21ur-4270,0,0
CELE_H04M03.30|21ur-8410,0,0
CELE_H04M03.25|21ur-4460,0,0
CELE_H04M03.68|21ur-12435,0,0
CELE_H04M03.40|21ur-12094,0,0
CELE_H04M03.7|srv-20,0,0
CELE_H04M03.49|21ur-15389,0,0
CELE_H04M03.65|21ur-6477,0,0
CELE_H04M03.55|21ur-9588,0,0
CELE_H04M03.8|srv-21,0,0
CELE_H04M03.22|21ur-3567,0,0
CELE_H04M03.31|21ur-13930,0,0
CELE_H04M03.9|srv-22,0,0
CELE_H04M03.57|21ur-12712,0,0
CELE_H04M03.71|21ur-9409,0,0
CELE_H04M03.72|21ur-14977,0,0
CELE_H04M03.45|21ur-8839,0,0
CELE_H04M03.33|21ur-7880,0,0
CELE_H04M03.39|21ur-12541,0,0
CELE_H04M03.10|srv-23,0,0
CELE_H04M03.29|21ur-14368,0,0
CELE_H04M03.69|21ur-14234,0,0
CELE_H04M03.37|21ur-14847,0,0
CELE_H04M03.61|21ur-12897,0,0
CELE_H04M03.62|21ur-11186,0,0
CELE_H04M03.52|21ur-5976,0,0
CELE_H04M03.14|21ur-3144,0,0
CELE_H04M03.51|21ur-9034,0,0
CELE_H04M03.18|21ur-3682,0,0
CELE_H04M03.43|21ur-15369,0,0
CELE_H04M03.23|21ur-2797,0,0
CELE_H04M03.74|21ur-6448,0,0
CELE_H04M03.58|21ur-15019,0,0
CELE_H04M03.76|21ur-12565,0,0
CELE_H04M03.41|21ur-9090,0,0
CELE_H04M03.27|21ur-3134,0,0
CELE_H04M03.16|21ur-4682,0,0
CELE_H04M03.19|21ur-3843,0,0
CELE_H04M03.13|21ur-2522,0,0
CELE_H32C10.52|21ur-7005,0,0
CELE_H32C10.25|21ur-4177,0,0
CELE_H32C10.55|21ur-13403,0,0
CELE_H32C10.16|21ur-5320,0,0
CELE_H32C10.67|21ur-13959,0,0
CELE_H32C10.41|21ur-10945,0,0
CELE_H32C10.74|21ur-10767,0,0
CELE_H32C10.29|21ur-11762,0,0
CELE_H32C10.20|21ur-5099,0,0
CELE_H32C10.17|21ur-1792,0,0
CELE_H32C10.92|21ur-13653,0,0
CELE_H32C10.5|21ur-2751,0,0
CELE_H32C10.38|21ur-9895,0,0
CELE_H32C10.32|21ur-10280,0,0
CELE_H32C10.54|21ur-7783,0,0
CELE_H32C10.49|21ur-14323,0,0
CELE_H32C10.65|21ur-7259,0,0
CELE_H32C10.53|21ur-15570,0,0
CELE_H32C10.98|H32C10.98,0,0
CELE_H32C10.100|H32C10.100,0,0
CELE_H32C10.94|H32C10.94,0,0
CELE_H32C10.58|21ur-10163,0,0
CELE_H32C10.28|21ur-9405,0,0
CELE_H32C10.40|21ur-9753,0,0
CELE_H32C10.82|21ur-8342,0,0
CELE_H32C10.43|21ur-7278,0,0
CELE_H32C10.34|21ur-11246,0,0
CELE_H32C10.37|21ur-7695,0,0
CELE_H32C10.30|21ur-9503,0,0
CELE_H32C10.6|21ur-816,0,0
CELE_H32C10.70|21ur-9486,0,0
CELE_H32C10.4|21ur-4318,0,0
CELE_H32C10.57|21ur-13642,0,0
CELE_H32C10.86|21ur-15691,0,0
CELE_H32C10.95|H32C10.95,0,0
CELE_H32C10.45|21ur-11656,0,0
CELE_H32C10.23|21ur-2287,0,0
CELE_H32C10.22|21ur-3078,0,0
CELE_H32C10.26|21ur-4005,0,0
CELE_H32C10.96|H32C10.96,0,0
CELE_H32C10.44|21ur-10599,0,0
CELE_H32C10.83|21ur-10325,0,0
CELE_H32C10.21|21ur-5246,0,0
CELE_H32C10.14|21ur-2021,0,0
CELE_H32C10.68|21ur-6160,0,0
CELE_H32C10.59|21ur-10348,0,0
CELE_H32C10.13|21ur-100,0,0
CELE_H32C10.89|21ur-11277,0,0
CELE_H32C10.75|21ur-12379,0,0
CELE_H32C10.7|21ur-3611,0,0
CELE_H32C10.33|21ur-12958,0,0
CELE_H32C10.90|21ur-6304,0,0
CELE_H32C10.79|21ur-6877,0,0
CELE_H32C10.69|21ur-8397,0,0
CELE_H32C10.36|21ur-9021,0,0
CELE_H32C10.66|21ur-13559,0,0
CELE_H32C10.81|21ur-13066,0,0
CELE_H32C10.93|21ur-5956,0,0
CELE_H32C10.10|21ur-126,0,0
CELE_H32C10.80|21ur-15372,0,0
CELE_H32C10.61|21ur-9328,0,0
CELE_H32C10.85|21ur-11677,0,0
CELE_H32C10.51|21ur-12407,0,0
CELE_B0350.39|21ur-12493,0,0
CELE_C44A5.1|21ur-11105,0,0
CELE_C46G7.111|C46G7.111,0,0
CELE_C46G7.74|21ur-11480,0,0
CELE_C46G7.96|21ur-13544,0,0
CELE_C46G7.46|21ur-8703,0,0
CELE_C46G7.79|21ur-9309,0,0
CELE_C46G7.39|21ur-11542,0,0
CELE_C46G7.102|21ur-12530,0,0
CELE_C46G7.110|C46G7.110,0,0
CELE_C46G7.62|21ur-12705,0,0
CELE_C46G7.49|21ur-9098,0,0
CELE_C46G7.47|21ur-6551,0,0
CELE_C46G7.42|21ur-6086,0,0
CELE_C46G7.107|C46G7.107,0,0
CELE_C46G7.83|21ur-12012,0,0
CELE_C46G7.21|21ur-5365,0,0
CELE_C46G7.94|21ur-12074,0,0
CELE_C46G7.78|21ur-11960,0,0
CELE_C46G7.101|21ur-11042,0,0
CELE_C46G7.41|21ur-5839,0,0
CELE_C46G7.71|21ur-8172,0,0
CELE_C46G7.86|21ur-8133,0,0
CELE_C46G7.99|21ur-8165,0,0
CELE_C46G7.12|21ur-4430,0,0
CELE_C46G7.85|21ur-6190,0,0
CELE_C46G7.65|21ur-5775,0,0
CELE_C46G7.90|21ur-13089,0,0
CELE_C46G7.77|21ur-8814,0,0
CELE_C46G7.40|21ur-13003,0,0
CELE_H16O14.18|21ur-223,0,0
CELE_K08B4.38|21ur-6722,0,0
CELE_K08B4.15|21ur-9403,0,0
CELE_K08B4.36|21ur-9826,0,0
CELE_K08B4.20|21ur-11431,0,0
CELE_K08B4.9|21ur-4109,0,0
CELE_K08B4.26|21ur-12887,0,0
CELE_K08B4.37|21ur-8026,0,0
CELE_K08B4.30|21ur-14982,0,0
CELE_K08B4.21|21ur-14313,0,0
CELE_K08B4.22|21ur-6515,0,0
CELE_M03D4.42|21ur-11237,0,0
CELE_M03D4.35|21ur-8990,0,0
CELE_M03D4.44|21ur-7058,0,0
CELE_M03D4.46|21ur-9148,0,0
CELE_M03D4.52|21ur-11118,0,0
CELE_M03D4.56|21ur-5997,0,0
CELE_M03D4.18|21ur-2651,0,0
CELE_M03D4.71|21ur-11892,0,0
CELE_M03D4.20|21ur-2964,0,0
CELE_M03D4.55|21ur-14720,0,0
CELE_M03D4.78|M03D4.78,0,0
CELE_M03D4.24|21ur-4364,0,0
CELE_M03D4.59|21ur-13778,0,0
CELE_M03D4.9|21ur-2501,0,0
CELE_M03D4.26|21ur-4438,0,0
CELE_M03D4.47|21ur-10802,0,0
CELE_M03D4.31|21ur-7351,0,0
CELE_M03D4.41|21ur-5571,0,0
CELE_M03D4.10|21ur-254,0,0
CELE_M03D4.64|21ur-10909,0,0
CELE_M03D4.38|21ur-13510,0,0
CELE_M03D4.11|21ur-255,0,0
CELE_M03D4.36|21ur-11064,0,0
CELE_M03D4.17|21ur-3678,0,0
CELE_M03D4.67|21ur-11982,0,0
CELE_M03D4.12|21ur-563,0,0
CELE_M03D4.25|21ur-2924,0,0
CELE_M03D4.8|21ur-5209,0,0
CELE_M03D4.54|21ur-11984,0,0
CELE_M03D4.21|21ur-759,0,0
CELE_M03D4.15|21ur-4552,0,0
CELE_M03D4.49|21ur-11646,0,0
CELE_M03D4.48|21ur-10077,0,0
CELE_M03D4.28|21ur-10729,0,0
CELE_M03D4.69|21ur-7688,0,0
CELE_M03D4.30|21ur-12244,0,0
CELE_M03D4.51|21ur-14521,0,0
CELE_M03D4.58|21ur-8913,0,0
CELE_M03D4.50|21ur-7948,0,0
CELE_M03D4.65|21ur-10885,0,0
CELE_M03D4.63|21ur-6053,0,0
CELE_M03D4.33|21ur-10778,0,0
CELE_M03D4.43|21ur-13537,0,0
CELE_M03D4.76|M03D4.76,0,0
CELE_M03D4.68|21ur-10486,0,0
CELE_M03D4.66|21ur-13565,0,0
CELE_M03D4.77|M03D4.77,0,0
CELE_M03D4.74|M03D4.74,0,0
CELE_M03D4.5|M03D4.5,0,0
CELE_M03D4.75|M03D4.75,0,0
CELE_M03D4.37|21ur-9792,0,0
CELE_M03D4.73|21ur-12951,0,0
CELE_H10D12.6|21ur-11979,0,0
CELE_C11D2.77|21ur-14958,0,0
CELE_C11D2.36|21ur-5425,0,0
CELE_C11D2.70|21ur-11992,0,0
CELE_C11D2.71|21ur-15186,0,0
CELE_C11D2.16|21ur-4577,0,0
CELE_C11D2.80|21ur-11274,0,0
CELE_C11D2.46|21ur-7199,0,0
CELE_C11D2.90|21ur-9379,0,0
CELE_C11D2.52|21ur-11073,0,0
CELE_C11D2.51|21ur-6910,0,0
CELE_C11D2.64|21ur-15681,0,0
CELE_C11D2.22|21ur-4902,0,0
CELE_C11D2.88|21ur-7400,0,0
CELE_C11D2.33|21ur-3846,0,0
CELE_C11D2.48|21ur-11718,0,0
CELE_C11D2.83|21ur-5904,0,0
CELE_H08M21.4|21ur-2429,0,0
CELE_H08M21.5|21ur-9170,0,0
CELE_H08M21.9|21ur-11329,0,0
CELE_H08M21.1|21ur-297,0,0
CELE_H08M21.11|21ur-8972,0,0
CELE_H08M21.6|21ur-14735,0,0
CELE_H08M21.2|21ur-762,0,0
CELE_H08M21.8|21ur-12027,0,0
CELE_H08M21.10|21ur-6734,0,0
CELE_H08M21.7|21ur-6155,0,0
CELE_H08M21.3|21ur-1741,0,0
CELE_C49A9.31|21ur-15131,0,0
CELE_C49A9.14|21ur-6243,0,0
CELE_C49A9.15|21ur-5469,0,0
CELE_C49A9.26|21ur-8677,0,0
CELE_C49A9.24|21ur-5803,0,0
CELE_C49A9.11|21ur-820,0,0
CELE_C49A9.12|21ur-3914,0,0
CELE_C49A9.21|21ur-12075,0,0
CELE_F58F9.16|21ur-8190,0,0
CELE_F58F9.6|F58F9.6,0,0
CELE_F58F9.12|21ur-6770,0,0
CELE_F58F9.14|21ur-8545,0,0
CELE_F58F9.9|F58F9.9,0,0
CELE_F58F9.10|F58F9.10,0,0
CELE_F58F9.15|21ur-6414,0,0
CELE_F58F9.11|F58F9.11,0,0
CELE_F58F9.22|21ur-8218,0,0
CELE_F58F9.21|21ur-7307,0,0
CELE_F58F9.13|21ur-7817,0,0
CELE_T13A10.17|21ur-14260,0,0
CELE_T13A10.57|21ur-10538,0,0
CELE_T13A10.35|21ur-13871,0,0
CELE_T13A10.14|srv-28,0,0
CELE_T13A10.29|21ur-9404,0,0
CELE_T13A10.31|21ur-10636,0,0
CELE_T13A10.39|21ur-9957,0,0
CELE_T13A10.30|21ur-7331,0,0
CELE_T13A10.54|21ur-9047,0,0
CELE_T13A10.52|21ur-13779,0,0
CELE_T13A10.7|srv-30,0,0
CELE_T13A10.28|21ur-12034,0,0
CELE_T13A10.46|21ur-8081,0,0
CELE_T13A10.47|21ur-15483,0,0
CELE_T13A10.9|srv-31,0,0
CELE_T13A10.36|21ur-15118,0,0
CELE_T13A10.38|21ur-10138,0,0
CELE_T13A10.25|21ur-8905,0,0
CELE_T13A10.23|21ur-6145,0,0
CELE_T13A10.48|21ur-8547,0,0
CELE_T13A10.22|21ur-11801,0,0
CELE_T13A10.60|21ur-12612,0,0
CELE_T13A10.50|21ur-10614,0,0
CELE_T13A10.55|21ur-7445,0,0
CELE_T13A10.44|21ur-7121,0,0
CELE_T13A10.61|21ur-14954,0,0
CELE_Y73B6BL.263|21ur-7397,0,0
CELE_Y73B6BL.104|21ur-10048,0,0
CELE_Y73B6BL.225|21ur-9136,0,0
CELE_Y73B6BL.40|srv-26,0,0
CELE_Y73B6BL.142|21ur-7523,0,0
CELE_Y73B6BL.130|21ur-13815,0,0
CELE_Y73B6BL.11|srv-25,0,0
CELE_Y73B6BL.208|21ur-13579,0,0
CELE_Y73B6BL.211|21ur-9473,0,0
CELE_Y73B6BL.212|21ur-5721,0,0
CELE_Y73B6BL.177|21ur-5700,0,0
CELE_Y73B6BL.199|21ur-6424,0,0
CELE_Y73B6BL.259|21ur-6999,0,0
CELE_Y73B6BL.65|21ur-3666,0,0
CELE_Y73B6BL.272|Y73B6BL.272,0,0
CELE_Y73B6BL.205|21ur-7339,0,0
CELE_Y73B6BL.125|21ur-13220,0,0
CELE_Y73B6BL.234|21ur-13878,0,0
CELE_Y73B6BL.250|21ur-12358,0,0
CELE_Y73B6BL.154|21ur-8806,0,0
CELE_Y73B6BL.231|21ur-9559,0,0
CELE_Y73B6BL.189|21ur-13830,0,0
CELE_Y73B6BL.55|21ur-4751,0,0
CELE_Y73B6BL.278|Y73B6BL.278,0,0
CELE_Y73B6BL.63|21ur-1336,0,0
CELE_Y73B6BL.64|21ur-3080,0,0
CELE_Y73B6BL.280|Y73B6BL.280,0,0
CELE_Y73B6BL.110|21ur-8835,0,0
CELE_Y73B6BL.119|21ur-6510,0,0
CELE_Y73B6BL.139|21ur-12837,0,0
CELE_Y73B6BL.144|21ur-12696,0,0
CELE_Y73B6BL.207|21ur-6887,0,0
CELE_Y73B6BL.216|21ur-5691,0,0
CELE_Y73B6BL.249|21ur-6238,0,0
CELE_Y73B6BL.238|21ur-8901,0,0
CELE_Y73B6BL.218|21ur-9429,0,0
CELE_Y73B6BL.152|21ur-7454,0,0
CELE_Y73B6BL.117|21ur-5500,0,0
CELE_Y73B6BL.239|21ur-11692,0,0
CELE_Y73B6BL.95|21ur-13495,0,0
CELE_Y73B6BL.131|21ur-7248,0,0
CELE_Y73B6BL.86|21ur-11310,0,0
CELE_Y73B6BL.58|21ur-2182,0,0
CELE_Y73B6BL.98|21ur-11774,0,0
CELE_Y73B6BL.161|21ur-6998,0,0
CELE_Y73B6BL.176|21ur-12022,0,0
CELE_Y73B6BL.248|21ur-14551,0,0
CELE_Y73B6BL.68|21ur-2450,0,0
CELE_Y73B6BL.257|21ur-7036,0,0
CELE_Y73B6BL.116|21ur-5528,0,0
CELE_Y73B6BL.45|Y73B6BL.45,0,0
CELE_Y73B6BL.99|21ur-11466,0,0
CELE_Y73B6BL.106|21ur-5970,0,0
CELE_Y73B6BL.140|21ur-7985,0,0
CELE_Y73B6BL.89|21ur-9986,0,0
CELE_Y73B6BL.220|21ur-12695,0,0
CELE_Y73B6BL.227|21ur-13140,0,0
CELE_Y73B6BL.123|21ur-7980,0,0
CELE_Y73B6BL.241|21ur-11313,0,0
CELE_Y73B6BL.237|21ur-5541,0,0
CELE_Y73B6BL.260|21ur-13816,0,0
CELE_Y73B6BL.253|21ur-15410,0,1
CELE_Y73B6BL.150|21ur-10177,0,0
CELE_Y73B6BL.244|21ur-8906,0,0
CELE_Y73B6BL.213|21ur-10292,0,0
CELE_Y73B6BL.251|21ur-9116,0,0
CELE_Y73B6BL.153|21ur-9689,0,0
CELE_Y73B6BL.128|21ur-7111,0,0
CELE_Y73B6BL.168|21ur-12637,0,0
CELE_Y73B6BL.169|21ur-12153,0,0
CELE_Y73B6BL.93|21ur-8080,0,0
CELE_Y73B6BL.111|21ur-12318,0,0
CELE_Y73B6BL.46|smy-7,0,0
CELE_Y73B6BL.165|21ur-8382,0,0
CELE_Y73B6BL.274|Y73B6BL.274,0,0
CELE_Y73B6BL.191|21ur-6503,0,0
CELE_Y73B6BL.235|21ur-8592,0,0
CELE_Y73B6BL.206|21ur-9820,0,0
CELE_Y73B6BL.203|21ur-13604,0,0
CELE_Y73B6BL.84|21ur-1520,0,0
CELE_Y73B6BL.103|21ur-12675,0,0
CELE_Y73B6BL.85|21ur-14428,0,0
CELE_Y73B6BL.74|21ur-4395,0,0
CELE_Y73B6BL.192|21ur-10753,0,0
CELE_Y73B6BL.83|21ur-4507,0,0
CELE_Y73B6BL.273|Y73B6BL.273,0,2
CELE_Y73B6BL.141|21ur-10058,0,0
CELE_Y73B6BL.222|21ur-8801,0,0
CELE_Y73B6BL.267|21ur-12714,0,0
CELE_Y73B6BL.73|21ur-3202,0,0
CELE_Y73B6BL.201|21ur-9818,0,0
CELE_Y73B6BL.134|21ur-10783,0,0
CELE_Y73B6BL.96|21ur-9652,0,0
CELE_Y73B6BL.53|21ur-526,0,0
CELE_Y73B6BL.81|21ur-984,0,0
CELE_Y73B6BL.80|21ur-1414,0,0
CELE_Y73B6BL.121|21ur-5756,0,0
CELE_Y73B6BL.88|21ur-8113,0,0
CELE_Y73B6BL.252|21ur-12293,0,0
CELE_Y73B6BL.230|21ur-9777,0,0
CELE_Y73B6BL.114|21ur-13123,0,0
CELE_Y73B6BL.214|21ur-7407,0,0
CELE_Y73B6BL.61|21ur-3368,0,0
CELE_Y73B6BL.76|21ur-1029,0,0
CELE_Y73B6BL.52|21ur-1840,0,0
CELE_Y73B6BL.102|21ur-14671,0,0
CELE_Y73B6BL.210|21ur-14688,0,0
CELE_Y73B6BL.48|21ur-2113,0,0
CELE_Y73B6BL.157|21ur-13134,0,0
CELE_Y73B6BL.187|21ur-6900,0,0
CELE_Y73B6BL.287|Y73B6BL.287,0,0
CELE_Y73B6BL.115|21ur-8630,0,0
CELE_Y73B6BL.180|21ur-13535,0,0
CELE_Y73B6BL.155|21ur-8832,0,0
CELE_Y73B6BL.284|Y73B6BL.284,0,0
CELE_Y73B6BL.282|Y73B6BL.282,0,0
CELE_Y73B6BL.158|21ur-5882,0,0
CELE_Y73B6BL.147|21ur-11025,0,0
CELE_Y73B6BR.17|21ur-9114,0,0
CELE_Y73B6BR.4|21ur-1534,0,0
CELE_Y73B6BR.24|21ur-7984,0,0
CELE_Y73B6BR.13|21ur-7990,0,0
CELE_Y73B6BR.14|21ur-9289,0,0
CELE_Y73B6BR.29|21ur-7048,0,0
CELE_Y73B6BR.27|21ur-11539,0,0
CELE_Y73B6BR.3|21ur-4522,0,0
CELE_Y73B6BR.2|21ur-2048,0,0
CELE_Y73B6BR.8|21ur-9976,0,0
CELE_Y73B6BR.9|21ur-7158,0,0
CELE_Y73B6BR.30|21ur-7337,0,0
CELE_Y73B6BR.19|21ur-8654,0,0
CELE_C01G5.16|21ur-9294,0,0
CELE_C01G5.11|21ur-12242,0,0
CELE_C01G5.21|21ur-9318,0,0
CELE_C01G5.13|21ur-6672,0,0
CELE_C43G2.22|21ur-11602,0,1
CELE_C43G2.10|21ur-7676,0,0
CELE_C43G2.18|21ur-12215,0,0
CELE_C43G2.23|21ur-6599,0,0
CELE_C43G2.6|21ur-6496,0,0
CELE_C43G2.27|C43G2.27,0,0
CELE_C43G2.26|C43G2.26,0,0
CELE_C43G2.25|C43G2.25,0,0
CELE_C01B10.38|21ur-14310,0,0
CELE_C01B10.37|21ur-15420,0,0
CELE_C01B10.27|21ur-6394,0,0
CELE_C01B10.39|21ur-7169,0,0
CELE_C01B10.15|21ur-15484,0,0
CELE_C01B10.36|21ur-7352,0,0
CELE_C01B10.49|C01B10.49,0,0
CELE_C01B10.35|21ur-13538,0,0
CELE_C01B10.19|21ur-7473,0,0
CELE_C01B10.22|21ur-8182,0,0
CELE_C01B10.17|21ur-6657,0,0
CELE_C01B10.42|21ur-5798,0,0
CELE_C01B10.25|21ur-11294,0,0
CELE_C01B10.40|21ur-8058,0,0
CELE_C01B10.31|21ur-14537,0,0
CELE_C01B10.32|21ur-6875,0,0
CELE_Y73B6A.7|mir-58.2,0,0
CELE_Y73B6A.17|Y73B6A.17,0,0
CELE_Y73B6A.9|21ur-12285,0,0
CELE_Y73B6A.11|21ur-14257,0,0
CELE_Y73B6A.10|21ur-9017,0,0
CELE_Y73B6A.12|21ur-7760,0,0
CELE_Y73B6A.15|Y73B6A.15,0,0
CELE_H34C03.16|21ur-5651,0,0
CELE_H34C03.6|21ur-14162,0,0
CELE_H34C03.18|H34C03.18,0,0
CELE_H34C03.14|21ur-11927,0,0
CELE_H34C03.13|21ur-15238,0,0
CELE_H34C03.3|21ur-10091,0,0
CELE_H34C03.12|21ur-6101,0,0
CELE_C17H12.35|C17H12.35,0,0
CELE_C17H12.32|C17H12.32,0,0
CELE_C17H12.36|C17H12.36,0,0
CELE_C17H12.31|C17H12.31,0,0
CELE_C17H12.18|21ur-8662,0,0
CELE_C17H12.26|21ur-7848,0,0
CELE_C17H12.28|21ur-13732,0,0
CELE_C17H12.7|C17H12.7,0,0
CELE_H20E11.5|21ur-14253,0,0
CELE_H20E11.4|21ur-11110,0,0
CELE_H20E11.7|21ur-8175,0,0
CELE_H20E11.8|21ur-6942,0,0
CELE_C05B10.3|21ur-7541,0,0
CELE_C05B10.4|21ur-13576,0,0
CELE_C05B10.10|21ur-14924,0,0
CELE_C05B10.7|21ur-14532,0,0
CELE_C05B10.21|C05B10.21,0,0
CELE_C05B10.19|C05B10.19,0,0
CELE_C05B10.15|C05B10.15,0,0
CELE_C05B10.11|21ur-8870,0,0
CELE_C05B10.6|21ur-14312,0,0
CELE_C05B10.13|21ur-7170,0,0
CELE_C05B10.16|C05B10.16,0,0
CELE_C05B10.14|C05B10.14,0,0
CELE_R13H7.16|21ur-10360,0,0
CELE_R13H7.6|21ur-9520,0,0
CELE_R13H7.3|R13H7.3,0,0
CELE_R13H7.8|21ur-11891,0,0
CELE_R13H7.11|21ur-7000,0,0
CELE_R13H7.1|srx-20,0,0
CELE_R13H7.17|21ur-9864,0,0
CELE_R13H7.12|21ur-13933,0,0
CELE_T05A12.5|21ur-6531,0,0
CELE_T22D1.19|T22D1.19,0,0
CELE_T22D1.22|T22D1.22,0,0
CELE_T22D1.21|T22D1.21,0,0
CELE_T22D1.1|gtnt-47,0,0
CELE_T22D1.20|T22D1.20,0,0
CELE_T22D1.16|21ur-14346,0,0
CELE_T22D1.13|21ur-9563,0,0
CELE_T22D1.15|21ur-5850,0,0
CELE_B0478.14|21ur-10175,0,0
CELE_B0478.21|21ur-13230,0,0
CELE_B0478.9|21ur-6730,0,0
CELE_B0478.13|21ur-6930,0,0
CELE_B0478.4|21ur-11811,0,0
CELE_B0478.15|21ur-9097,0,0
CELE_B0478.16|21ur-6385,0,0
CELE_B0478.10|21ur-9103,0,0
CELE_B0478.23|B0478.23,0,0
CELE_B0478.26|B0478.26,0,0
CELE_B0478.19|21ur-13531,0,0
CELE_B0478.22|21ur-8195,0,0
CELE_B0478.20|21ur-13445,0,0
CELE_B0478.24|B0478.24,0,0
CELE_B0478.11|21ur-12264,0,0
CELE_ZK381.21|21ur-13678,0,0
CELE_ZK381.28|21ur-10869,0,0
CELE_ZK381.29|21ur-13688,0,0
CELE_ZK381.63|ZK381.63,0,0
CELE_ZK381.60|ZK381.60,0,0
CELE_ZK381.13|21ur-1101,0,0
CELE_ZK381.45|ZK381.45,0,0
CELE_ZK381.51|ZK381.51,0,0
CELE_ZK381.54|ZK381.54,0,0
CELE_ZK381.59|ZK381.59,0,0
CELE_ZK381.31|21ur-10110,0,0
CELE_ZK381.23|21ur-11522,0,0
CELE_ZK381.38|ZK381.38,0,0
CELE_ZK381.34|ZK381.34,0,0
CELE_ZK381.10|21ur-2087,0,0
CELE_ZK381.9|21ur-4660,0,0
CELE_ZK381.24|21ur-10023,0,0
CELE_ZK381.15|21ur-15247,0,0
CELE_ZK381.33|21ur-7804,0,0
CELE_ZK381.40|ZK381.40,0,0
CELE_ZK381.12|21ur-870,0,0
CELE_ZK381.11|21ur-1004,0,0
CELE_ZK381.17|21ur-6799,0,0
CELE_ZK381.30|21ur-13206,0,0
CELE_ZK381.22|21ur-6755,0,0
CELE_ZK381.32|21ur-13536,0,0
CELE_ZK381.46|ZK381.46,0,0
CELE_ZK381.27|21ur-14995,0,0
CELE_ZK381.19|21ur-7120,0,0
CELE_ZK381.49|ZK381.49,0,0
CELE_ZK381.55|ZK381.55,0,0
CELE_ZK381.25|21ur-14586,0,0
CELE_ZK381.56|ZK381.56,0,0
CELE_ZK381.26|21ur-11205,0,0
CELE_ZK381.41|ZK381.41,0,0
CELE_ZK381.35|ZK381.35,0,0
CELE_ZK381.48|ZK381.48,0,0
CELE_ZK381.44|ZK381.44,0,0
CELE_ZK381.18|21ur-8686,0,0
CELE_ZK381.52|ZK381.52,0,0
CELE_C25A8.9|C25A8.9,0,0
CELE_C25A8.6|21ur-9962,0,0
CELE_C25A8.1|C25A8.1,0,0
CELE_C06G3.15|21ur-11604,0,0
CELE_C06G3.4|C06G3.4,0,0
CELE_C06G3.17|21ur-10311,0,0
CELE_C06G3.16|21ur-9749,0,0
CELE_Y43B11AR.5|srg-48,0,0
CELE_Y43B11AR.2|srg-50,0,0
CELE_Y43B11AR.10|21ur-9787,0,0
CELE_Y43B11AR.8|21ur-11037,0,0
CELE_Y43B11AR.11|21ur-12928,0,0
CELE_Y43B11AR.9|21ur-12339,0,0
CELE_ZC477.13|21ur-15532,0,0
CELE_ZC477.20|ZC477.20,0,0
CELE_ZC477.14|21ur-13939,0,0
CELE_ZC477.15|ZC477.15,0,0
CELE_ZC477.12|21ur-15641,0,0
CELE_C34D4.8|str-48,0,0
CELE_C34D4.17|21ur-14705,0,0
CELE_C34D4.6|str-51,0,0
CELE_C34D4.16|str-50,0,0
CELE_C42D4.9|str-220,0,0
CELE_C42D4.10|str-219,0,0
CELE_C42D4.16|21ur-12366,0,0
CELE_C42D4.5|str-1,0,0
CELE_C42D4.11|clec-179,0,0
CELE_C42D4.12|str-249,0,0
CELE_C42D4.14|21ur-14199,0,0
CELE_C42D4.15|21ur-8221,0,0
CELE_C42D4.17|C42D4.17,0,0
CELE_R13A1.1|R13A1.1,0,0
CELE_D2024.14|D2024.14,0,0
CELE_D2024.15|D2024.15,0,0
CELE_D2024.17|D2024.17,0,0
CELE_C06E4.5|C06E4.5,0,0
CELE_C06E4.10|21ur-15639,0,0
CELE_C06E4.22|C06E4.22,0,0
CELE_C06E4.6|C06E4.6,0,0
CELE_C06E4.4|C06E4.4,0,0
CELE_C06E4.11|21ur-11682,0,0
CELE_C06E4.9|21ur-14818,0,0
CELE_C06E4.13|21ur-14719,0,0
CELE_C06E4.21|C06E4.21,0,0
CELE_C06E4.20|C06E4.20,0,0
CELE_C06E4.T1|C06E4.t1,0,0
CELE_C06E4.16|C06E4.16,0,0
CELE_C06E4.15|C06E4.15,0,0
CELE_C06E4.18|C06E4.18,0,0
CELE_C06E4.17|C06E4.17,0,0
CELE_C06E4.1|C06E4.1,0,0
CELE_C06E4.14|21ur-11085,0,0
CELE_F42C5.15|F42C5.15,0,0
CELE_Y40C5A.23|Y40C5A.23,0,0
CELE_Y40C5A.7|21ur-8840,0,0
CELE_T12B3.8|T12B3.8,0,3
CELE_T12B3.9|T12B3.9,0,0
CELE_C48A7.14|C48A7.14,0,0
CELE_C48A7.15|C48A7.15,0,0
CELE_C48A7.13|C48A7.13,0,0
CELE_C48A7.5|C48A7.5,0,0
CELE_B0496.17|B0496.17,0,0
CELE_B0496.5|srtx-1,0,0
CELE_B0496.15|B0496.15,0,0
CELE_B0496.14|B0496.14,0,0
CELE_B0496.18|B0496.18,0,0
CELE_B0496.16|B0496.16,0,0
CELE_F32E10.10|F32E10.10,0,0
CELE_C08G9.4|C08G9.4,0,0
CELE_C08G9.7|C08G9.7,0,0
CELE_F33D4.11|F33D4.11,0,0
CELE_F33D4.13|F33D4.13,0,0
CELE_C50F7.11|21ur-10237,0,0
CELE_C50F7.12|21ur-13514,0,0
CELE_C50F7.2|clx-1,0,0
CELE_C46A5.10|mir-1820,0,0
CELE_C33H5.2|gtnt-13,0,0
CELE_C33H5.21|21ur-12162,0,0
CELE_C33H5.1|C33H5.1,0,0
CELE_T14A8.3|21ur-12328,0,0
CELE_C06A6.9|C06A6.9,0,0
CELE_C06A6.6|mir-83,0,0
CELE_C06A6.14|C06A6.14,0,0
CELE_T06C10.8|21ur-14877,0,0
CELE_T06C10.7|21ur-14919,0,0
CELE_T06C10.2|srt-73,0,0
CELE_C09G4.7|21ur-11673,0,0
CELE_Y59H11AR.3|Y59H11AR.3,0,0
CELE_Y59H11AR.5|clec-181,0,0
CELE_F42A9.13|F42A9.13,0,0
CELE_F42A9.14|F42A9.14,0,0
CELE_F42A9.11|F42A9.11,0,0
CELE_F42A9.16|linc-126,0,0
CELE_H23L24.9|21ur-12327,0,0
CELE_H23L24.7|21ur-9384,0,0
CELE_F20C5.7|F20C5.7,0,0
CELE_C33D9.4|sru-35,0,0
CELE_C33D9.2|clec-182,0,0
CELE_C33D9.12|21ur-13190,0,0
CELE_C53B4.10|21ur-14792,0,0
CELE_C53D6.T1|C53D6.t1,0,0
CELE_C53D6.17|C53D6.17,0,0
CELE_C53D6.20|C53D6.20,0,0
CELE_C53D6.21|C53D6.21,0,0
CELE_C53D6.19|C53D6.19,0,0
CELE_C53D6.15|21ur-14575,0,0
CELE_Y73F4A.4|21ur-13434,0,0
CELE_ZC410.9|ZC410.9,0,0
CELE_ZC410.8|21ur-13391,0,0
CELE_F23B2.14|sls-2.10,0,0
CELE_F23B2.18|21ur-3,0,0
CELE_F23B2.23|21ur-9013,0,0
CELE_F23B2.16|21ur-4963,0,0
CELE_F23B2.19|21ur-308,0,0
CELE_F23B2.17|21ur-1028,0,0
CELE_F23B2.30|21ur-5644,0,0
CELE_F23B2.9|F23B2.9,0,0
CELE_F23B2.8|F23B2.8,0,0
CELE_F23B2.20|21ur-5749,0,0
CELE_C07C7.3|C07C7.3,0,0
CELE_C07C7.2|21ur-15424,0,0
CELE_C46C2.4|C46C2.4,0,0
CELE_C46C2.9|21ur-12917,0,0
CELE_C46C2.8|C46C2.8,0,0
CELE_C46C2.12|C46C2.12,0,0
CELE_C46C2.11|C46C2.11,0,0
CELE_Y11D7A.1|Y11D7A.1,0,0
CELE_Y11D7A.16|Y11D7A.16,0,0
CELE_Y11D7A.20|21ur-10539,0,0
CELE_H22D14.1|nhr-267,0,0
CELE_F14A5.1|nhr-264,0,0
CELE_F49C12.1|F49C12.1,0,0
CELE_F49C12.2|F49C12.2,0,0
CELE_F49C12.4|F49C12.4,0,0
CELE_F49C12.5|gtnt-30,0,0
CELE_F49C12.17|21ur-14712,0,0
CELE_C10C5.9|C10C5.9,0,0
CELE_C10C5.8|21ur-11845,0,1
CELE_F56D5.8|F56D5.8,0,0
CELE_F56D5.9|F56D5.9,0,0
CELE_F56D5.10|srxa-2,0,0
CELE_F38E11.24|F38E11.24,0,0
CELE_F38E11.10|F38E11.10,0,0
CELE_F38E11.22|F38E11.22,0,0
CELE_C33A12.13|sru-2,0,0
CELE_C33A12.8|sru-6,0,0
CELE_C33A12.18|C33A12.18,0,0
CELE_C33A12.17|C33A12.17,0,0
CELE_C33A12.11|sru-3,0,0
CELE_C33A12.10|sru-4,0,0
CELE_C33A12.25|21ur-6290,0,0
CELE_C33A12.23|21ur-14552,0,0
CELE_F56H11.7|21ur-9004,0,0
CELE_F56H11.9|F56H11.9,0,0
CELE_F56H11.10|F56H11.10,0,0
CELE_F56H11.12|F56H11.12,0,0
CELE_T05A1.10|21ur-12466,0,0
CELE_F27C8.8|21ur-14762,0,0
CELE_F27C8.12|F27C8.12,0,0
CELE_F27C8.11|F27C8.11,0,0
CELE_W09C2.12|W09C2.12,0,0
CELE_W09C2.11|W09C2.11,0,0
CELE_W09C2.5|21ur-12266,0,0
CELE_ZK1251.11|ins-8,0,0
CELE_K01H12.3|nhr-38,0,0
CELE_K01H12.5|21ur-8796,0,0
CELE_C28D4.11|C28D4.11,0,0
CELE_C28D4.14|21ur-7750,0,0
CELE_C28D4.12|21ur-11536,0,0
CELE_C28D4.15|21ur-14914,0,0
CELE_C28D4.16|mir-5551,0,0
CELE_F32B6.14|F32B6.14,0,0
CELE_F32B6.13|F32B6.13,0,0
CELE_F25H8.16|F25H8.16,0,0
CELE_F25H8.14|F25H8.14,0,0
CELE_F25H8.9|F25H8.9,0,0
CELE_F25H8.24|F25H8.24,0,0
CELE_F25H8.21|F25H8.21,0,0
CELE_F25H8.19|F25H8.19,0,0
CELE_F25H8.20|F25H8.20,0,0
CELE_F25H8.10|F25H8.10,0,0
CELE_F25H8.23|F25H8.23,0,0
CELE_F25H8.25|F25H8.25,0,0
CELE_T13H10.17|T13H10.17,0,0
CELE_T13H10.16|T13H10.16,0,0
CELE_T13H10.7|T13H10.7,0,0
CELE_T13H10.5|T13H10.5,0,0
CELE_C47E12.14|C47E12.14,0,0
CELE_C47E12.17|C47E12.17,0,0
CELE_F44D12.19|F44D12.19,0,3
CELE_F44D12.12|F44D12.12,0,0
CELE_F44D12.10|F44D12.10,0,0
CELE_W01B6.12|21ur-14738,0,0
CELE_W01B6.10|W01B6.10,0,0
CELE_C04G2.12|C04G2.12,0,0
CELE_C04G2.11|irld-21,0,0
CELE_K08F4.10|msp-37,0,0
CELE_K08F4.13|K08F4.13,0,0
CELE_K04D7.7|K04D7.7,0,0
CELE_F01G10.20|F01G10.20,0,0
CELE_Y43C5A.10|21ur-12335,0,0
CELE_Y43C5A.8|21ur-13111,0,0
CELE_R09E10.8|R09E10.8,0,0
CELE_R09E10.12|21ur-12020,0,0
CELE_F13B12.15|F13B12.15,0,0
CELE_F13B12.8|21ur-15000,0,0
CELE_F13B12.9|21ur-11886,0,0
CELE_F13B12.14|F13B12.14,0,0
CELE_F01D4.11|21ur-5938,0,0
CELE_F01D4.12|F01D4.12,0,2
CELE_C02F4.9|C02F4.9,0,0
CELE_C02F4.6|21ur-13033,0,0
CELE_C02F4.8|21ur-15302,0,0
CELE_T07G12.4|T07G12.4,0,0
CELE_T07G12.17|21ur-7592,0,0
CELE_T07G12.15|21ur-8688,0,0
CELE_T07G12.19|21ur-9462,0,0
CELE_C43F9.14|C43F9.14,0,0
CELE_C43F9.15|C43F9.15,0,0
CELE_C43F9.16|C43F9.16,0,0
CELE_C43F9.17|C43F9.17,0,0
CELE_C43F9.18|C43F9.18,0,0
CELE_R09H10.11|R09H10.11,0,0
CELE_F56C4.5|21ur-11084,0,0
CELE_K08C7.8|21ur-12680,0,0
CELE_K08C7.5|fmo-2,0,0
CELE_R102.14|21ur-9078,0,0
CELE_R102.9|glb-21,0,0
CELE_R102.13|21ur-14850,0,0
CELE_C06G8.8|21ur-14325,0,0
CELE_C06G8.6|21ur-12323,0,0
CELE_C06G8.5|21ur-14343,0,0
CELE_R13.7|R13.7,0,0
CELE_R13.6|R13.6,0,0
CELE_R13.10|anr-57,0,0
CELE_R13.8|R13.8,0,0
CELE_R13.5|R13.5,0,0
CELE_F13E9.2|fipr-14,0,0
CELE_F13E9.10|srlf-11,0,0
CELE_F13E9.17|21ur-11057,0,0
CELE_F13E9.16|F13E9.16,0,3
CELE_F13E9.8|srlf-14,0,0
CELE_F13E9.4|srlf-13,0,0
CELE_F13E9.9|F13E9.9,0,0
CELE_F13E9.19|F13E9.19,0,2
CELE_ZK593.14|ZK593.14,0,0
CELE_ZK593.13|ZK593.13,0,0
CELE_ZK593.10|mir-246,0,0
CELE_Y69E1A.11|Y69E1A.11,0,0
CELE_Y69E1A.13|Y69E1A.13,0,0
CELE_Y69E1A.10|Y69E1A.10,0,0
CELE_Y69E1A.15|Y69E1A.15,0,0
CELE_Y69E1A.9|Y69E1A.9,0,0
CELE_Y43E12A.6|Y43E12A.6,0,0
CELE_Y43E12A.7|Y43E12A.7,0,0
CELE_Y43E12A.4|Y43E12A.4,0,0
CELE_Y43E12A.5|Y43E12A.5,0,0
CELE_F13H10.7|mir-232,0,0
CELE_C08F8.11|C08F8.11,0,0
CELE_C08F8.14|C08F8.14,0,0
CELE_R07H5.12|R07H5.12,0,0
CELE_R07H5.13|R07H5.13,0,0
CELE_R07H5.14|R07H5.14,0,0
CELE_C29F4.7|C29F4.7,0,0
CELE_C29F4.4|C29F4.4,0,0
CELE_C29F4.5|21ur-9636,0,0
CELE_C29F4.T1|C29F4.t1,0,0
CELE_C05C12.7|21ur-11513,0,0
CELE_C05C12.8|21ur-10052,0,0
CELE_F54D1.17|F54D1.17,0,0
CELE_B0035.17|mir-59,0,0
CELE_T01G1.T1|T01G1.t1,0,0
CELE_T01G1.T2|T01G1.t2,0,0
CELE_H02I12.10|H02I12.10,0,0
CELE_H02I12.11|H02I12.11,0,0
CELE_F22B3.19|F22B3.19,0,0
CELE_F22B3.10|F22B3.10,0,0
CELE_F22B3.13|F22B3.13,0,0
CELE_F22B3.5|F22B3.5,0,0
CELE_F22B3.7|F22B3.7,0,0
CELE_C10C6.12|C10C6.12,0,0
CELE_C10C6.10|21ur-13608,0,0
CELE_H21P03.9|H21P03.9,0,0
CELE_M04B2.8|M04B2.8,0,0
CELE_M04B2.10|M04B2.10,0,0
CELE_M04B2.12|M04B2.12,0,0
CELE_F12F6.11|F12F6.11,0,0
CELE_F12F6.14|F12F6.14,0,0
CELE_F12F6.13|F12F6.13,0,0
CELE_F12F6.16|F12F6.16,0,0
CELE_F12F6.15|F12F6.15,0,0
CELE_F58B3.8|dsl-5,0,0
CELE_F58B3.2|lys-5,0,0
CELE_F58B3.3|lys-6,0,0
CELE_ZK809.13|ZK809.13,0,0
CELE_ZK809.14|ZK809.14,0,0
CELE_ZK809.11|ZK809.11,0,0
CELE_ZK809.12|ZK809.12,0,0
CELE_K01A6.12|K01A6.12,0,0
CELE_K01A6.13|K01A6.13,0,0
CELE_K01A6.10|K01A6.10,0,0
CELE_K01A6.19|K01A6.19,0,0
CELE_K01A6.15|K01A6.15,0,0
CELE_K01A6.21|K01A6.21,0,0
CELE_T12A7.12|T12A7.12,0,0
CELE_T12A7.10|T12A7.10,0,0
CELE_T12A7.9|T12A7.9,0,0
CELE_H01G02.7|H01G02.7,0,0
CELE_H01G02.13|H01G02.13,0,0
CELE_H01G02.14|H01G02.14,0,0
CELE_H01G02.10|H01G02.10,0,0
CELE_H01G02.5|21ur-12922,0,0
CELE_F38H4.12|F38H4.12,0,3
CELE_F38H4.14|F38H4.14,0,0
CELE_C29E6.12|C29E6.12,0,0
CELE_C29E6.10|C29E6.10,0,0
CELE_ZK822.T1|ZK822.t1,0,0
CELE_ZK829.13|ZK829.13,0,0
CELE_ZK829.12|ZK829.12,0,0
CELE_ZK617.8|ZK617.8,0,0
CELE_ZK617.18|ZK617.18,0,0
CELE_T12G3.11|T12G3.11,0,3
CELE_T12G3.9|T12G3.9,0,0
CELE_K08E4.8|K08E4.8,0,0
CELE_K08E4.9|21ur-11438,0,0
CELE_M18.11|M18.11,0,0
CELE_M18.12|M18.12,0,0
CELE_F20B10.9|F20B10.9,0,0
CELE_F20B10.4|21ur-11492,0,0
CELE_F20B10.10|F20B10.10,0,0
CELE_F35G2.10|F35G2.10,0,0
CELE_F35G2.15|F35G2.15,0,0
CELE_F35G2.13|F35G2.13,0,0
CELE_F35G2.17|F35G2.17,0,0
CELE_F35G2.12|F35G2.12,0,0
CELE_Y39C12A.10|Y39C12A.10,0,0
CELE_Y39C12A.4|sre-17,0,0
CELE_Y39C12A.5|sre-16,0,0
CELE_C42C1.18|21ur-12220,0,0
CELE_F19B6.9|F19B6.9,0,0
CELE_F19B6.5|21ur-15225,0,0
CELE_F19B6.7|F19B6.7,0,0
CELE_F19B6.6|F19B6.6,0,0
CELE_F19B6.8|F19B6.8,0,0
CELE_ZC518.7|ZC518.7,0,0
CELE_ZC518.5|21ur-8661,0,0
CELE_F28D1.12|thn-8,0,0
CELE_F28D1.17|21ur-10816,0,0
CELE_F28D1.18|21ur-10116,0,0
CELE_F28D1.16|21ur-11652,0,0
CELE_F28D1.14|21ur-12853,0,0
CELE_F28D1.15|21ur-6613,0,0
CELE_F28D1.20|F28D1.20,0,0
CELE_F28D1.22|F28D1.22,0,0
CELE_F28D1.21|F28D1.21,0,0
CELE_F28D1.19|F28D1.19,0,0
CELE_F08G5.18|F08G5.18,0,0
CELE_F08G5.T1|F08G5.t1,0,0
CELE_F08G5.20|F08G5.20,0,0
CELE_F08G5.11|F08G5.11,0,0
CELE_C25G4.14|21ur-13902,0,0
CELE_C25G4.16|C25G4.16,0,0
CELE_C25G4.15|21ur-14986,0,0
CELE_C25G4.12|21ur-7439,0,0
CELE_T04A11.12|sru-26,0,0
CELE_T04A11.10|sru-17,0,0
CELE_T04A11.14|T04A11.14,0,3
CELE_F53B2.7|F53B2.7,0,0
CELE_F53B2.10|F53B2.10,0,0
CELE_F53B2.1|F53B2.1,0,0
CELE_F53B2.9|sru-10,0,0
CELE_F53B2.2|tsp-4,0,0
CELE_F53B2.4|sru-13,0,0
CELE_F53B2.13|F53B2.13,0,0
CELE_F53B2.11|21ur-11942,0,0
CELE_F53B2.14|F53B2.14,0,0
CELE_F53B2.15|F53B2.15,0,0
CELE_ZK795.4|snb-7,0,0
CELE_T23F6.7|T23F6.7,0,0
CELE_ZK897.6|21ur-13346,0,0
CELE_ZK897.7|21ur-12907,0,0
CELE_ZK897.5|21ur-10098,0,0
CELE_F07C6.6|F07C6.6,0,0
CELE_F07C6.8|F07C6.8,0,0
CELE_F55G11.10|F55G11.10,0,0
CELE_K10D11.4|K10D11.4,0,0
CELE_K10D11.9|21ur-8871,0,0
CELE_F49E11.4|scl-9,0,0
CELE_F49E11.12|F49E11.12,0,0
CELE_F49E11.8|F49E11.8,0,0
CELE_C39E9.1|scl-4,0,0
CELE_C39E9.5|scl-7,0,0
CELE_C39E9.16|C39E9.16,0,0
CELE_F09E8.9|21ur-10402,0,0
CELE_F09E8.11|F09E8.11,0,0
CELE_F09E8.10|21ur-15089,0,0
CELE_C48D1.8|21ur-12992,0,0
CELE_C48D1.7|C48D1.7,0,0
CELE_C48D1.11|C48D1.11,0,0
CELE_C48D1.13|C48D1.13,0,0
CELE_C48D1.10|C48D1.10,0,0
CELE_W02A2.10|W02A2.10,0,0
CELE_W02A2.11|W02A2.11,0,0
CELE_W02A2.5|glr-9,0,0
CELE_Y62E10A.22|21ur-8623,0,0
CELE_Y62E10A.21|21ur-14983,0,0
CELE_Y45F10B.4|sru-16,0,0
CELE_Y45F10B.5|sru-12,0,0
CELE_Y45F10B.6|sru-11,0,0
CELE_Y45F10B.30|21ur-6855,0,0
CELE_Y45F10B.12|Y45F10B.12,0,0
CELE_Y45F10B.50|21ur-14061,0,0
CELE_Y45F10B.11|sru-9,0,0
CELE_Y45F10B.41|21ur-14068,0,0
CELE_Y45F10B.1|tsp-5,0,0
CELE_Y45F10B.51|21ur-6068,0,0
CELE_Y45F10B.57|21ur-11447,0,0
CELE_Y45F10B.33|21ur-14022,0,0
CELE_Y45F10B.42|21ur-12292,0,0
CELE_Y45F10B.17|Y45F10B.17,0,0
CELE_Y45F10B.48|21ur-10080,0,0
CELE_Y45F10B.40|21ur-7481,0,0
CELE_Y45F10B.27|21ur-851,0,0
CELE_Y45F10B.31|21ur-10593,0,0
CELE_Y45F10B.32|21ur-14554,0,0
CELE_Y45F10B.20|smy-10,0,0
CELE_Y45F10B.26|21ur-3398,0,0
CELE_Y45F10B.16|smy-9,0,0
CELE_Y45F10B.46|21ur-8789,0,0
CELE_Y45F10B.25|21ur-5120,0,0
CELE_Y45F10B.43|21ur-10541,0,0
CELE_Y45F10B.21|21ur-3641,0,0
CELE_Y45F10B.45|21ur-9244,0,0
CELE_Y45F10B.18|Y45F10B.18,0,0
CELE_Y45F10B.55|21ur-12831,0,0
CELE_Y45F10B.54|21ur-6542,0,0
CELE_Y45F10B.35|21ur-9122,0,0
CELE_Y45F10B.29|21ur-1830,0,0
CELE_Y45F10B.24|21ur-1076,0,0
CELE_Y45F10B.47|21ur-6856,0,0
CELE_C08F11.30|21ur-2161,0,0
CELE_C08F11.75|21ur-10990,0,0
CELE_C08F11.101|21ur-9934,0,0
CELE_C08F11.52|21ur-4995,0,0
CELE_C08F11.92|21ur-7373,0,0
CELE_C08F11.72|21ur-14165,0,0
CELE_C08F11.19|C08F11.19,0,0
CELE_C08F11.18|C08F11.18,0,0
CELE_C08F11.37|21ur-5326,0,0
CELE_C08F11.76|21ur-15358,0,0
CELE_C08F11.24|21ur-1439,0,0
CELE_C08F11.53|21ur-4604,0,0
CELE_C08F11.67|21ur-7078,0,0
CELE_C08F11.21|21ur-164,0,0
CELE_C08F11.111|21ur-6944,0,0
CELE_C08F11.79|21ur-9651,0,0
CELE_C08F11.29|21ur-3349,0,0
CELE_C08F11.44|21ur-2330,0,0
CELE_C08F11.7|C08F11.7,0,17
CELE_C08F11.42|21ur-2202,0,0
CELE_C08F11.88|21ur-15276,0,0
CELE_C08F11.31|21ur-743,0,0
CELE_C08F11.86|21ur-9064,0,0
CELE_C08F11.91|21ur-7739,0,0
CELE_C08F11.61|21ur-8475,0,0
CELE_C08F11.110|21ur-15535,0,0
CELE_C08F11.97|21ur-6738,0,0
CELE_C08F11.17|C08F11.17,0,0
CELE_C08F11.94|21ur-9635,0,0
CELE_C08F11.107|21ur-12340,0,0
CELE_Y45F10C.20|21ur-6967,0,0
CELE_Y45F10C.14|21ur-5800,0,0
CELE_Y45F10C.15|21ur-10873,0,0
CELE_Y45F10C.8|21ur-12155,0,0
CELE_Y45F10C.16|21ur-5717,0,0
CELE_Y45F10C.12|21ur-11823,0,0
CELE_Y45F10C.11|21ur-12606,0,0
CELE_Y45F10C.18|21ur-13109,0,0
CELE_T23G4.87|21ur-13677,0,0
CELE_T23G4.72|21ur-6303,0,0
CELE_T23G4.60|21ur-6156,0,0
CELE_T23G4.93|21ur-9452,0,0
CELE_T23G4.19|21ur-85,0,0
CELE_T23G4.65|21ur-8282,0,0
CELE_T23G4.22|21ur-873,0,0
CELE_T23G4.54|21ur-11789,0,0
CELE_T23G4.5|srlf-26,0,0
CELE_T23G4.81|21ur-13357,0,0
CELE_T23G4.12|21ur-4091,0,0
CELE_T23G4.68|21ur-13390,0,0
CELE_T23G4.49|21ur-3267,0,0
CELE_T23G4.51|21ur-3610,0,0
CELE_T23G4.126|T23G4.126,0,0
CELE_T23G4.39|21ur-70,0,0
CELE_T23G4.98|21ur-11433,0,0
CELE_T23G4.123|21ur-7240,0,0
CELE_T23G4.29|21ur-4070,0,0
CELE_T23G4.43|21ur-2500,0,0
CELE_T23G4.45|21ur-5359,0,0
CELE_T23G4.23|21ur-1807,0,0
CELE_T23G4.73|21ur-12558,0,0
CELE_T23G4.28|21ur-5388,0,0
CELE_T23G4.84|21ur-7831,0,0
CELE_T23G4.32|21ur-168,0,0
CELE_T23G4.107|21ur-6736,0,0
CELE_T23G4.111|21ur-8587,0,0
CELE_T23G4.10|21ur-4427,0,0
CELE_T23G4.115|21ur-12267,0,0
CELE_T23G4.116|21ur-14561,0,0
CELE_T23G4.58|21ur-7609,0,0
CELE_T23G4.120|21ur-15034,0,0
CELE_T23G4.83|21ur-6955,0,0
CELE_T23G4.69|21ur-8362,0,0
CELE_T23G4.33|21ur-1151,0,0
CELE_T23G4.46|21ur-5024,0,0
CELE_T23G4.117|21ur-6133,0,0
CELE_T23G4.71|21ur-11338,0,0
CELE_T23G4.94|21ur-10717,0,0
CELE_T23G4.74|21ur-7132,0,0
CELE_T23G4.122|21ur-11516,0,0
CELE_T23G4.104|21ur-12166,0,0
CELE_T23G4.48|21ur-1753,0,0
CELE_T23G4.78|21ur-11154,0,0
CELE_T23G4.52|21ur-4252,0,0
CELE_T23G4.34|21ur-661,0,0
CELE_T23G4.38|21ur-448,0,0
CELE_T23G4.26|21ur-1858,0,0
CELE_T23G4.18|21ur-4101,0,1
CELE_T23G4.24|21ur-3252,0,0
CELE_T23G4.20|21ur-2099,0,0
CELE_T23G4.35|21ur-509,0,0
CELE_T23G4.37|21ur-2051,0,0
CELE_T23G4.80|21ur-8585,0,0
CELE_T23G4.67|21ur-7692,0,0
CELE_T23G4.102|21ur-14401,0,0
CELE_T23G4.100|21ur-8841,0,0
CELE_T23G4.64|21ur-10352,0,0
CELE_T23G4.16|21ur-4851,0,0
CELE_T23G4.55|21ur-12918,0,0
CELE_T23G4.13|21ur-5002,0,0
CELE_T23G4.77|21ur-8910,0,0
CELE_T23G4.70|21ur-13367,0,0
CELE_T23G4.42|21ur-3421,0,0
CELE_T23G4.91|21ur-9355,0,0
CELE_T23G4.36|21ur-4078,0,0
CELE_T23G4.103|21ur-12930,0,0
CELE_T23G4.106|21ur-10560,0,0
CELE_T23G4.56|21ur-6576,0,0
CELE_T23G4.14|21ur-3314,0,0
CELE_T23G4.41|21ur-789,0,0
CELE_T23G4.8|21ur-1894,0,0
CELE_T23G4.17|21ur-2589,0,0
CELE_T23G4.57|21ur-15293,0,0
CELE_T23G4.79|21ur-5815,0,1
CELE_T23G4.112|21ur-9251,0,0
CELE_T23G4.88|21ur-10670,0,0
CELE_T23G4.27|21ur-3908,0,0
CELE_T23G4.113|21ur-11376,0,0
CELE_T23G4.105|21ur-7225,0,0
CELE_T23G4.63|21ur-13144,0,0
CELE_T23G4.15|21ur-645,0,0
CELE_T23G4.30|21ur-2851,0,0
CELE_F52D4.28|21ur-6164,0,0
CELE_F52D4.20|21ur-10899,0,0
CELE_F52D4.6|21ur-3250,0,0
CELE_F52D4.17|21ur-12852,0,0
CELE_F52D4.18|21ur-5826,0,0
CELE_F52D4.27|21ur-13928,0,0
CELE_F52D4.14|21ur-12846,0,0
CELE_F52D4.12|21ur-5873,0,0
CELE_F52D4.24|21ur-9242,0,0
CELE_F52D4.30|21ur-11557,0,0
CELE_F52D4.35|21ur-13467,0,0
CELE_F52D4.9|21ur-6874,0,0
CELE_F52D4.1|F52D4.1,0,0
CELE_F52D4.5|21ur-370,0,0
CELE_F52D4.15|21ur-5887,0,0
CELE_F52D4.10|21ur-8250,0,0
CELE_F52D4.31|21ur-11577,0,0
CELE_F52D4.29|21ur-5859,0,0
CELE_F52D4.8|21ur-166,0,0
CELE_F52D4.34|21ur-6696,0,0
CELE_F52D4.33|21ur-15198,0,0
CELE_F52D4.23|21ur-11485,0,0
CELE_F52D4.4|21ur-1786,0,0
CELE_F52D4.16|21ur-14882,0,0
CELE_F52D4.26|21ur-11936,0,0
CELE_F52D4.2|21ur-457,0,0
CELE_F52D4.13|21ur-14039,0,0
CELE_F52D4.25|21ur-11458,0,0
CELE_F52D4.32|21ur-15268,0,0
CELE_F52D4.19|21ur-5510,0,0
CELE_F52D4.11|21ur-14648,0,0
CELE_C47A4.26|21ur-2756,0,0
CELE_C47A4.60|21ur-3877,0,0
CELE_C47A4.65|21ur-4565,0,0
CELE_C47A4.110|21ur-10443,0,0
CELE_C47A4.53|21ur-2824,0,0
CELE_C47A4.56|21ur-1776,0,0
CELE_C47A4.42|21ur-4776,0,0
CELE_C47A4.109|21ur-9321,0,0
CELE_C47A4.101|21ur-12602,0,0
CELE_C47A4.106|21ur-14569,0,0
CELE_C47A4.39|21ur-3087,0,0
CELE_C47A4.55|21ur-3697,0,0
CELE_C47A4.138|21ur-11741,0,0
CELE_C47A4.22|21ur-1785,0,0
CELE_C47A4.52|21ur-3752,0,0
CELE_C47A4.23|21ur-4944,0,0
CELE_C47A4.57|21ur-4704,0,0
CELE_C47A4.83|21ur-14657,0,0
CELE_C47A4.91|21ur-11423,0,0
CELE_C47A4.134|21ur-12463,0,0
CELE_C47A4.21|21ur-4142,0,0
CELE_C47A4.121|21ur-13610,0,0
CELE_C47A4.58|21ur-242,0,0
CELE_C47A4.94|21ur-7667,0,1
CELE_C47A4.73|21ur-15469,0,0
CELE_C47A4.24|21ur-2422,0,0
CELE_C47A4.108|21ur-7020,0,0
CELE_C47A4.32|21ur-3273,0,0
CELE_C47A4.46|21ur-5418,0,0
CELE_C47A4.99|21ur-7732,0,0
CELE_C47A4.10|21ur-1580,0,0
CELE_C47A4.86|21ur-8030,0,0
CELE_C47A4.126|21ur-6526,0,0
CELE_C47A4.116|21ur-13533,0,0
CELE_C47A4.17|21ur-1591,0,0
CELE_C47A4.104|21ur-11397,0,0
CELE_C47A4.120|21ur-9130,0,0
CELE_C47A4.41|21ur-3655,0,0
CELE_C47A4.119|21ur-10150,0,0
CELE_C47A4.132|21ur-12934,0,0
CELE_C47A4.140|21ur-8457,0,0
CELE_C47A4.127|21ur-9560,0,0
CELE_C47A4.27|21ur-1564,0,0
CELE_C47A4.63|21ur-568,0,0
CELE_C47A4.76|21ur-13281,0,0
CELE_C47A4.103|21ur-10827,0,0
CELE_C47A4.71|21ur-3637,0,0
CELE_C47A4.122|21ur-9647,0,0
CELE_C47A4.87|21ur-7719,0,0
CELE_C47A4.15|21ur-869,0,0
CELE_C47A4.59|21ur-3801,0,0
CELE_C47A4.72|21ur-4412,0,0
CELE_C47A4.117|21ur-7631,0,0
CELE_C47A4.96|21ur-7812,0,0
CELE_C47A4.114|21ur-5739,0,0
CELE_C47A4.128|21ur-7792,0,0
CELE_C47A4.135|21ur-6110,0,0
CELE_C47A4.78|21ur-8505,0,0
CELE_C47A4.131|21ur-10376,0,0
CELE_C47A4.25|21ur-3629,0,0
CELE_C47A4.61|21ur-1379,0,0
CELE_C47A4.19|21ur-1266,0,0
CELE_C47A4.16|21ur-631,0,0
CELE_C47A4.29|21ur-2117,0,0
CELE_C47A4.8|21ur-4358,0,0
CELE_C47A4.47|21ur-790,0,0
CELE_C47A4.54|21ur-280,0,0
CELE_C47A4.11|21ur-155,0,0
CELE_C47A4.84|21ur-9239,0,0
CELE_C47A4.43|21ur-4019,0,0
CELE_C47A4.7|C47A4.7,0,0
CELE_C47A4.80|21ur-7700,0,0
CELE_C47A4.37|21ur-3172,0,0
CELE_C47A4.9|21ur-341,0,0
CELE_C47A4.139|21ur-5606,0,0
CELE_C47A4.81|21ur-5554,0,0
CELE_C47A4.64|21ur-1288,0,0
CELE_C47A4.67|21ur-2009,0,0
CELE_C47A4.124|21ur-5630,0,0
CELE_C47A4.75|21ur-10846,0,0
CELE_C47A4.44|21ur-574,0,0
CELE_C47A4.74|21ur-8122,0,0
CELE_C47A4.82|21ur-7936,0,0
CELE_C47A4.137|21ur-7438,0,0
CELE_C47A4.123|21ur-9397,0,0
CELE_C47A4.88|21ur-13898,0,0
CELE_C47A4.30|21ur-2598,0,0
CELE_C47A4.50|21ur-4295,0,0
CELE_C47A4.107|21ur-9265,0,0
CELE_C47A4.35|21ur-5273,0,0
CELE_Y45F10D.123|21ur-9885,0,0
CELE_Y45F10D.89|21ur-6776,0,0
CELE_Y45F10D.41|21ur-774,0,0
CELE_Y45F10D.101|21ur-13899,0,0
CELE_Y45F10D.121|21ur-12160,0,0
CELE_Y45F10D.134|21ur-5894,0,0
CELE_Y45F10D.43|21ur-4251,0,0
CELE_Y45F10D.102|21ur-8346,0,0
CELE_Y45F10D.21|21ur-5171,0,0
CELE_Y45F10D.125|21ur-6532,0,0
CELE_Y45F10D.40|21ur-4051,0,0
CELE_Y45F10D.47|21ur-2947,0,0
CELE_Y45F10D.132|21ur-12585,0,0
CELE_Y45F10D.17|21ur-98,0,0
CELE_Y45F10D.34|21ur-4537,0,0
CELE_Y45F10D.72|21ur-7534,0,0
CELE_Y45F10D.70|21ur-9297,0,0
CELE_Y45F10D.110|21ur-11449,0,0
CELE_Y45F10D.83|21ur-5905,0,0
CELE_Y45F10D.99|21ur-12026,0,0
CELE_Y45F10D.118|21ur-14908,0,0
CELE_Y45F10D.114|21ur-5884,0,0
CELE_Y45F10D.111|21ur-5501,0,0
CELE_Y45F10D.19|21ur-630,0,0
CELE_Y45F10D.33|21ur-677,0,0
CELE_Y45F10D.67|21ur-13408,0,0
CELE_Y45F10D.57|21ur-2242,0,0
CELE_Y45F10D.92|21ur-8988,0,0
CELE_Y45F10D.31|21ur-1598,0,0
CELE_Y45F10D.46|21ur-3229,0,0
CELE_Y45F10D.106|21ur-12410,0,0
CELE_Y45F10D.105|21ur-11184,0,0
CELE_Y45F10D.30|21ur-2390,0,0
CELE_Y45F10D.74|21ur-7479,0,0
CELE_Y45F10D.53|21ur-4993,0,0
CELE_Y45F10D.127|21ur-10833,0,0
CELE_Y45F10D.131|21ur-6048,0,0
CELE_Y45F10D.68|21ur-9411,0,0
CELE_Y45F10D.44|21ur-3357,0,0
CELE_Y45F10D.138|21ur-5920,0,0
CELE_Y45F10D.61|21ur-10948,0,0
CELE_Y45F10D.126|21ur-6775,0,0
CELE_Y45F10D.69|21ur-12307,0,0
CELE_Y45F10D.58|21ur-1717,0,0
CELE_Y45F10D.63|21ur-5925,0,0
CELE_Y45F10D.93|21ur-7368,0,0
CELE_Y45F10D.124|21ur-11924,0,0
CELE_Y45F10D.90|21ur-8219,0,0
CELE_Y45F10D.15|Y45F10D.15,0,0
CELE_Y45F10D.81|21ur-6633,0,0
CELE_Y45F10D.26|21ur-4292,0,0
CELE_Y45F10D.56|21ur-1949,0,0
CELE_Y45F10D.130|21ur-13059,0,0
CELE_Y45F10D.79|21ur-15391,0,0
CELE_Y45F10D.28|21ur-1608,0,0
CELE_Y45F10D.104|21ur-10971,0,0
CELE_Y45F10D.27|21ur-4680,0,0
CELE_H08M01.49|21ur-4136,0,0
CELE_H08M01.78|21ur-14166,0,0
CELE_H08M01.54|21ur-405,0,0
CELE_H08M01.87|21ur-15654,0,0
CELE_H08M01.57|21ur-6501,0,0
CELE_H08M01.19|21ur-1770,0,0
CELE_H08M01.27|21ur-3377,0,0
CELE_H08M01.55|21ur-3006,0,0
CELE_H08M01.85|21ur-7633,0,0
CELE_H08M01.50|21ur-3307,0,0
CELE_H08M01.94|21ur-7958,0,0
CELE_H08M01.61|21ur-7799,0,0
CELE_H08M01.105|21ur-14929,0,0
CELE_H08M01.37|21ur-2729,0,0
CELE_H08M01.24|21ur-5150,0,0
CELE_H08M01.62|21ur-10195,0,0
CELE_H08M01.67|21ur-12962,0,0
CELE_H08M01.51|21ur-931,0,0
CELE_H08M01.38|21ur-4672,0,0
CELE_H08M01.83|21ur-9137,0,0
CELE_H08M01.110|21ur-6020,0,0
CELE_H08M01.58|21ur-7519,0,0
CELE_H08M01.102|21ur-8402,0,0
CELE_H08M01.72|21ur-7953,0,0
CELE_H08M01.107|21ur-10274,0,0
CELE_H08M01.31|21ur-2106,0,0
CELE_H08M01.17|21ur-2977,0,0
CELE_H08M01.23|21ur-3615,0,0
CELE_H08M01.11|21ur-5262,0,0
CELE_H08M01.74|21ur-14119,0,0
CELE_H08M01.15|21ur-2090,0,0
CELE_H08M01.53|21ur-3533,0,0
CELE_H08M01.39|21ur-541,0,0
CELE_H08M01.30|21ur-3880,0,0
CELE_H08M01.100|21ur-5664,0,0
CELE_H08M01.99|21ur-5874,0,0
CELE_H08M01.101|21ur-7512,0,0
CELE_H08M01.109|21ur-8895,0,0
CELE_H08M01.89|21ur-13078,0,0
CELE_H08M01.48|21ur-2307,0,0
CELE_H08M01.76|21ur-5703,0,0
CELE_H08M01.14|21ur-1127,0,0
CELE_H08M01.108|21ur-11147,0,0
CELE_H08M01.41|21ur-3098,0,0
CELE_H08M01.113|21ur-11384,0,0
CELE_H08M01.34|21ur-3045,0,0
CELE_H08M01.97|21ur-6074,0,0
CELE_H08M01.95|21ur-6213,0,0
CELE_H08M01.80|21ur-12669,0,0
CELE_B0513.22|21ur-1467,0,0
CELE_B0513.11|B0513.11,0,0
CELE_B0513.88|21ur-11462,0,0
CELE_B0513.78|21ur-12753,0,0
CELE_B0513.34|21ur-3524,0,0
CELE_B0513.73|21ur-13511,0,0
CELE_B0513.56|21ur-6579,0,0
CELE_B0513.47|21ur-12025,0,0
CELE_B0513.86|21ur-10716,0,0
CELE_B0513.39|21ur-1277,0,0
CELE_B0513.33|21ur-2156,0,0
CELE_B0513.53|21ur-11173,0,0
CELE_B0513.90|B0513.90,0,6
CELE_B0513.29|21ur-523,0,0
CELE_B0513.84|21ur-8838,0,0
CELE_B0513.32|21ur-3538,0,0
CELE_B0513.17|21ur-4615,0,1
CELE_B0513.23|21ur-3500,0,0
CELE_B0513.35|21ur-3203,0,0
CELE_B0513.71|21ur-6717,0,1
CELE_B0513.54|21ur-14559,0,0
CELE_B0513.65|21ur-6204,0,0
CELE_B0513.19|21ur-3636,0,0
CELE_F14E12.1|21ur-4166,0,0
CELE_F14E12.2|21ur-10063,0,0
CELE_Y37A1A.101|21ur-14334,0,0
CELE_Y37A1A.72|21ur-1607,0,0
CELE_Y37A1A.23|21ur-2855,0,0
CELE_Y37A1A.103|21ur-11414,0,0
CELE_Y37A1A.69|21ur-3588,0,0
CELE_Y37A1A.25|21ur-5315,0,0
CELE_Y37A1A.126|21ur-8964,0,0
CELE_Y37A1A.50|21ur-2352,0,0
CELE_Y37A1A.65|21ur-2748,0,0
CELE_Y37A1A.37|21ur-2666,0,0
CELE_Y37A1A.143|21ur-14802,0,0
CELE_Y37A1A.59|21ur-712,0,0
CELE_Y37A1A.146|21ur-11071,0,0
CELE_Y37A1A.120|21ur-10468,0,0
CELE_Y37A1A.141|21ur-7075,0,0
CELE_Y37A1A.131|21ur-14947,0,0
CELE_Y37A1A.24|21ur-2877,0,0
CELE_Y37A1A.145|21ur-11011,0,0
CELE_Y37A1A.55|21ur-547,0,0
CELE_Y37A1A.123|21ur-12559,0,0
CELE_Y37A1A.110|21ur-6497,0,0
CELE_Y37A1A.53|21ur-2190,0,0
CELE_Y37A1A.108|21ur-8874,0,0
CELE_Y37A1A.82|21ur-9644,0,0
CELE_Y37A1A.40|21ur-4084,0,0
CELE_Y37A1A.13|21ur-885,0,0
CELE_Y37A1A.61|21ur-4855,0,0
CELE_Y37A1A.102|21ur-11200,0,0
CELE_Y37A1A.100|21ur-10149,0,0
CELE_Y37A1A.85|21ur-14849,0,0
CELE_Y37A1A.99|21ur-12057,0,0
CELE_Y37A1A.66|21ur-2351,0,0
CELE_Y37A1A.124|21ur-6953,0,0
CELE_Y37A1A.71|21ur-4895,0,0
CELE_Y37A1A.48|21ur-5167,0,0
CELE_Y37A1A.105|21ur-11747,0,0
CELE_Y37A1A.129|21ur-13255,0,0
CELE_Y37A1A.42|21ur-1808,0,0
CELE_Y37A1A.63|21ur-1847,0,0
CELE_Y37A1A.54|21ur-3547,0,0
CELE_Y37A1A.93|21ur-10021,0,0
CELE_Y37A1A.36|21ur-3086,0,0
CELE_Y37A1A.135|21ur-6592,0,0
CELE_Y37A1A.97|21ur-7746,0,0
CELE_Y37A1A.140|21ur-8515,0,0
CELE_Y37A1A.33|21ur-388,0,0
CELE_Y37A1A.35|21ur-1832,0,0
CELE_Y37A1A.22|21ur-4887,0,0
CELE_Y37A1A.11|21ur-13,0,0
CELE_Y37A1A.134|21ur-8945,0,0
CELE_Y37A1A.57|21ur-2469,0,0
CELE_Y37A1A.64|21ur-4798,0,0
CELE_Y37A1A.95|21ur-12496,0,0
CELE_Y37A1A.136|21ur-8108,0,0
CELE_Y37A1A.113|21ur-12321,0,0
CELE_Y37A1A.15|21ur-3094,0,0
CELE_Y37A1A.80|21ur-7815,0,0
CELE_Y37A1A.68|21ur-1671,0,0
CELE_Y37A1A.16|21ur-4030,0,0
CELE_Y37A1A.28|21ur-3298,0,0
CELE_Y37A1A.76|21ur-10584,0,0
CELE_Y37A1A.74|21ur-7249,0,0
CELE_Y37A1A.116|21ur-7371,0,0
CELE_Y37A1A.88|21ur-15090,0,0
CELE_Y37A1A.19|21ur-29,0,0
CELE_Y37A1A.109|21ur-5860,0,0
CELE_Y37A1A.43|21ur-4685,0,0
CELE_Y37A1A.73|21ur-5951,0,0
CELE_Y37A1A.94|21ur-6125,0,0
CELE_Y37A1A.8|21ur-3911,0,0
CELE_Y37A1A.81|21ur-11613,0,0
CELE_Y37A1A.49|21ur-875,0,0
CELE_Y37A1A.79|21ur-11873,0,0
CELE_Y37A1A.26|21ur-122,0,0
CELE_Y37A1A.138|21ur-9246,0,0
CELE_Y37A1A.51|21ur-590,0,0
CELE_Y37A1A.92|21ur-9695,0,0
CELE_Y37A1A.62|21ur-2641,0,0
CELE_Y37A1A.60|21ur-249,0,0
CELE_Y37A1A.10|21ur-250,0,0
CELE_Y37A1A.118|21ur-11658,0,0
CELE_Y37A1A.6|21ur-5176,0,0
CELE_C27H2.10|21ur-3206,0,0
CELE_Y37A1B.277|21ur-12974,0,0
CELE_Y37A1B.202|21ur-9832,0,0
CELE_Y37A1B.71|21ur-49,0,0
CELE_Y37A1B.195|21ur-9600,0,0
CELE_Y37A1B.213|21ur-14814,0,0
CELE_Y37A1B.77|21ur-2447,0,0
CELE_Y37A1B.73|21ur-4201,0,0
CELE_Y37A1B.42|21ur-4399,0,0
CELE_Y37A1B.51|21ur-3681,0,0
CELE_Y37A1B.151|21ur-14204,0,0
CELE_Y37A1B.30|21ur-2034,0,0
CELE_Y37A1B.149|21ur-4024,0,0
CELE_Y37A1B.107|21ur-1314,0,0
CELE_Y37A1B.141|21ur-556,0,0
CELE_Y37A1B.205|21ur-11321,0,0
CELE_Y37A1B.334|Y37A1B.334,0,0
CELE_Y37A1B.T1|Y37A1B.t1,0,0
CELE_Y37A1B.10|srw-63,0,0
CELE_Y37A1B.170|21ur-13723,0,0
CELE_Y37A1B.155|21ur-8258,0,0
CELE_Y37A1B.172|21ur-7884,0,0
CELE_Y37A1B.153|21ur-10631,0,0
CELE_Y37A1B.226|21ur-12474,0,0
CELE_Y37A1B.267|21ur-15071,0,0
CELE_Y37A1B.8|irld-55,0,0
CELE_Y37A1B.109|21ur-1097,0,0
CELE_Y37A1B.93|21ur-1926,0,0
CELE_Y37A1B.282|21ur-10645,0,0
CELE_Y37A1B.189|21ur-9627,0,0
CELE_Y37A1B.193|21ur-8454,0,0
CELE_Y37A1B.263|21ur-13192,0,0
CELE_Y37A1B.110|21ur-1245,0,0
CELE_Y37A1B.23|21ur-5427,0,0
CELE_Y37A1B.255|21ur-10207,0,0
CELE_Y37A1B.317|21ur-6030,0,0
CELE_Y37A1B.29|21ur-5261,0,0
CELE_Y37A1B.122|21ur-924,0,0
CELE_Y37A1B.280|21ur-8354,0,0
CELE_Y37A1B.194|21ur-13532,0,0
CELE_Y37A1B.258|21ur-12856,0,0
CELE_Y37A1B.250|21ur-12439,0,0
CELE_Y37A1B.322|21ur-15571,0,0
CELE_Y37A1B.268|21ur-6179,0,0
CELE_Y37A1B.237|21ur-14493,0,0
CELE_Y37A1B.96|21ur-3574,0,0
CELE_Y37A1B.259|21ur-12099,0,0
CELE_Y37A1B.215|21ur-14695,0,0
CELE_Y37A1B.238|21ur-9946,0,0
CELE_Y37A1B.266|21ur-8726,0,0
CELE_Y37A1B.126|21ur-1227,0,0
CELE_Y37A1B.152|21ur-10038,0,0
CELE_Y37A1B.124|21ur-4789,0,0
CELE_Y37A1B.181|21ur-6105,0,0
CELE_Y37A1B.208|21ur-13114,0,0
CELE_Y37A1B.249|21ur-13374,0,0
CELE_Y37A1B.111|21ur-262,0,0
CELE_Y37A1B.113|21ur-3379,0,0
CELE_Y37A1B.293|21ur-6273,0,0
CELE_Y37A1B.78|21ur-1175,0,0
CELE_Y37A1B.197|21ur-15039,0,0
CELE_Y37A1B.271|21ur-11495,0,0
CELE_Y37A1B.125|21ur-4422,0,0
CELE_Y37A1B.22|21ur-780,0,0
CELE_Y37A1B.216|21ur-6764,0,0
CELE_Y37A1B.184|21ur-15356,0,0
CELE_Y37A1B.304|21ur-11024,0,0
CELE_Y37A1B.59|21ur-3833,0,0
CELE_Y37A1B.328|21ur-10100,0,0
CELE_Y37A1B.115|21ur-4384,0,0
CELE_Y37A1B.47|21ur-2811,0,0
CELE_Y37A1B.106|21ur-4413,0,0
CELE_Y37A1B.99|21ur-3488,0,0
CELE_Y37A1B.79|21ur-4787,0,0
CELE_Y37A1B.303|21ur-15650,0,0
CELE_Y37A1B.144|21ur-3684,0,0
CELE_Y37A1B.201|21ur-13657,0,0
CELE_Y37A1B.67|21ur-3744,0,0
CELE_Y37A1B.217|21ur-7552,0,0
CELE_Y37A1B.33|21ur-2957,0,0
CELE_Y37A1B.54|21ur-2831,0,0
CELE_Y37A1B.297|21ur-11138,0,0
CELE_Y37A1B.295|21ur-7825,0,0
CELE_Y37A1B.332|Y37A1B.332,0,0
CELE_Y37A1B.337|Y37A1B.337,0,0
CELE_Y37A1B.336|Y37A1B.336,0,0
CELE_Y37A1B.331|Y37A1B.331,0,0
CELE_Y37A1B.330|Y37A1B.330,0,0
CELE_Y37A1B.333|Y37A1B.333,0,0
CELE_Y37A1B.335|Y37A1B.335,0,0
CELE_Y37A1B.16|mir-52,0,0
CELE_Y37A1B.84|21ur-2841,0,0
CELE_Y37A1B.137|21ur-39,0,0
CELE_Y37A1B.131|21ur-4418,0,0
CELE_Y37A1B.245|21ur-11029,0,0
CELE_Y37A1B.311|21ur-7263,0,0
CELE_Y37A1B.162|21ur-8755,0,0
CELE_Y37A1B.130|21ur-1095,0,0
CELE_Y37A1B.56|21ur-1477,0,0
CELE_Y37A1B.313|21ur-15628,0,0
CELE_Y37A1B.308|21ur-11750,0,0
CELE_Y37A1B.323|21ur-5707,0,0
CELE_Y37A1B.221|21ur-13557,0,0
CELE_Y37A1B.118|21ur-443,0,0
CELE_Y37A1B.138|21ur-4618,0,0
CELE_Y37A1B.307|21ur-8274,0,0
CELE_Y37A1B.281|21ur-12796,0,0
CELE_Y37A1B.300|21ur-9484,0,0
CELE_Y37A1B.270|21ur-6684,0,0
CELE_Y37A1B.326|21ur-6320,0,0
CELE_Y37A1B.36|21ur-727,0,0
CELE_Y37A1B.143|21ur-1057,0,0
CELE_Y37A1B.164|21ur-9460,0,0
CELE_Y37A1B.173|21ur-9206,0,0
CELE_Y37A1B.48|21ur-4860,0,0
CELE_Y37A1B.324|21ur-7931,0,0
CELE_Y37A1B.312|21ur-7666,0,0
CELE_Y37A1B.94|21ur-5243,0,0
CELE_Y37A1B.69|21ur-2253,0,0
CELE_Y37A1B.211|21ur-10051,0,0
CELE_Y37A1B.21|21ur-4858,0,0
CELE_Y37A1B.286|21ur-13669,0,0
CELE_Y37A1B.134|21ur-1519,0,0
CELE_Y37A1B.199|21ur-15258,0,0
CELE_Y37A1B.302|21ur-10271,0,0
CELE_Y37A1B.62|21ur-1268,0,0
CELE_Y37A1B.243|21ur-10267,0,0
CELE_Y37A1B.150|21ur-6794,0,0
CELE_Y37A1B.244|21ur-14861,0,0
CELE_Y37A1B.57|21ur-4391,0,0
CELE_Y37A1B.146|21ur-5115,0,0
CELE_Y37A1B.45|21ur-462,0,0
CELE_Y37A1B.254|21ur-12903,0,0
CELE_Y37A1B.72|21ur-4370,0,0
CELE_Y37A1B.82|21ur-1876,0,0
CELE_Y37A1B.49|21ur-2470,0,1
CELE_Y37A1B.214|21ur-5799,0,0
CELE_Y37A1B.212|21ur-10425,0,0
CELE_Y37A1B.145|21ur-36,0,0
CELE_Y37A1B.251|21ur-5463,0,0
CELE_Y37A1B.177|21ur-9039,0,0
CELE_Y37A1B.257|21ur-12208,0,0
CELE_Y37A1B.95|21ur-3301,0,0
CELE_Y37A1B.291|21ur-7536,0,0
CELE_Y37A1B.46|21ur-973,0,0
CELE_Y37A1B.60|21ur-496,0,0
CELE_Y37A1B.31|21ur-436,0,0
CELE_Y37A1B.190|21ur-8842,0,0
CELE_Y37A1B.37|21ur-4521,0,0
CELE_Y37A1B.236|21ur-15436,0,0
CELE_Y37A1B.52|21ur-969,0,0
CELE_Y37A1B.301|21ur-7196,0,0
CELE_Y37A1B.163|21ur-6352,0,0
CELE_Y37A1B.44|21ur-5361,0,0
CELE_Y37A1B.223|21ur-12079,0,0
CELE_Y37A1B.140|21ur-796,0,0
CELE_Y37A1B.288|21ur-7854,0,0
CELE_Y37A1B.296|21ur-13201,0,0
CELE_Y37A1B.32|21ur-4340,0,0
CELE_Y37A1B.156|21ur-5998,0,0
CELE_Y37A1B.18|Y37A1B.18,0,0
CELE_F52B11.32|21ur-3165,0,0
CELE_F52B11.68|21ur-8535,0,0
CELE_F52B11.26|21ur-860,0,0
CELE_F52B11.96|21ur-7212,0,0
CELE_F52B11.85|21ur-8313,0,0
CELE_F52B11.95|21ur-14643,0,0
CELE_F52B11.62|21ur-7430,0,0
CELE_F52B11.79|21ur-13904,0,0
CELE_F52B11.87|21ur-9224,0,0
CELE_F52B11.9|21ur-4886,0,0
CELE_F52B11.13|21ur-3346,0,0
CELE_F52B11.89|21ur-11686,0,0
CELE_F52B11.46|21ur-14883,0,0
CELE_F52B11.74|21ur-9106,0,0
CELE_F52B11.20|21ur-4255,0,0
CELE_F52B11.67|21ur-7077,0,0
CELE_F52B11.86|21ur-10518,0,0
CELE_F52B11.41|21ur-536,0,0
CELE_F52B11.84|21ur-8893,0,0
CELE_F52B11.100|21ur-14390,0,0
CELE_F52B11.38|21ur-2027,0,0
CELE_F52B11.39|21ur-4224,0,0
CELE_F52B11.77|21ur-15304,0,0
CELE_F52B11.25|21ur-5007,0,0
CELE_F52B11.43|21ur-6522,0,0
CELE_F52B11.56|21ur-13081,0,0
CELE_F52B11.48|21ur-5714,0,0
CELE_F52B11.60|21ur-12032,0,0
CELE_F52B11.69|21ur-9094,0,0
CELE_F52B11.91|21ur-6005,0,0
CELE_F52B11.59|21ur-13612,0,0
CELE_F52B11.10|21ur-4846,0,0
CELE_F52B11.29|21ur-332,0,0
CELE_F52B11.73|21ur-15604,0,0
CELE_F52B11.82|21ur-5609,0,0
CELE_F52B11.16|21ur-108,0,0
CELE_F52B11.23|21ur-4535,0,0
CELE_F52B11.61|21ur-7770,0,0
CELE_F52B11.24|21ur-1656,0,0
CELE_F52B11.8|F52B11.8,0,0
CELE_F52B11.37|21ur-5376,0,0
CELE_F52B11.94|21ur-10166,0,0
CELE_F52B11.40|21ur-4312,0,0
CELE_F52B11.83|21ur-6740,0,0
CELE_F52B11.35|21ur-5140,0,0
CELE_F52B11.63|21ur-13036,0,0
CELE_F52B11.36|21ur-1051,0,0
CELE_F52B11.27|21ur-2521,0,0
CELE_F52B11.66|21ur-9483,0,0
CELE_F52B11.99|21ur-11688,0,0
CELE_F52B11.90|21ur-7287,0,0
CELE_F52B11.57|21ur-15415,0,0
CELE_F52B11.51|21ur-7608,0,0
CELE_F52B11.65|21ur-8556,0,0
CELE_F52B11.50|21ur-10435,0,0
CELE_F52B11.88|21ur-15271,0,0
CELE_F52B11.49|21ur-7897,0,0
CELE_F52B11.58|21ur-11168,0,0
CELE_F52B11.42|21ur-3402,0,0
CELE_F52B11.12|21ur-3528,0,0
CELE_F52B11.92|21ur-5974,0,0
CELE_F52B11.44|21ur-12931,0,0
CELE_F52B11.75|21ur-8911,0,0
CELE_F52B11.18|21ur-5293,0,0
CELE_F52B11.31|21ur-957,0,0
CELE_F52B11.21|21ur-1658,0,0
CELE_F52B11.14|21ur-4974,0,0
CELE_F52B11.101|21ur-9577,0,0
CELE_F52B11.64|21ur-6904,0,0
CELE_F52B11.47|21ur-6600,0,0
CELE_F52B11.76|21ur-7070,0,0
CELE_F52B11.52|21ur-5521,0,0
CELE_F52B11.93|21ur-8955,0,0
CELE_F52B11.72|21ur-14300,0,0
CELE_F52B11.102|21ur-6777,0,0
CELE_H12I19.26|21ur-4314,0,0
CELE_H12I19.106|21ur-8578,0,0
CELE_H12I19.52|21ur-12098,0,0
CELE_H12I19.80|21ur-11597,0,0
CELE_H12I19.58|21ur-5795,0,0
CELE_H12I19.75|21ur-7628,0,0
CELE_H12I19.54|21ur-10419,0,0
CELE_H12I19.79|21ur-11067,0,0
CELE_H12I19.49|21ur-4619,0,0
CELE_H12I19.44|21ur-4431,0,0
CELE_H12I19.16|21ur-2960,0,0
CELE_H12I19.86|21ur-10388,0,0
CELE_H12I19.15|21ur-4375,0,0
CELE_H12I19.81|21ur-12232,0,0
CELE_H12I19.29|21ur-5394,0,0
CELE_H12I19.114|21ur-12130,0,0
CELE_H12I19.22|21ur-1210,0,0
CELE_H12I19.51|21ur-1492,0,0
CELE_H12I19.43|21ur-4861,0,0
CELE_H12I19.71|21ur-14424,0,0
CELE_H12I19.115|H12I19.115,0,0
CELE_H12I19.40|21ur-777,0,0
CELE_H12I19.28|21ur-2546,0,0
CELE_H12I19.73|21ur-12746,0,0
CELE_H12I19.41|21ur-5372,0,0
CELE_H12I19.27|21ur-5281,0,0
CELE_H12I19.61|21ur-6161,0,0
CELE_H12I19.47|21ur-5406,0,0
CELE_H12I19.48|21ur-2486,0,0
CELE_H12I19.70|21ur-15456,0,0
CELE_H12I19.37|21ur-1408,0,0
CELE_H12I19.96|21ur-7178,0,0
CELE_H12I19.1|srz-42,0,0
CELE_H12I19.101|21ur-11883,0,0
CELE_H12I19.46|21ur-1969,0,0
CELE_H12I19.99|21ur-12576,0,0
CELE_H12I19.55|21ur-10701,0,0
CELE_H12I19.63|21ur-8127,0,0
CELE_H12I19.38|21ur-893,0,0
CELE_H12I19.12|21ur-1324,0,0
CELE_H12I19.21|21ur-4794,0,0
CELE_H12I19.35|21ur-2564,0,0
CELE_H12I19.2|srz-31,0,0
CELE_H12I19.19|21ur-728,0,0
CELE_H12I19.32|21ur-4496,0,0
CELE_H12I19.39|21ur-5185,0,0
CELE_H12I19.94|21ur-11424,0,0
CELE_H12I19.50|21ur-771,0,0
CELE_H12I19.97|21ur-14786,0,0
CELE_H12I19.93|21ur-14697,0,0
CELE_H12I19.112|21ur-15253,0,0
CELE_H12I19.85|21ur-9626,0,0
CELE_H12I19.104|21ur-6175,0,0
CELE_H12I19.30|21ur-577,0,0
CELE_H12I19.62|21ur-11771,0,0
CELE_H12I19.3|srz-30,0,0
CELE_H12I19.59|21ur-10489,0,0
CELE_H12I19.76|21ur-15075,0,0
CELE_H12I19.89|21ur-11129,0,0
CELE_H12I19.45|21ur-1960,0,0
CELE_H12I19.107|21ur-13853,0,0
CELE_H12I19.69|21ur-13264,0,0
CELE_H12I19.111|21ur-5863,0,0
CELE_H12I19.31|21ur-3965,0,0
CELE_H12I19.83|21ur-7127,0,0
CELE_H12I19.110|21ur-13043,0,0
CELE_H12I19.82|21ur-5576,0,0
CELE_H12I19.90|21ur-15119,0,0
CELE_H12I19.78|21ur-10057,0,0
CELE_H12I19.17|21ur-2974,0,0
CELE_H12I19.53|21ur-8237,0,0
CELE_H12I19.77|21ur-8279,0,0
CELE_H12I19.14|21ur-544,0,0
CELE_H12I19.109|21ur-9978,0,0
CELE_H12I19.25|21ur-3356,0,0
CELE_H12I19.87|21ur-8960,0,0
CELE_H12I19.5|oac-38,0,0
CELE_H12I19.92|21ur-12227,0,0
CELE_H12I19.10|21ur-4396,0,0
CELE_H12I19.9|H12I19.9,0,0
CELE_H12I19.8|H12I19.8,0,0
CELE_R05A10.8|R05A10.8,0,0
CELE_R05A10.79|21ur-9972,0,0
CELE_R05A10.15|21ur-1426,0,0
CELE_R05A10.117|21ur-8980,0,0
CELE_R05A10.17|21ur-1886,0,0
CELE_R05A10.11|21ur-4184,0,0
CELE_R05A10.101|21ur-14848,0,0
CELE_R05A10.63|21ur-14301,0,0
CELE_R05A10.36|21ur-4197,0,0
CELE_R05A10.12|21ur-1249,0,0
CELE_R05A10.110|21ur-5632,0,0
CELE_R05A10.72|21ur-10881,0,0
CELE_R05A10.76|21ur-10103,0,0
CELE_R05A10.14|21ur-2849,0,0
CELE_R05A10.108|21ur-8484,0,0
CELE_R05A10.42|21ur-5362,0,0
CELE_R05A10.21|21ur-479,0,0
CELE_R05A10.53|21ur-1082,0,0
CELE_R05A10.87|21ur-12614,0,0
CELE_R05A10.68|21ur-11842,0,0
CELE_R05A10.83|21ur-14573,0,0
CELE_R05A10.113|21ur-12420,0,0
CELE_R05A10.94|21ur-7399,0,0
CELE_R05A10.65|21ur-14019,0,0
CELE_R05A10.112|21ur-6611,0,0
CELE_R05A10.60|21ur-3186,0,0
CELE_R05A10.22|21ur-3027,0,0
CELE_R05A10.70|21ur-6193,0,0
CELE_R05A10.48|21ur-3228,0,0
CELE_R05A10.19|21ur-3049,0,0
CELE_R05A10.115|21ur-7290,0,0
CELE_R05A10.61|21ur-2689,0,0
CELE_R05A10.27|21ur-4108,0,0
CELE_R05A10.50|21ur-947,0,0
CELE_R05A10.44|21ur-1008,0,0
CELE_R05A10.71|21ur-12885,0,0
CELE_R05A10.54|21ur-1485,0,0
CELE_R05A10.24|21ur-681,0,0
CELE_R05A10.73|21ur-15378,0,0
CELE_R05A10.55|21ur-3623,0,0
CELE_R05A10.67|21ur-5472,0,0
CELE_R05A10.41|21ur-3002,0,0
CELE_R05A10.52|21ur-3775,0,0
CELE_R05A10.116|21ur-10464,0,0
CELE_R05A10.30|21ur-1731,0,0
CELE_R05A10.49|21ur-172,0,0
CELE_R05A10.89|21ur-11099,0,0
CELE_R05A10.35|21ur-1063,0,0
CELE_R05A10.43|21ur-2413,0,0
CELE_K01G12.5|21ur-2358,0,0
CELE_K01G12.17|21ur-12872,0,0
CELE_K01G12.16|21ur-12514,0,0
CELE_K01G12.15|21ur-9049,0,0
CELE_K01G12.19|21ur-7284,0,0
CELE_K01G12.13|21ur-14324,0,0
CELE_F02H6.22|21ur-3561,0,0
CELE_F02H6.55|21ur-10542,0,0
CELE_F02H6.36|21ur-10649,0,0
CELE_F02H6.12|21ur-2298,0,0
CELE_F02H6.38|21ur-5470,0,0
CELE_F02H6.28|21ur-3160,0,0
CELE_F02H6.72|F02H6.72,0,0
CELE_F02H6.T1|F02H6.t1,0,0
CELE_F02H6.49|21ur-15409,0,0
CELE_F02H6.41|21ur-5535,0,0
CELE_F02H6.25|21ur-3968,0,0
CELE_F02H6.7|F02H6.7,0,0
CELE_F02H6.18|21ur-2181,0,0
CELE_F02H6.13|21ur-4326,0,0
CELE_F02H6.16|21ur-1466,0,0
CELE_F02H6.33|21ur-2754,0,0
CELE_F02H6.48|21ur-13228,0,0
CELE_F02H6.61|21ur-14435,0,0
CELE_F02H6.37|21ur-10903,0,0
CELE_F02H6.24|21ur-2715,0,0
CELE_F02H6.45|21ur-13064,0,0
CELE_F02H6.31|21ur-4625,0,0
CELE_F02H6.26|21ur-2588,0,0
CELE_F02H6.67|21ur-12542,0,0
CELE_F02H6.23|21ur-3982,0,0
CELE_F02H6.35|21ur-11701,0,0
CELE_Y64G10A.86|21ur-2248,0,0
CELE_Y64G10A.217|21ur-6052,0,0
CELE_Y64G10A.202|21ur-8239,0,0
CELE_Y64G10A.103|21ur-601,0,0
CELE_Y64G10A.266|21ur-8361,0,0
CELE_Y64G10A.182|21ur-10782,0,0
CELE_Y64G10A.339|21ur-6634,0,0
CELE_Y64G10A.9|Y64G10A.9,0,0
CELE_Y64G10A.20|21ur-1325,0,0
CELE_Y64G10A.229|21ur-6094,0,0
CELE_Y64G10A.41|21ur-1703,0,0
CELE_Y64G10A.1|Y64G10A.1,0,0
CELE_Y64G10A.147|21ur-2314,0,0
CELE_Y64G10A.179|21ur-7295,0,0
CELE_Y64G10A.283|21ur-6282,0,0
CELE_Y64G10A.352|21ur-11183,0,0
CELE_Y64G10A.191|21ur-7753,0,0
CELE_Y64G10A.12|Y64G10A.12,0,0
CELE_Y64G10A.143|21ur-1179,0,0
CELE_Y64G10A.109|21ur-5011,0,0
CELE_Y64G10A.251|21ur-11448,0,0
CELE_Y64G10A.157|21ur-1629,0,0
CELE_Y64G10A.320|21ur-10337,0,0
CELE_Y64G10A.76|21ur-1117,0,0
CELE_Y64G10A.181|21ur-10055,0,0
CELE_Y64G10A.64|21ur-2976,0,0
CELE_Y64G10A.37|21ur-1234,0,0
CELE_Y64G10A.10|Y64G10A.10,0,0
CELE_Y64G10A.194|21ur-8492,0,0
CELE_Y64G10A.190|21ur-12419,0,0
CELE_Y64G10A.222|21ur-13945,0,0
CELE_Y64G10A.240|21ur-6300,0,0
CELE_Y64G10A.209|21ur-10217,0,0
CELE_Y64G10A.297|21ur-6976,0,0
CELE_Y64G10A.178|21ur-9937,0,0
CELE_Y64G10A.334|21ur-13869,0,0
CELE_Y64G10A.142|21ur-1577,0,0
CELE_Y64G10A.312|21ur-10826,0,0
CELE_Y64G10A.279|21ur-13687,0,0
CELE_Y64G10A.61|21ur-1716,0,0
CELE_Y64G10A.302|21ur-13295,0,0
CELE_Y64G10A.257|21ur-7723,0,0
CELE_Y64G10A.323|21ur-12353,0,0
CELE_Y64G10A.327|21ur-13501,0,0
CELE_Y64G10A.322|21ur-11040,0,0
CELE_Y64G10A.113|21ur-3957,0,0
CELE_Y64G10A.210|21ur-15626,0,0
CELE_Y64G10A.2|Y64G10A.2,0,0
CELE_Y64G10A.186|21ur-9524,0,0
CELE_Y64G10A.180|21ur-14612,0,0
CELE_Y64G10A.221|21ur-9396,0,0
CELE_Y64G10A.106|21ur-229,0,0
CELE_Y64G10A.296|21ur-8631,0,0
CELE_Y64G10A.23|21ur-927,0,0
CELE_Y64G10A.51|21ur-2614,0,0
CELE_Y64G10A.36|21ur-4694,0,0
CELE_Y64G10A.74|21ur-3714,0,0
CELE_Y64G10A.128|21ur-3867,0,0
CELE_Y64G10A.56|21ur-1131,0,0
CELE_Y64G10A.132|21ur-2778,0,0
CELE_Y64G10A.93|21ur-3028,0,0
CELE_Y64G10A.187|21ur-12445,0,0
CELE_Y64G10A.134|21ur-185,0,0
CELE_Y64G10A.161|21ur-3757,0,0
CELE_Y64G10A.300|21ur-9983,0,0
CELE_Y64G10A.328|21ur-13426,0,0
CELE_Y64G10A.192|21ur-13875,0,0
CELE_Y64G10A.118|21ur-3576,0,0
CELE_Y64G10A.90|21ur-1958,0,0
CELE_Y64G10A.173|21ur-5648,0,0
CELE_Y64G10A.174|21ur-13927,0,0
CELE_Y64G10A.325|21ur-8296,0,0
CELE_Y64G10A.216|21ur-9074,0,0
CELE_Y64G10A.193|21ur-13911,0,0
CELE_Y64G10A.254|21ur-13143,0,0
CELE_Y64G10A.79|21ur-3020,0,0
CELE_Y64G10A.326|21ur-14263,0,0
CELE_Y64G10A.18|21ur-4580,0,0
CELE_Y64G10A.16|21ur-2533,0,0
CELE_Y64G10A.96|21ur-2907,0,0
CELE_Y64G10A.72|21ur-3817,0,0
CELE_Y64G10A.206|21ur-8701,0,0
CELE_Y64G10A.225|21ur-8263,0,0
CELE_Y64G10A.196|21ur-15088,0,0
CELE_Y64G10A.263|21ur-10968,0,0
CELE_Y64G10A.95|21ur-1358,0,0
CELE_Y64G10A.21|21ur-5312,0,0
CELE_Y64G10A.127|21ur-863,0,0
CELE_Y64G10A.227|21ur-8456,0,0
CELE_Y64G10A.111|21ur-2644,0,0
CELE_Y64G10A.211|21ur-10765,0,0
CELE_Y64G10A.94|21ur-106,0,0
CELE_Y64G10A.183|21ur-10380,0,0
CELE_Y64G10A.308|21ur-10808,0,0
CELE_Y64G10A.341|21ur-11234,0,0
CELE_Y64G10A.347|21ur-9593,0,0
CELE_Y64G10A.153|21ur-840,0,0
CELE_Y64G10A.231|21ur-9924,0,0
CELE_Y64G10A.19|21ur-3513,0,0
CELE_Y64G10A.150|21ur-3490,0,0
CELE_Y64G10A.66|21ur-518,0,0
CELE_Y64G10A.242|21ur-15667,0,0
CELE_Y64G10A.35|21ur-102,0,0
CELE_Y64G10A.73|21ur-3827,0,0
CELE_Y64G10A.115|21ur-4379,0,0
CELE_Y64G10A.234|21ur-6006,0,0
CELE_Y64G10A.195|21ur-13611,0,0
CELE_Y64G10A.233|21ur-15686,0,0
CELE_Y64G10A.63|21ur-1902,0,0
CELE_Y64G10A.237|21ur-5519,0,0
CELE_Y64G10A.335|21ur-11160,0,0
CELE_Y64G10A.220|21ur-12737,0,0
CELE_Y64G10A.230|21ur-7946,0,0
CELE_Y64G10A.176|21ur-6200,0,0
CELE_Y64G10A.337|21ur-10598,0,0
CELE_Y64G10A.255|21ur-15135,0,0
CELE_Y64G10A.38|21ur-920,0,0
CELE_Y64G10A.97|21ur-1020,0,0
CELE_Y64G10A.154|21ur-2244,0,0
CELE_Y64G10A.29|21ur-5231,0,0
CELE_Y64G10A.177|21ur-9079,0,0
CELE_Y64G10A.84|21ur-1974,0,0
CELE_Y64G10A.353|21ur-9402,0,0
CELE_Y64G10A.34|21ur-333,0,0
CELE_Y64G10A.315|21ur-12324,0,0
CELE_Y64G10A.42|21ur-1317,0,0
CELE_Y64G10A.60|21ur-2691,0,0
CELE_Y64G10A.324|21ur-11410,0,0
CELE_Y64G10A.165|21ur-3961,0,0
CELE_Y64G10A.82|21ur-2796,0,0
CELE_Y64G10A.197|21ur-10861,0,0
CELE_Y64G10A.168|21ur-14042,0,0
CELE_Y64G10A.110|21ur-2590,0,0
CELE_Y64G10A.200|21ur-7855,0,0
CELE_Y64G10A.244|21ur-8139,0,0
CELE_Y64G10A.224|21ur-15506,0,0
CELE_Y64G10A.175|21ur-12891,0,0
CELE_Y64G10A.159|21ur-4689,0,0
CELE_Y64G10A.276|21ur-8234,0,0
CELE_Y64G10A.88|21ur-3485,0,0
CELE_Y64G10A.219|21ur-14364,0,0
CELE_Y64G10A.135|21ur-657,0,0
CELE_Y64G10A.104|21ur-121,0,0
CELE_Y64G10A.299|21ur-10020,0,0
CELE_Y64G10A.307|21ur-10002,0,0
CELE_Y64G10A.338|21ur-11396,0,0
CELE_Y64G10A.152|21ur-5114,0,0
CELE_Y64G10A.268|21ur-8702,0,0
CELE_Y64G10A.22|21ur-3074,0,0
CELE_Y64G10A.265|21ur-5699,0,0
CELE_Y64G10A.318|21ur-5585,0,0
CELE_Y64G10A.198|21ur-7950,0,0
CELE_Y64G10A.292|21ur-7962,0,0
CELE_Y64G10A.223|21ur-8679,0,0
CELE_Y64G10A.48|21ur-3410,0,0
CELE_Y64G10A.31|21ur-2163,0,0
CELE_Y64G10A.52|21ur-284,0,0
CELE_Y64G10A.170|21ur-10391,0,0
CELE_Y64G10A.208|21ur-9939,0,0
CELE_Y64G10A.260|21ur-13632,0,0
CELE_Y64G10A.256|21ur-6284,0,0
CELE_Y64G10A.44|21ur-699,0,0
CELE_Y64G10A.120|21ur-1772,0,0
CELE_Y64G10A.346|21ur-7344,0,0
CELE_Y64G10A.340|21ur-12089,0,0
CELE_Y64G10A.286|21ur-6668,0,0
CELE_Y64G10A.238|21ur-7496,0,0
CELE_Y64G10A.68|21ur-2929,0,0
CELE_Y64G10A.162|21ur-5004,0,0
CELE_Y64G10A.314|21ur-9613,0,0
CELE_Y64G10A.101|21ur-1562,0,0
CELE_Y64G10A.306|21ur-14938,0,0
CELE_Y64G10A.17|21ur-2363,0,0
CELE_Y64G10A.107|21ur-3595,0,0
CELE_Y64G10A.62|21ur-2998,0,0
CELE_Y64G10A.158|21ur-3926,0,0
CELE_Y64G10A.49|21ur-2043,0,0
CELE_Y64G10A.167|21ur-12966,0,0
CELE_Y64G10A.28|21ur-4477,0,0
CELE_Y64G10A.248|21ur-15254,0,0
CELE_Y64G10A.243|21ur-12983,0,0
CELE_Y64G10A.343|21ur-9907,0,0
CELE_Y64G10A.148|21ur-425,0,0
CELE_Y64G10A.214|21ur-15477,0,0
CELE_Y64G10A.47|21ur-2084,0,0
CELE_Y64G10A.133|21ur-1989,0,0
CELE_Y64G10A.284|21ur-12569,0,0
CELE_Y64G10A.43|21ur-3866,0,0
CELE_Y64G10A.201|21ur-10377,0,0
CELE_Y64G10A.119|21ur-5122,0,0
CELE_Y64G10A.204|21ur-14867,0,0
CELE_Y64G10A.356|Y64G10A.356,0,0
CELE_Y64G10A.354|Y64G10A.354,0,0
CELE_Y64G10A.226|21ur-8917,0,0
CELE_Y64G10A.130|21ur-2026,0,0
CELE_Y64G10A.112|21ur-3964,0,0
CELE_Y64G10A.184|21ur-13273,0,0
CELE_Y64G10A.105|21ur-5190,0,0
CELE_Y64G10A.122|21ur-3342,0,0
CELE_Y64G10A.304|21ur-7682,0,0
CELE_Y64G10A.69|21ur-4828,0,0
CELE_Y67A10A.5|fbxa-126,0,0
CELE_Y67A10A.189|21ur-11119,0,0
CELE_Y67A10A.213|21ur-6447,0,0
CELE_Y67A10A.81|21ur-672,0,0
CELE_Y67A10A.224|21ur-12923,0,0
CELE_Y67A10A.73|21ur-1611,0,0
CELE_Y67A10A.49|21ur-2662,0,0
CELE_Y67A10A.222|21ur-9217,0,0
CELE_Y67A10A.34|21ur-579,0,0
CELE_Y67A10A.164|21ur-7591,0,0
CELE_Y67A10A.270|21ur-10179,0,0
CELE_Y67A10A.82|21ur-2151,0,0
CELE_Y67A10A.248|21ur-8698,0,0
CELE_Y67A10A.205|21ur-11192,0,0
CELE_Y67A10A.127|21ur-4899,0,0
CELE_Y67A10A.56|21ur-88,0,0
CELE_Y67A10A.108|21ur-4334,0,0
CELE_Y67A10A.13|Y67A10A.13,0,0
CELE_Y67A10A.229|21ur-14709,0,0
CELE_Y67A10A.208|21ur-11180,0,0
CELE_Y67A10A.261|21ur-8624,0,0
CELE_Y67A10A.236|21ur-10621,0,0
CELE_Y67A10A.2|Y67A10A.2,0,0
CELE_Y67A10A.295|21ur-5610,0,0
CELE_Y67A10A.131|21ur-2439,0,0
CELE_Y67A10A.61|21ur-4467,0,0
CELE_Y67A10A.52|21ur-4233,0,0
CELE_Y67A10A.320|21ur-11420,0,0
CELE_Y67A10A.115|21ur-3894,0,0
CELE_Y67A10A.163|21ur-9240,0,0
CELE_Y67A10A.195|21ur-9667,0,0
CELE_Y67A10A.201|21ur-6977,0,0
CELE_Y67A10A.16|21ur-1557,0,0
CELE_Y67A10A.334|21ur-6063,0,0
CELE_Y67A10A.307|21ur-8442,0,0
CELE_Y67A10A.21|21ur-1377,0,0
CELE_Y67A10A.281|21ur-5497,0,0
CELE_Y67A10A.293|21ur-5994,0,0
CELE_Y67A10A.321|21ur-5676,0,0
CELE_Y67A10A.308|21ur-8281,0,0
CELE_Y67A10A.245|21ur-8817,0,0
CELE_Y67A10A.292|21ur-5738,0,0
CELE_Y67A10A.90|21ur-2926,0,0
CELE_Y67A10A.336|21ur-13925,0,0
CELE_Y67A10A.284|21ur-9734,0,0
CELE_Y67A10A.99|21ur-521,0,0
CELE_Y67A10A.288|21ur-10702,0,0
CELE_Y67A10A.238|21ur-14093,0,0
CELE_Y67A10A.335|21ur-9828,0,0
CELE_Y67A10A.274|21ur-8268,0,0
CELE_Y67A10A.125|21ur-5031,0,0
CELE_Y67A10A.173|21ur-6132,0,0
CELE_Y67A10A.298|21ur-7606,0,0
CELE_Y67A10A.300|21ur-8780,0,0
CELE_Y67A10A.36|21ur-5233,0,0
CELE_Y67A10A.337|21ur-9222,0,0
CELE_Y67A10A.58|21ur-2830,0,0
CELE_Y67A10A.151|21ur-5899,0,0
CELE_Y67A10A.57|21ur-539,0,0
CELE_Y67A10A.166|21ur-10710,0,0
CELE_Y67A10A.27|21ur-844,0,0
CELE_Y67A10A.193|21ur-8961,0,0
CELE_Y67A10A.132|21ur-3019,0,0
CELE_Y67A10A.301|21ur-11713,0,0
CELE_Y67A10A.232|21ur-12198,0,0
CELE_Y67A10A.103|21ur-1982,0,0
CELE_Y67A10A.186|21ur-5594,0,0
CELE_Y67A10A.25|21ur-1072,0,0
CELE_Y67A10A.149|21ur-7918,0,0
CELE_Y67A10A.272|21ur-10946,0,0
CELE_Y67A10A.255|21ur-6589,0,0
CELE_Y67A10A.247|21ur-13473,0,0
CELE_Y67A10A.313|21ur-8797,0,0
CELE_Y67A10A.258|21ur-12658,0,0
CELE_Y67A10A.64|21ur-2861,0,0
CELE_Y67A10A.71|21ur-3789,0,0
CELE_Y67A10A.78|21ur-660,0,0
CELE_Y67A10A.206|21ur-8161,0,0
CELE_Y67A10A.53|21ur-3322,0,0
CELE_Y67A10A.180|21ur-14241,0,0
CELE_Y67A10A.179|21ur-7896,0,0
CELE_Y67A10A.176|21ur-8120,0,0
CELE_Y67A10A.319|21ur-15175,0,0
CELE_Y67A10A.218|21ur-11280,0,0
CELE_Y67A10A.226|21ur-9155,0,0
CELE_Y67A10A.72|21ur-4840,0,0
CELE_Y67A10A.203|21ur-6538,0,0
CELE_Y67A10A.38|21ur-4831,0,0
CELE_Y67A10A.332|21ur-6158,0,0
CELE_Y67A10A.290|21ur-7945,0,0
CELE_Y67A10A.263|21ur-12724,0,0
CELE_Y67A10A.235|21ur-6863,0,0
CELE_Y67A10A.215|21ur-10436,0,0
CELE_Y67A10A.40|21ur-5338,0,0
CELE_Y67A10A.117|21ur-1031,0,0
CELE_Y67A10A.269|21ur-11794,0,0
CELE_Y67A10A.130|21ur-3770,0,0
CELE_Y67A10A.303|21ur-10276,0,0
CELE_Y67A10A.83|21ur-4469,0,0
CELE_Y67A10A.242|21ur-9488,0,0
CELE_Y67A10A.96|21ur-2013,0,0
CELE_Y67A10A.116|21ur-424,0,0
CELE_Y67A10A.120|21ur-1197,0,0
CELE_Y67A10A.299|21ur-7330,0,0
CELE_Y67A10A.196|21ur-11780,0,0
CELE_Y67A10A.271|21ur-15640,0,0
CELE_Y67A10A.168|21ur-9514,0,0
CELE_Y67A10A.202|21ur-8995,0,0
CELE_Y67A10A.19|21ur-4553,0,0
CELE_Y67A10A.231|21ur-15269,0,0
CELE_Y67A10A.212|21ur-11187,0,0
CELE_Y67A10A.97|21ur-4138,0,0
CELE_Y67A10A.101|21ur-592,0,0
CELE_Y67A10A.43|21ur-1581,0,0
CELE_Y67A10A.167|21ur-8580,0,0
CELE_Y67A10A.219|21ur-12273,0,0
CELE_Y67A10A.86|21ur-2971,0,0
CELE_Y67A10A.170|21ur-12276,0,0
CELE_Y67A10A.185|21ur-11185,0,0
CELE_Y67A10A.326|21ur-11649,0,0
CELE_Y67A10A.95|21ur-1382,0,0
CELE_Y67A10A.48|21ur-47,0,0
CELE_Y67A10A.210|21ur-9527,0,0
CELE_Y67A10A.105|21ur-858,0,0
CELE_Y67A10A.114|21ur-3156,0,0
CELE_Y67A10A.275|21ur-15105,0,0
CELE_Y67A10A.214|21ur-14411,0,0
CELE_Y67A10A.154|21ur-12659,0,0
CELE_Y67A10A.343|Y67A10A.343,0,0
CELE_Y67A10A.230|21ur-12893,0,0
CELE_Y67A10A.333|21ur-8811,0,0
CELE_Y67A10A.309|21ur-6106,0,0
CELE_Y67A10A.174|21ur-13397,0,0
CELE_Y67A10A.221|21ur-13916,0,0
CELE_Y67A10A.237|21ur-9785,0,0
CELE_Y67A10A.259|21ur-5813,0,0
CELE_Y67A10A.305|21ur-11136,0,0
CELE_Y67A10A.198|21ur-7271,0,0
CELE_Y67A10A.113|21ur-4732,0,0
CELE_Y67A10A.70|21ur-5444,0,0
CELE_Y67A10A.148|21ur-6431,0,0
CELE_Y67A10A.217|21ur-12384,0,0
CELE_Y67A10A.340|21ur-14217,0,0
CELE_Y67A10A.136|21ur-2243,0,0
CELE_Y67A10A.209|21ur-15574,0,0
CELE_Y67A10A.323|21ur-6116,0,0
CELE_Y67A10A.118|21ur-1593,0,0
CELE_Y67A10A.55|21ur-286,0,0
CELE_Y67A10A.260|21ur-12581,0,0
CELE_Y67A10A.264|21ur-13485,0,0
CELE_Y67A10A.239|21ur-12597,0,0
CELE_Y67A10A.88|21ur-1521,0,0
CELE_Y67A10A.297|21ur-15306,0,0
CELE_Y67A10A.240|21ur-5725,0,0
CELE_Y67A10A.187|21ur-15407,0,0
CELE_Y67A10A.182|21ur-7044,0,0
CELE_Y67A10A.126|21ur-5199,0,0
CELE_Y67A10A.159|21ur-13707,0,0
CELE_Y67A10A.67|21ur-3959,0,0
CELE_Y67A10A.91|21ur-1055,0,0
CELE_Y67A10A.161|21ur-15466,0,0
CELE_Y67A10A.137|21ur-2063,0,0
CELE_Y67A10A.47|21ur-140,0,0
CELE_Y67A10A.66|21ur-5356,0,0
CELE_Y67A10A.171|21ur-14276,0,0
CELE_Y67A10A.318|21ur-6255,0,0
CELE_Y67A10A.188|21ur-6459,0,0
CELE_Y67A10A.35|21ur-1258,0,0
CELE_Y67A10A.330|21ur-13525,0,0
CELE_Y67A10A.280|21ur-7716,0,0
CELE_Y67A10A.327|21ur-6480,0,0
CELE_Y67A10A.172|21ur-10490,0,0
CELE_Y67A10A.54|21ur-2173,0,0
CELE_Y67A10A.141|21ur-4783,0,0
CELE_Y67A10A.194|21ur-5466,0,0
CELE_F55B11.51|21ur-1933,0,0
CELE_F55B11.119|21ur-6253,0,0
CELE_F55B11.38|21ur-1784,0,0
CELE_F55B11.111|21ur-14855,0,0
CELE_F55B11.73|21ur-5550,0,0
CELE_F55B11.24|21ur-1984,0,0
CELE_F55B11.64|21ur-12080,0,0
CELE_F55B11.130|21ur-13889,0,0
CELE_F55B11.113|21ur-7105,0,0
CELE_F55B11.88|21ur-10829,0,0
CELE_F55B11.53|21ur-5319,0,0
CELE_F55B11.10|21ur-5085,0,0
CELE_F55B11.106|21ur-5613,0,0
CELE_F55B11.17|21ur-4654,0,0
CELE_F55B11.58|21ur-3841,0,0
CELE_F55B11.14|21ur-1283,0,0
CELE_F55B11.61|21ur-10440,0,0
CELE_F55B11.103|21ur-9083,0,0
CELE_F55B11.104|21ur-8409,0,0
CELE_F55B11.42|21ur-1898,0,0
CELE_F55B11.110|21ur-7140,0,0
CELE_F55B11.80|21ur-10952,0,0
CELE_F55B11.129|21ur-5574,0,0
CELE_F55B11.108|21ur-12886,0,0
CELE_F55B11.98|21ur-10644,0,0
CELE_F55B11.19|21ur-411,0,0
CELE_F55B11.18|21ur-3224,0,0
CELE_F55B11.100|21ur-11028,0,0
CELE_F55B11.82|21ur-9868,0,0
CELE_F55B11.46|21ur-5180,0,0
CELE_F55B11.62|21ur-12888,0,0
CELE_F55B11.37|21ur-1661,0,0
CELE_F55B11.39|21ur-709,0,0
CELE_F55B11.8|21ur-4026,0,0
CELE_F55B11.87|21ur-14294,0,0
CELE_F55B11.55|21ur-4361,0,0
CELE_F55B11.20|21ur-3729,0,0
CELE_F55B11.66|21ur-6989,0,0
CELE_F55B11.126|21ur-9236,0,0
CELE_F55B11.123|21ur-10607,0,0
CELE_F55B11.115|21ur-14992,0,0
CELE_LLC1.46|21ur-9842,0,0
CELE_LLC1.90|21ur-7449,0,0
CELE_LLC1.54|21ur-13591,0,0
CELE_LLC1.25|21ur-2257,0,0
CELE_LLC1.83|21ur-11176,0,0
CELE_LLC1.51|21ur-10229,0,0
CELE_LLC1.49|21ur-7890,0,0
CELE_LLC1.23|21ur-4873,0,0
CELE_LLC1.70|21ur-12777,0,0
CELE_LLC1.14|21ur-4182,0,0
CELE_LLC1.77|21ur-6834,0,0
CELE_LLC1.80|21ur-13060,0,0
CELE_LLC1.8|21ur-2734,0,0
CELE_LLC1.63|21ur-13896,0,0
CELE_LLC1.81|21ur-14549,0,0
CELE_LLC1.21|21ur-3520,0,0
CELE_LLC1.53|21ur-6920,0,0
CELE_LLC1.39|21ur-2134,0,0
CELE_LLC1.50|21ur-14196,0,0
CELE_LLC1.30|21ur-5049,0,0
CELE_LLC1.69|21ur-7892,0,0
CELE_LLC1.66|21ur-6793,0,0
CELE_LLC1.26|21ur-2764,0,0
CELE_LLC1.102|21ur-7991,0,0
CELE_LLC1.27|21ur-3044,0,0
CELE_LLC1.101|21ur-7402,0,0
CELE_LLC1.31|21ur-916,0,0
CELE_LLC1.67|21ur-14429,0,0
CELE_LLC1.99|21ur-6966,0,0
CELE_LLC1.121|LLC1.121,0,0
CELE_LLC1.36|21ur-2065,0,0
CELE_LLC1.106|21ur-7684,0,0
CELE_LLC1.18|21ur-5173,0,0
CELE_LLC1.105|21ur-11499,0,0
CELE_LLC1.96|21ur-9943,0,0
CELE_LLC1.108|21ur-9107,0,0
CELE_LLC1.64|21ur-12633,0,0
CELE_LLC1.87|21ur-11460,0,0
CELE_LLC1.60|21ur-11106,0,0
CELE_LLC1.93|21ur-12004,0,0
CELE_LLC1.113|21ur-12140,0,0
CELE_LLC1.73|21ur-6428,0,0
CELE_LLC1.15|21ur-4786,0,0
CELE_LLC1.122|mir-2217.4,0,0
CELE_LLC1.72|21ur-10180,0,0
CELE_LLC1.115|21ur-6792,0,0
CELE_LLC1.114|21ur-7516,0,1
CELE_LLC1.24|21ur-4100,0,0
CELE_LLC1.109|21ur-7490,0,0
CELE_LLC1.57|21ur-10364,0,0
CELE_LLC1.120|LLC1.120,0,0
CELE_Y67A10B.2|21ur-5238,0,0
CELE_Y67A10B.3|21ur-11953,0,0
CELE_Y67A10B.1|21ur-3971,0,0
CELE_Y67A10B.5|21ur-7993,0,0
CELE_Y67A10B.4|21ur-13949,0,0
CELE_Y57G11A.184|21ur-11102,0,0
CELE_Y57G11A.151|21ur-10597,0,0
CELE_Y57G11A.217|21ur-9996,0,0
CELE_Y57G11A.77|21ur-399,0,0
CELE_Y57G11A.67|21ur-1670,0,0
CELE_Y57G11A.145|21ur-10457,0,0
CELE_Y57G11A.198|21ur-10711,0,0
CELE_Y57G11A.98|21ur-5758,0,0
CELE_Y57G11A.148|21ur-9655,0,0
CELE_Y57G11A.131|21ur-13161,0,0
CELE_Y57G11A.60|21ur-713,0,0
CELE_Y57G11A.10|21ur-1345,0,0
CELE_Y57G11A.177|21ur-10759,0,0
CELE_Y57G11A.37|21ur-2697,0,0
CELE_Y57G11A.219|21ur-8490,0,0
CELE_Y57G11A.108|21ur-6154,0,0
CELE_Y57G11A.88|21ur-12515,0,0
CELE_Y57G11A.189|21ur-7087,0,0
CELE_Y57G11A.68|21ur-5329,0,0
CELE_Y57G11A.224|21ur-15459,0,0
CELE_Y57G11A.116|21ur-11621,0,0
CELE_Y57G11A.182|21ur-10947,0,0
CELE_Y57G11A.99|21ur-7211,0,0
CELE_Y57G11A.117|21ur-11615,0,0
CELE_Y57G11A.11|21ur-4061,0,0
CELE_Y57G11A.206|21ur-6756,0,0
CELE_Y57G11A.71|21ur-3596,0,0
CELE_Y57G11A.82|21ur-359,0,0
CELE_Y57G11A.199|21ur-9077,0,0
CELE_Y57G11A.23|21ur-2343,0,0
CELE_Y57G11A.135|21ur-10053,0,0
CELE_Y57G11A.162|21ur-12438,0,0
CELE_Y57G11A.52|21ur-2742,0,0
CELE_Y57G11A.15|21ur-4134,0,0
CELE_Y57G11A.81|21ur-1727,0,0
CELE_Y57G11A.65|21ur-1831,0,0
CELE_Y57G11A.62|21ur-4096,0,0
CELE_Y57G11A.197|21ur-10618,0,0
CELE_Y57G11A.104|21ur-14030,0,0
CELE_Y57G11A.203|21ur-5645,0,0
CELE_Y57G11A.129|21ur-9610,0,0
CELE_Y57G11A.137|21ur-14491,0,0
CELE_Y57G11A.29|21ur-5019,0,0
CELE_Y57G11A.171|21ur-7540,0,0
CELE_Y57G11A.220|21ur-7773,0,0
CELE_Y57G11A.12|21ur-1053,0,0
CELE_Y57G11A.21|21ur-2353,0,0
CELE_Y57G11A.70|21ur-1096,0,0
CELE_Y57G11A.35|21ur-4500,0,0
CELE_Y57G11A.216|21ur-6766,0,0
CELE_Y57G11A.27|21ur-750,0,0
CELE_Y57G11A.205|21ur-14365,0,0
CELE_Y57G11A.147|21ur-7533,0,0
CELE_Y57G11A.122|21ur-12735,0,0
CELE_Y57G11A.28|21ur-3473,0,0
CELE_Y57G11A.124|21ur-9150,0,0
CELE_Y57G11A.168|21ur-6294,0,0
CELE_Y57G11A.69|21ur-901,0,0
CELE_Y57G11A.132|21ur-11689,0,0
CELE_Y57G11A.66|21ur-1964,0,0
CELE_Y57G11A.209|21ur-12778,0,0
CELE_Y57G11A.215|21ur-8604,0,0
CELE_Y57G11A.89|21ur-11300,0,0
CELE_Y57G11A.126|21ur-8693,0,0
CELE_Y57G11A.202|21ur-12231,0,0
CELE_Y57G11A.93|21ur-9489,0,0
CELE_Y57G11A.33|21ur-3628,0,0
CELE_Y57G11A.20|21ur-205,0,0
CELE_Y57G11A.101|21ur-13754,0,0
CELE_Y57G11A.32|21ur-3021,0,0
CELE_Y57G11A.166|21ur-12788,0,0
CELE_Y57G11A.179|21ur-6259,0,0
CELE_Y57G11A.14|21ur-4638,0,0
CELE_Y57G11A.142|21ur-8843,0,0
CELE_Y57G11A.188|21ur-10630,0,0
CELE_Y57G11A.96|21ur-5502,0,0
CELE_Y57G11A.194|21ur-10799,0,0
CELE_Y57G11A.63|21ur-4991,0,0
CELE_Y57G11A.195|21ur-10643,0,0
CELE_Y57G11A.50|21ur-309,0,0
CELE_Y57G11A.218|21ur-15308,0,0
CELE_Y57G11A.158|21ur-7190,0,0
CELE_Y57G11A.7|21ur-3396,0,0
CELE_Y57G11A.106|21ur-8675,0,0
CELE_Y57G11A.83|21ur-5084,0,0
CELE_Y57G11A.112|21ur-8104,0,0
CELE_Y57G11A.186|21ur-6812,0,0
CELE_Y57G11A.95|21ur-14894,0,0
CELE_Y57G11A.61|21ur-1504,0,0
CELE_Y57G11A.223|21ur-7403,0,0
CELE_Y57G11A.115|21ur-9228,0,0
CELE_Y57G11A.167|21ur-5807,0,0
CELE_Y57G11A.84|21ur-10741,0,0
CELE_Y57G11A.173|21ur-9941,0,0
CELE_Y57G11A.140|21ur-11623,0,0
CELE_Y57G11A.200|21ur-8083,0,0
CELE_Y57G11A.6|srh-64,0,0
CELE_Y57G11A.34|21ur-4191,0,0
CELE_Y57G11A.97|21ur-11632,0,0
CELE_Y57G11A.190|21ur-8404,0,0
CELE_T27E7.23|21ur-4297,0,0
CELE_T27E7.43|21ur-5957,0,0
CELE_T27E7.51|21ur-7323,0,0
CELE_T27E7.2|srh-65,0,0
CELE_T27E7.8|srh-63,0,0
CELE_T27E7.15|21ur-1872,0,0
CELE_T27E7.68|21ur-15698,0,0
CELE_T27E7.25|21ur-1091,0,0
CELE_T27E7.28|21ur-45,0,0
CELE_T27E7.16|21ur-5242,0,0
CELE_T27E7.12|T27E7.12,0,0
CELE_T27E7.61|21ur-10238,0,0
CELE_T27E7.24|21ur-3029,0,0
CELE_T27E7.22|21ur-616,0,0
CELE_T27E7.63|21ur-10124,0,0
CELE_T27E7.59|21ur-9443,0,0
CELE_T27E7.75|21ur-15227,0,0
CELE_T27E7.32|21ur-2864,0,0
CELE_T27E7.57|21ur-8551,0,0
CELE_T27E7.34|21ur-3451,0,0
CELE_T27E7.50|21ur-10014,0,0
CELE_T27E7.18|21ur-1030,0,0
CELE_T27E7.4|T27E7.4,0,0
CELE_T27E7.49|21ur-11525,0,0
CELE_T27E7.36|21ur-3950,0,0
CELE_T27E7.42|21ur-10627,0,0
CELE_T27E7.17|21ur-4566,0,0
CELE_T27E7.14|21ur-793,0,0
CELE_T27E7.47|21ur-10892,0,0
CELE_T27E7.64|21ur-8638,0,0
CELE_T27E7.72|21ur-6710,0,0
CELE_T27E7.56|21ur-11726,0,0
CELE_T27E7.62|21ur-6612,0,0
CELE_T27E7.58|21ur-12676,0,0
CELE_T27E7.30|21ur-4864,0,0
CELE_T27E7.45|21ur-6780,0,0
CELE_T27E7.76|21ur-13759,0,0
CELE_T27E7.38|21ur-9218,0,0
CELE_T27E7.5|T27E7.5,0,0
CELE_T27E7.41|21ur-15364,0,0
CELE_T27E7.55|21ur-13359,0,0
CELE_T27E7.19|21ur-3371,0,0
CELE_T27E7.31|21ur-1213,0,0
CELE_T27E7.65|21ur-7808,0,0
CELE_T27E7.20|21ur-4016,0,0
CELE_T27E7.35|21ur-4811,0,0
CELE_T27E7.60|21ur-7765,0,0
CELE_T27E7.13|21ur-3316,0,0
CELE_T27E7.39|21ur-12661,0,0
CELE_T27E7.67|21ur-5570,0,0
CELE_T27E7.29|21ur-2782,0,0
CELE_T27E7.11|T27E7.11,0,0
CELE_T27E7.21|21ur-2655,0,0
CELE_T27E7.66|21ur-13863,0,0
CELE_T27E7.54|21ur-14002,0,0
CELE_T27E7.9|T27E7.9,0,0
CELE_T27E7.74|21ur-13992,0,0
CELE_T27E7.46|21ur-13686,0,0
CELE_T27E7.27|21ur-1606,0,0
CELE_T27E7.52|21ur-10019,0,0
CELE_Y57G11B.63|21ur-4648,0,0
CELE_Y57G11B.200|21ur-14564,0,0
CELE_Y57G11B.179|21ur-9248,0,0
CELE_Y57G11B.166|21ur-14464,0,0
CELE_Y57G11B.219|21ur-13034,0,0
CELE_Y57G11B.205|21ur-5485,0,0
CELE_Y57G11B.60|21ur-3694,0,0
CELE_Y57G11B.6|Y57G11B.6,0,0
CELE_Y57G11B.94|21ur-4461,0,0
CELE_Y57G11B.142|21ur-11012,0,0
CELE_Y57G11B.156|21ur-8077,0,0
CELE_Y57G11B.172|21ur-7374,0,0
CELE_Y57G11B.33|21ur-3481,0,0
CELE_Y57G11B.21|21ur-1918,0,0
CELE_Y57G11B.50|21ur-2646,0,0
CELE_Y57G11B.176|21ur-8021,0,0
CELE_Y57G11B.151|21ur-12531,0,0
CELE_Y57G11B.160|21ur-8887,0,0
CELE_Y57G11B.20|21ur-1934,0,0
CELE_Y57G11B.121|21ur-11766,0,0
CELE_Y57G11B.44|21ur-2889,0,0
CELE_Y57G11B.180|21ur-9028,0,0
CELE_Y57G11B.162|21ur-6481,0,0
CELE_Y57G11B.157|21ur-11209,0,0
CELE_Y57G11B.135|21ur-10242,0,0
CELE_Y57G11B.127|21ur-11008,0,0
CELE_Y57G11B.93|21ur-3813,0,0
CELE_Y57G11B.90|21ur-3862,0,0
CELE_Y57G11B.105|21ur-10815,0,0
CELE_Y57G11B.85|21ur-1200,0,0
CELE_Y57G11B.196|21ur-7542,0,0
CELE_Y57G11B.213|21ur-5789,0,0
CELE_Y57G11B.130|21ur-11879,0,0
CELE_Y57G11B.193|21ur-11961,0,0
CELE_Y57G11B.122|21ur-11862,0,0
CELE_Y57G11B.181|21ur-8495,0,0
CELE_Y57G11B.11|21ur-481,0,0
CELE_Y57G11B.143|21ur-12749,0,0
CELE_Y57G11B.70|21ur-1944,0,0
CELE_Y57G11B.108|21ur-13712,0,0
CELE_Y57G11B.30|21ur-583,0,0
CELE_Y57G11B.125|21ur-9586,0,0
CELE_Y57G11B.42|21ur-5292,0,0
CELE_Y57G11B.18|21ur-2859,0,0
CELE_Y57G11B.139|21ur-5590,0,0
CELE_Y57G11B.9|21ur-2148,0,0
CELE_Y57G11B.190|21ur-8761,0,0
CELE_Y57G11B.118|21ur-13539,0,0
CELE_Y57G11B.31|21ur-2040,0,0
CELE_Y57G11B.161|21ur-8524,0,0
CELE_Y57G11B.163|21ur-6561,0,0
CELE_Y57G11B.123|21ur-7665,0,0
CELE_Y57G11B.68|21ur-4285,0,0
CELE_Y57G11B.55|21ur-5333,0,0
CELE_Y57G11B.201|21ur-6852,0,0
CELE_Y57G11B.221|21ur-8444,0,0
CELE_Y57G11B.170|21ur-15471,0,0
CELE_Y57G11B.138|21ur-5879,0,0
CELE_Y57G11B.102|21ur-13039,0,0
CELE_Y57G11B.76|21ur-1233,0,0
CELE_Y57G11B.23|21ur-4236,0,0
CELE_Y57G11B.145|21ur-14571,0,0
CELE_Y57G11B.62|21ur-151,0,0
CELE_Y57G11B.26|21ur-4712,0,0
CELE_Y57G11B.19|21ur-3373,0,0
CELE_Y57G11B.99|21ur-14007,0,0
CELE_Y57G11B.208|21ur-8728,0,0
CELE_Y57G11B.39|21ur-1603,0,0
CELE_Y57G11B.114|21ur-15648,0,0
CELE_Y57G11B.45|21ur-4967,0,0
CELE_Y57G11B.101|21ur-14728,0,0
CELE_Y57G11B.59|21ur-414,0,0
CELE_Y57G11B.37|21ur-571,0,0
CELE_Y57G11B.183|21ur-14008,0,0
CELE_Y57G11B.146|21ur-12017,0,0
CELE_Y57G11B.113|21ur-11896,0,0
CELE_Y57G11B.110|21ur-13454,0,0
CELE_Y57G11B.140|21ur-12667,0,0
CELE_Y57G11B.28|21ur-4986,0,0
CELE_Y57G11B.69|21ur-1795,0,0
CELE_Y57G11B.25|21ur-4185,0,0
CELE_Y57G11B.49|21ur-1777,0,0
CELE_Y57G11B.86|21ur-4837,0,0
CELE_Y57G11B.119|21ur-9091,0,0
CELE_Y57G11B.137|21ur-11712,0,0
CELE_Y57G11B.79|21ur-2887,0,0
CELE_Y57G11B.124|21ur-9554,0,0
CELE_Y57G11B.T1|Y57G11B.t1,0,0
CELE_Y57G11B.91|21ur-5344,0,0
CELE_Y57G11B.197|21ur-7265,0,0
CELE_Y57G11B.192|21ur-6307,0,0
CELE_Y57G11B.15|21ur-5113,0,0
CELE_Y57G11B.96|21ur-4455,0,0
CELE_Y57G11B.111|21ur-11901,0,0
CELE_Y57G11B.46|21ur-2827,0,0
CELE_Y57G11B.174|21ur-14514,0,0
CELE_Y57G11B.61|21ur-3064,0,0
CELE_Y57G11B.13|21ur-2961,0,0
CELE_Y57G11B.72|21ur-4487,0,0
CELE_Y57G11B.52|21ur-489,0,0
CELE_Y57G11B.128|21ur-6800,0,0
CELE_Y57G11B.12|21ur-368,0,0
CELE_Y57G11B.191|21ur-7292,0,0
CELE_Y57G11B.41|21ur-2465,0,0
CELE_Y57G11B.73|21ur-2476,0,0
CELE_Y57G11B.54|21ur-800,0,0
CELE_Y57G11B.10|21ur-1907,0,0
CELE_Y57G11B.64|21ur-3713,0,0
CELE_Y57G11B.115|21ur-6168,0,0
CELE_Y57G11B.53|21ur-1473,0,0
CELE_Y57G11B.199|21ur-5492,0,0
CELE_Y57G11B.82|21ur-3415,0,0
CELE_Y57G11B.184|21ur-12450,0,0
CELE_Y57G11B.185|21ur-5806,0,0
CELE_Y57G11B.22|21ur-146,0,0
CELE_Y57G11B.74|21ur-1044,0,0
CELE_Y57G11B.67|21ur-958,0,0
CELE_Y57G11B.88|21ur-1509,0,0
CELE_Y57G11B.177|21ur-11317,0,0
CELE_Y57G11B.195|21ur-12295,0,0
CELE_Y57G11B.106|21ur-15526,0,0
CELE_Y57G11B.187|21ur-11479,0,0
CELE_Y57G11B.209|21ur-9683,0,0
CELE_Y57G11B.77|21ur-2717,0,0
CELE_Y57G11B.38|21ur-2005,0,0
CELE_Y57G11B.168|21ur-9204,0,0
CELE_Y57G11B.147|21ur-7025,0,0
CELE_Y57G11B.27|21ur-4341,0,0
CELE_Y57G11B.218|21ur-12880,0,0
CELE_Y57G11B.14|21ur-3475,0,0
CELE_Y57G11B.175|21ur-7846,0,0
CELE_Y57G11B.188|21ur-7924,0,0
CELE_Y57G11B.222|21ur-8329,0,0
CELE_Y57G11B.134|21ur-13710,0,0
CELE_Y57G11B.149|21ur-11478,0,0
CELE_Y57G11B.56|21ur-3364,0,0
CELE_Y57G11B.29|21ur-4349,0,0
CELE_Y57G11B.48|21ur-3456,0,0
CELE_Y57G11B.109|21ur-9702,0,0
CELE_Y57G11B.24|21ur-2131,0,0
CELE_Y57G11B.51|21ur-3243,0,0
CELE_Y57G11B.100|21ur-13308,0,0
CELE_Y57G11B.103|21ur-9346,0,0
CELE_Y57G11B.169|21ur-10071,0,0
CELE_Y57G11B.189|21ur-8689,0,0
CELE_Y57G11B.173|21ur-14227,0,0
CELE_Y57G11B.16|21ur-3896,0,0
CELE_Y57G11B.186|21ur-10415,0,0
CELE_Y57G11B.153|21ur-10073,0,0
CELE_Y57G11B.117|21ur-10798,0,0
CELE_Y57G11B.194|21ur-6289,0,0
CELE_Y57G11B.32|21ur-4443,0,0
CELE_Y57G11B.171|21ur-10680,0,0
CELE_Y57G11B.81|21ur-747,0,0
CELE_Y57G11B.89|21ur-3750,0,0
CELE_Y57G11B.167|21ur-8209,0,0
CELE_Y57G11B.98|21ur-13331,0,0
CELE_Y57G11B.217|21ur-6072,0,0
CELE_Y57G11B.207|21ur-6848,0,0
CELE_Y57G11B.58|21ur-865,0,0
CELE_Y57G11B.198|21ur-12748,0,0
CELE_Y57G11B.202|21ur-6356,0,0
CELE_Y57G11B.152|21ur-13256,0,0
CELE_Y57G11B.214|21ur-5791,0,0
CELE_Y57G11B.203|21ur-13371,0,0
CELE_Y57G11B.120|21ur-13053,0,0
CELE_Y57G11B.65|21ur-3863,0,0
CELE_Y57G11B.80|21ur-3221,0,0
CELE_Y57G11B.66|21ur-3395,0,0
CELE_Y57G11B.150|21ur-13234,0,0
CELE_Y57G11B.158|21ur-6906,0,0
CELE_Y57G11B.84|21ur-3018,0,0
CELE_Y57G11B.133|21ur-12560,0,0
CELE_Y57G11B.116|21ur-11808,0,0
CELE_Y57G11B.204|21ur-6423,0,0
CELE_Y57G11B.78|21ur-84,0,0
CELE_Y57G11B.83|21ur-4012,0,0
CELE_Y57G11B.216|21ur-7463,0,0
CELE_Y57G11B.215|21ur-12799,0,0
CELE_Y57G11B.141|21ur-13823,0,0
CELE_Y57G11B.129|21ur-10678,0,0
CELE_Y57G11B.182|21ur-6070,0,0
CELE_Y57G11B.159|21ur-7338,0,0
CELE_Y57G11B.206|21ur-14287,0,0
CELE_Y57G11B.178|21ur-12038,0,0
CELE_Y57G11B.17|21ur-5198,0,0
CELE_Y57G11B.126|21ur-12688,0,0
CELE_F13G11.59|21ur-14420,0,0
CELE_F13G11.60|21ur-8772,0,0
CELE_F13G11.34|21ur-1138,0,0
CELE_F13G11.27|21ur-5036,0,0
CELE_F13G11.64|21ur-8865,0,0
CELE_F13G11.21|21ur-4815,0,0
CELE_F13G11.142|21ur-14996,0,0
CELE_F13G11.125|21ur-9273,0,0
CELE_F13G11.46|21ur-2475,0,0
CELE_F13G11.69|21ur-11732,0,0
CELE_F13G11.61|21ur-6171,0,0
CELE_F13G11.15|21ur-4356,0,0
CELE_F13G11.136|21ur-10859,0,0
CELE_F13G11.88|21ur-9037,0,0
CELE_F13G11.114|21ur-7529,0,0
CELE_F13G11.105|21ur-5962,0,0
CELE_F13G11.119|21ur-7332,0,0
CELE_F13G11.74|21ur-8803,0,0
CELE_F13G11.100|21ur-15493,0,0
CELE_F13G11.11|21ur-1690,0,0
CELE_F13G11.23|21ur-4172,0,0
CELE_F13G11.77|21ur-12464,0,0
CELE_F13G11.96|21ur-9165,0,0
CELE_F13G11.112|21ur-11004,0,0
CELE_F13G11.41|21ur-381,0,0
CELE_F13G11.122|21ur-15474,0,0
CELE_F13G11.113|21ur-9387,0,0
CELE_F13G11.82|21ur-5767,0,0
CELE_F13G11.68|21ur-9958,0,0
CELE_F13G11.140|21ur-7182,0,0
CELE_F13G11.30|21ur-3495,0,0
CELE_F13G11.115|21ur-5871,0,0
CELE_F13G11.14|21ur-4574,0,0
CELE_F13G11.25|21ur-2459,0,0
CELE_F13G11.143|21ur-11734,0,0
CELE_F13G11.17|21ur-2216,0,0
CELE_F13G11.44|21ur-3359,0,0
CELE_F13G11.121|21ur-11572,0,0
CELE_F13G11.86|21ur-6081,0,0
CELE_F13G11.40|21ur-3741,0,0
CELE_F13G11.5|21ur-2786,0,0
CELE_F13G11.33|21ur-1087,0,0
CELE_F13G11.137|21ur-6829,0,0
CELE_F13G11.43|21ur-4688,0,0
CELE_F13G11.22|21ur-1244,0,0
CELE_F13G11.75|21ur-11241,0,0
CELE_F13G11.8|21ur-4954,0,0
CELE_F13G11.37|21ur-1705,0,0
CELE_F13G11.102|21ur-14527,0,0
CELE_F13G11.52|21ur-1026,0,0
CELE_F13G11.118|21ur-14737,0,0
CELE_F13G11.132|21ur-14608,0,0
CELE_F13G11.92|21ur-10472,0,0
CELE_F13G11.20|21ur-3665,0,0
CELE_F13G11.99|21ur-14991,0,0
CELE_F13G11.47|21ur-272,0,0
CELE_F13G11.16|21ur-3479,0,0
CELE_F13G11.123|21ur-14251,0,0
CELE_F13G11.70|21ur-12400,0,0
CELE_F13G11.76|21ur-7683,0,0
CELE_F13G11.85|21ur-11395,0,0
CELE_F13G11.79|21ur-14207,0,0
CELE_F13G11.145|F13G11.145,0,0
CELE_F13G11.T1|F13G11.t1,0,0
CELE_F13G11.109|21ur-7907,0,0
CELE_F13G11.72|21ur-12278,0,0
CELE_F13G11.55|21ur-1027,0,0
CELE_F13G11.19|21ur-2513,0,0
CELE_F13G11.131|21ur-12311,0,0
CELE_F13G11.110|21ur-10517,0,0
CELE_F13G11.91|21ur-15486,0,0
CELE_F13G11.129|21ur-7501,0,0
CELE_F13G11.9|21ur-3690,0,0
CELE_F13G11.10|21ur-5342,0,0
CELE_F13G11.36|21ur-3888,0,0
CELE_F13G11.12|21ur-241,0,0
CELE_F13G11.127|21ur-9267,0,0
CELE_F13G11.48|21ur-4058,0,0
CELE_F13G11.63|21ur-10264,0,0
CELE_F13G11.66|21ur-13244,0,0
CELE_F13G11.95|21ur-12479,0,0
CELE_F13G11.35|21ur-2334,0,0
CELE_F13G11.42|21ur-1707,0,0
CELE_F13G11.29|21ur-4080,0,0
CELE_F13G11.84|21ur-11703,0,0
CELE_F13G11.53|21ur-4040,0,0
CELE_F13G11.106|21ur-14116,0,0
CELE_F13G11.108|21ur-5489,0,0
CELE_F13G11.87|21ur-13075,0,0
CELE_F13G11.83|21ur-5607,0,0
CELE_F13G11.50|21ur-4923,0,0
CELE_F13G11.24|21ur-3418,0,0
CELE_F13G11.93|21ur-10301,0,0
CELE_F13G11.90|21ur-9799,0,0
CELE_F13G11.51|21ur-5391,0,0
CELE_F13G11.104|21ur-7590,0,0
CELE_F13G11.135|21ur-14811,0,0
CELE_F13G11.98|21ur-7669,0,0
CELE_F13G11.28|21ur-3040,0,0
CELE_F13G11.31|21ur-183,0,0
CELE_F13G11.7|21ur-2913,0,0
CELE_F13G11.71|21ur-8875,0,0
CELE_F13G11.133|21ur-11790,0,0
CELE_F13G11.49|21ur-2412,0,0
CELE_F13G11.32|21ur-3270,0,0
CELE_F13G11.101|21ur-10307,0,0
CELE_F13G11.134|21ur-8568,0,0
CELE_F13G11.39|21ur-1434,0,0
CELE_F13G11.67|21ur-7139,0,0
CELE_F13G11.81|21ur-10832,0,0
CELE_F13G11.26|21ur-3540,0,0
CELE_F13G11.45|21ur-3967,0,0
CELE_F13G11.124|21ur-5724,0,0
CELE_F13G11.94|21ur-10226,0,0
CELE_F13G11.13|21ur-5040,0,0
CELE_F13G11.111|21ur-11268,0,0
CELE_F13G11.6|21ur-1878,0,0
CELE_F13G11.141|21ur-5516,0,0
CELE_Y57G11C.826|21ur-5830,0,0
CELE_Y57G11C.1002|21ur-13882,0,0
CELE_Y57G11C.980|21ur-10508,0,0
CELE_Y57G11C.1035|21ur-6228,0,0
CELE_Y57G11C.302|21ur-1122,0,0
CELE_Y57G11C.196|21ur-835,0,0
CELE_Y57G11C.344|21ur-2263,0,0
CELE_Y57G11C.978|21ur-11169,0,0
CELE_Y57G11C.681|21ur-13491,0,0
CELE_Y57G11C.363|21ur-2747,0,0
CELE_Y57G11C.365|21ur-1425,0,0
CELE_Y57G11C.781|21ur-11426,0,0
CELE_Y57G11C.349|21ur-2765,0,0
CELE_Y57G11C.1051|21ur-11142,0,0
CELE_Y57G11C.977|21ur-12076,0,0
CELE_Y57G11C.409|21ur-2068,0,0
CELE_Y57G11C.307|21ur-2577,0,0
CELE_Y57G11C.887|21ur-11745,0,0
CELE_Y57G11C.811|21ur-9481,0,0
CELE_Y57G11C.595|21ur-12048,0,0
CELE_Y57G11C.964|21ur-5877,0,0
CELE_Y57G11C.492|21ur-3691,0,0
CELE_Y57G11C.56|Y57G11C.56,0,0
CELE_Y57G11C.1007|21ur-9987,0,0
CELE_Y57G11C.327|21ur-2773,0,0
CELE_Y57G11C.189|21ur-1694,0,0
CELE_Y57G11C.1050|21ur-5825,0,0
CELE_Y57G11C.749|21ur-8003,0,0
CELE_Y57G11C.865|21ur-10208,0,0
CELE_Y57G11C.552|21ur-6659,0,0
CELE_Y57G11C.466|21ur-3351,0,0
CELE_Y57G11C.551|21ur-11266,0,0
CELE_Y57G11C.677|21ur-6269,0,0
CELE_Y57G11C.737|21ur-13603,0,0
CELE_Y57G11C.266|21ur-4659,0,0
CELE_Y57G11C.617|21ur-10324,0,0
CELE_Y57G11C.675|21ur-11122,0,0
CELE_Y57G11C.480|21ur-1970,0,0
CELE_Y57G11C.381|21ur-3890,0,0
CELE_Y57G11C.968|21ur-6388,0,0
CELE_Y57G11C.707|21ur-12942,0,0
CELE_Y57G11C.1105|21ur-10820,0,0
CELE_Y57G11C.312|21ur-856,0,0
CELE_Y57G11C.221|21ur-643,0,0
CELE_Y57G11C.333|21ur-2312,0,0
CELE_Y57G11C.147|21ur-628,0,0
CELE_Y57G11C.65|21ur-2373,0,0
CELE_Y57G11C.801|21ur-15519,0,0
CELE_Y57G11C.863|21ur-13724,0,0
CELE_Y57G11C.1143|Y57G11C.1143,0,0
CELE_Y57G11C.133|21ur-4936,0,0
CELE_Y57G11C.1038|21ur-15557,0,0
CELE_Y57G11C.204|21ur-160,0,0
CELE_Y57G11C.942|21ur-10099,0,0
CELE_Y57G11C.985|21ur-10529,0,0
CELE_Y57G11C.99|21ur-2603,0,0
CELE_Y57G11C.669|21ur-8667,0,0
CELE_Y57G11C.883|21ur-7453,0,0
CELE_Y57G11C.878|21ur-10841,0,0
CELE_Y57G11C.1|haf-8,0,0
CELE_Y57G11C.1139|Y57G11C.1139,0,0
CELE_Y57G11C.170|21ur-3924,0,0
CELE_Y57G11C.958|21ur-13950,0,0
CELE_Y57G11C.680|21ur-9256,0,0
CELE_Y57G11C.649|21ur-7001,0,0
CELE_Y57G11C.656|21ur-5777,0,0
CELE_Y57G11C.1005|21ur-14964,0,0
CELE_Y57G11C.493|21ur-1605,0,0
CELE_Y57G11C.527|21ur-8047,0,0
CELE_Y57G11C.566|21ur-10591,0,0
CELE_Y57G11C.158|21ur-2154,0,0
CELE_Y57G11C.657|21ur-7648,0,0
CELE_Y57G11C.443|21ur-3974,0,0
CELE_Y57G11C.948|21ur-13406,0,0
CELE_Y57G11C.687|21ur-6305,0,0
CELE_Y57G11C.819|21ur-10522,0,0
CELE_Y57G11C.688|21ur-6435,0,0
CELE_Y57G11C.531|21ur-7341,0,0
CELE_Y57G11C.823|21ur-5909,0,0
CELE_Y57G11C.1028|21ur-8473,0,0
CELE_Y57G11C.797|21ur-8259,0,0
CELE_Y57G11C.347|21ur-504,0,0
CELE_Y57G11C.1132|Y57G11C.1132,0,0
CELE_Y57G11C.1079|21ur-8617,0,0
CELE_Y57G11C.402|21ur-493,0,0
CELE_Y57G11C.337|21ur-3022,0,0
CELE_Y57G11C.525|21ur-6225,0,0
CELE_Y57G11C.336|21ur-63,0,0
CELE_Y57G11C.820|21ur-10506,0,0
CELE_Y57G11C.895|21ur-5907,0,0
CELE_Y57G11C.788|21ur-7624,0,0
CELE_Y57G11C.832|21ur-12359,0,0
CELE_Y57G11C.622|21ur-13693,0,0
CELE_Y57G11C.205|21ur-1299,0,0
CELE_Y57G11C.390|21ur-2204,0,0
CELE_Y57G11C.591|21ur-5722,0,0
CELE_Y57G11C.139|21ur-1513,0,0
CELE_Y57G11C.222|21ur-4750,0,0
CELE_Y57G11C.731|21ur-5753,0,0
CELE_Y57G11C.574|21ur-11739,0,0
CELE_Y57G11C.981|21ur-15112,0,0
CELE_Y57G11C.160|21ur-1483,0,0
CELE_Y57G11C.116|21ur-3927,0,0
CELE_Y57G11C.267|21ur-1442,0,0
CELE_Y57G11C.448|21ur-1193,0,0
CELE_Y57G11C.792|21ur-8965,0,0
CELE_Y57G11C.612|21ur-6940,0,0
CELE_Y57G11C.630|21ur-10210,0,0
CELE_Y57G11C.794|21ur-5563,0,0
CELE_Y57G11C.171|21ur-2215,0,0
CELE_Y57G11C.247|21ur-1537,0,0
CELE_Y57G11C.1019|21ur-14572,0,0
CELE_Y57G11C.864|21ur-7279,0,0
CELE_Y57G11C.150|21ur-1135,0,0
CELE_Y57G11C.415|21ur-651,0,0
CELE_Y57G11C.331|21ur-3979,0,0
CELE_Y57G11C.252|21ur-510,0,0
CELE_Y57G11C.585|21ur-7543,0,0
CELE_Y57G11C.2|lgc-7,0,0
CELE_Y57G11C.169|21ur-4325,0,0
CELE_Y57G11C.399|21ur-4634,0,0
CELE_Y57G11C.839|21ur-6733,0,0
CELE_Y57G11C.498|21ur-2916,0,0
CELE_Y57G11C.314|21ur-2620,0,0
CELE_Y57G11C.280|21ur-2128,0,0
CELE_Y57G11C.102|21ur-1304,0,0
CELE_Y57G11C.1026|21ur-12869,0,0
CELE_Y57G11C.962|21ur-6177,0,0
CELE_Y57G11C.134|21ur-2123,0,0
CELE_Y57G11C.992|21ur-13182,0,0
CELE_Y57G11C.602|21ur-14037,0,0
CELE_Y57G11C.834|21ur-8031,0,0
CELE_Y57G11C.378|21ur-4896,0,0
CELE_Y57G11C.323|21ur-2677,0,0
CELE_Y57G11C.174|21ur-3981,0,0
CELE_Y57G11C.846|21ur-12822,0,0
CELE_Y57G11C.856|21ur-9911,0,0
CELE_Y57G11C.529|21ur-10033,0,0
CELE_Y57G11C.220|21ur-739,0,0
CELE_Y57G11C.75|21ur-4772,0,0
CELE_Y57G11C.1073|21ur-8928,0,0
CELE_Y57G11C.733|21ur-14113,0,0
CELE_Y57G11C.49|lgc-8,0,0
CELE_Y57G11C.916|21ur-14761,0,0
CELE_Y57G11C.335|21ur-1624,0,0
CELE_Y57G11C.678|21ur-8118,0,0
CELE_Y57G11C.146|21ur-2680,0,0
CELE_Y57G11C.289|21ur-4595,0,0
CELE_Y57G11C.142|21ur-1873,0,0
CELE_Y57G11C.799|21ur-8933,0,0
CELE_Y57G11C.770|21ur-10942,0,0
CELE_Y57G11C.429|21ur-1105,0,0
CELE_Y57G11C.633|21ur-5515,0,0
CELE_Y57G11C.62|21ur-3790,0,0
CELE_Y57G11C.1069|21ur-13339,0,0
CELE_Y57G11C.348|21ur-2406,0,0
CELE_Y57G11C.503|21ur-12069,0,0
CELE_Y57G11C.94|21ur-2409,0,0
CELE_Y57G11C.567|21ur-9834,0,0
CELE_Y57G11C.961|21ur-11963,0,0
CELE_Y57G11C.972|21ur-5616,0,0
CELE_Y57G11C.920|21ur-5755,0,0
CELE_Y57G11C.358|21ur-2951,0,0
CELE_Y57G11C.900|21ur-6025,0,0
CELE_Y57G11C.915|21ur-10136,0,0
CELE_Y57G11C.296|21ur-5069,0,0
CELE_Y57G11C.182|21ur-1369,0,0
CELE_Y57G11C.888|21ur-13526,0,0
CELE_Y57G11C.144|21ur-1000,0,0
CELE_Y57G11C.862|21ur-6896,0,0
CELE_Y57G11C.494|21ur-891,0,0
CELE_Y57G11C.1078|21ur-12377,0,0
CELE_Y57G11C.447|21ur-1353,0,0
CELE_Y57G11C.386|21ur-4459,0,0
CELE_Y57G11C.456|21ur-4956,0,0
CELE_Y57G11C.954|21ur-10999,0,0
CELE_Y57G11C.643|21ur-10712,0,0
CELE_Y57G11C.382|21ur-3339,0,0
CELE_Y57G11C.982|21ur-8584,0,0
CELE_Y57G11C.228|21ur-2785,0,0
CELE_Y57G11C.693|21ur-12810,0,0
CELE_Y57G11C.697|21ur-8743,0,0
CELE_Y57G11C.262|21ur-3470,0,0
CELE_Y57G11C.728|21ur-10005,0,0
CELE_Y57G11C.502|21ur-9149,0,0
CELE_Y57G11C.58|21ur-4400,0,0
CELE_Y57G11C.715|21ur-12802,0,0
CELE_Y57G11C.250|21ur-5183,0,0
CELE_Y57G11C.1063|21ur-11593,0,0
CELE_Y57G11C.523|21ur-11769,0,0
CELE_Y57G11C.994|21ur-10944,0,0
CELE_Y57G11C.904|21ur-13475,0,0
CELE_Y57G11C.117|21ur-2097,0,0
CELE_Y57G11C.505|21ur-5618,0,0
CELE_Y57G11C.129|21ur-2809,0,0
CELE_Y57G11C.575|21ur-9190,0,0
CELE_Y57G11C.924|21ur-7272,0,0
CELE_Y57G11C.475|21ur-4045,0,0
CELE_Y57G11C.912|21ur-11353,0,0
CELE_Y57G11C.976|21ur-10585,0,0
CELE_Y57G11C.110|21ur-2840,0,0
CELE_Y57G11C.676|21ur-10894,0,0
CELE_Y57G11C.135|21ur-5197,0,0
CELE_Y57G11C.278|21ur-3702,0,0
CELE_Y57G11C.897|21ur-11579,0,0
CELE_Y57G11C.881|21ur-5522,0,0
CELE_Y57G11C.193|21ur-4531,0,0
CELE_Y57G11C.287|21ur-4320,0,0
CELE_Y57G11C.1114|21ur-5628,0,0
CELE_Y57G11C.89|21ur-1747,0,0
CELE_Y57G11C.211|21ur-1956,0,0
CELE_Y57G11C.76|21ur-1005,0,0
CELE_Y57G11C.137|21ur-3604,0,0
CELE_Y57G11C.246|21ur-524,0,0
CELE_Y57G11C.557|21ur-10675,0,0
CELE_Y57G11C.375|21ur-4230,0,0
CELE_Y57G11C.894|21ur-15682,0,0
CELE_Y57G11C.959|21ur-6946,0,0
CELE_Y57G11C.730|21ur-5567,0,0
CELE_Y57G11C.535|21ur-15303,0,0
CELE_Y57G11C.91|21ur-5208,0,0
CELE_Y57G11C.90|21ur-2923,0,0
CELE_Y57G11C.517|21ur-5878,0,0
CELE_Y57G11C.540|21ur-15056,0,0
CELE_Y57G11C.706|21ur-7401,0,0
CELE_Y57G11C.652|21ur-13740,0,0
CELE_Y57G11C.297|21ur-2799,0,0
CELE_Y57G11C.511|21ur-5488,0,0
CELE_Y57G11C.975|21ur-10661,0,0
CELE_Y57G11C.420|21ur-2400,0,0
CELE_Y57G11C.936|21ur-13212,0,0
CELE_Y57G11C.1039|21ur-12665,0,0
CELE_Y57G11C.802|21ur-6136,0,0
CELE_Y57G11C.1052|21ur-6783,0,0
CELE_Y57G11C.1036|21ur-13820,0,0
CELE_Y57G11C.7|Y57G11C.7,0,0
CELE_Y57G11C.1120|21ur-14478,0,0
CELE_Y57G11C.1098|21ur-8904,0,0
CELE_Y57G11C.362|21ur-136,0,0
CELE_Y57G11C.709|21ur-6275,0,0
CELE_Y57G11C.683|21ur-13470,0,0
CELE_Y57G11C.202|21ur-2451,0,0
CELE_Y57G11C.69|21ur-4839,0,0
CELE_Y57G11C.521|21ur-8314,0,0
CELE_Y57G11C.953|21ur-9179,0,0
CELE_Y57G11C.563|21ur-14500,0,0
CELE_Y57G11C.842|21ur-13818,0,0
CELE_Y57G11C.470|21ur-2186,0,0
CELE_Y57G11C.565|21ur-12574,0,0
CELE_Y57G11C.779|21ur-8438,0,0
CELE_Y57G11C.183|21ur-2921,0,0
CELE_Y57G11C.1033|21ur-15582,0,0
CELE_Y57G11C.1087|21ur-10027,0,0
CELE_Y57G11C.694|21ur-13564,0,0
CELE_Y57G11C.520|21ur-6952,0,0
CELE_Y57G11C.1141|Y57G11C.1141,0,0
CELE_Y57G11C.1145|Y57G11C.1145,0,0
CELE_Y57G11C.559|21ur-5656,0,0
CELE_Y57G11C.775|21ur-12726,0,0
CELE_Y57G11C.1082|21ur-13124,0,0
CELE_Y57G11C.1142|Y57G11C.1142,0,1
CELE_Y57G11C.54|Y57G11C.54,0,0
CELE_Y57G11C.96|21ur-4457,0,0
CELE_Y57G11C.928|21ur-11212,0,0
CELE_Y57G11C.765|21ur-13056,0,0
CELE_Y57G11C.1013|21ur-14408,0,0
CELE_Y57G11C.653|21ur-6853,0,0
CELE_Y57G11C.1108|21ur-13679,0,0
CELE_Y57G11C.923|21ur-13087,0,0
CELE_Y57G11C.141|21ur-2423,0,0
CELE_Y57G11C.438|21ur-3966,0,0
CELE_Y57G11C.674|21ur-7264,0,0
CELE_Y57G11C.194|21ur-2757,0,0
CELE_Y57G11C.1118|21ur-15201,0,0
CELE_Y57G11C.910|21ur-11663,0,0
CELE_Y57G11C.101|21ur-4540,0,0
CELE_Y57G11C.71|21ur-3818,0,0
CELE_Y57G11C.121|21ur-4824,0,0
CELE_Y57G11C.459|21ur-4597,0,0
CELE_Y57G11C.413|21ur-4791,0,0
CELE_Y57G11C.1121|21ur-13567,0,0
CELE_Y57G11C.600|21ur-8212,0,0
CELE_Y57G11C.857|21ur-8266,0,0
CELE_Y57G11C.434|21ur-5070,0,0
CELE_Y57G11C.100|21ur-3294,0,0
CELE_Y57G11C.376|21ur-1128,0,0
CELE_Y57G11C.1022|21ur-7856,0,0
CELE_Y57G11C.562|21ur-13540,0,0
CELE_Y57G11C.353|21ur-87,0,0
CELE_Y57G11C.446|21ur-4013,0,0
CELE_Y57G11C.283|21ur-1239,0,0
CELE_Y57G11C.155|21ur-2420,0,0
CELE_Y57G11C.1031|21ur-9068,0,0
CELE_Y57G11C.351|21ur-4892,0,0
CELE_Y57G11C.554|21ur-5598,0,0
CELE_Y57G11C.131|21ur-4823,0,0
CELE_Y57G11C.991|21ur-8855,0,0
CELE_Y57G11C.1095|21ur-10441,0,0
CELE_Y57G11C.815|21ur-8048,0,0
CELE_Y57G11C.692|21ur-10410,0,0
CELE_Y57G11C.776|21ur-12487,0,0
CELE_Y57G11C.644|21ur-7850,0,0
CELE_Y57G11C.130|21ur-2595,0,0
CELE_Y57G11C.902|21ur-13897,0,0
CELE_Y57G11C.937|21ur-6037,0,0
CELE_Y57G11C.1024|21ur-7183,0,0
CELE_Y57G11C.1046|21ur-7769,0,0
CELE_Y57G11C.911|21ur-11034,0,0
CELE_Y57G11C.619|21ur-6425,0,0
CELE_Y57G11C.488|21ur-1990,0,0
CELE_Y57G11C.727|21ur-12028,0,0
CELE_Y57G11C.1015|21ur-5776,0,0
CELE_Y57G11C.178|21ur-3860,0,0
CELE_Y57G11C.974|21ur-9564,0,0
CELE_Y57G11C.92|21ur-1001,0,0
CELE_Y57G11C.292|21ur-4146,0,0
CELE_Y57G11C.126|21ur-4463,0,0
CELE_Y57G11C.127|21ur-3772,0,0
CELE_Y57G11C.74|21ur-4338,0,0
CELE_Y57G11C.430|21ur-832,0,0
CELE_Y57G11C.667|21ur-7181,0,0
CELE_Y57G11C.481|21ur-1094,0,0
CELE_Y57G11C.1125|21ur-12889,0,0
CELE_Y57G11C.1077|21ur-11436,0,0
CELE_Y57G11C.483|21ur-3519,0,0
CELE_Y57G11C.858|21ur-7115,0,0
CELE_Y57G11C.119|21ur-4518,0,0
CELE_Y57G11C.867|21ur-12288,0,0
CELE_Y57G11C.850|21ur-7629,0,0
CELE_Y57G11C.875|21ur-8430,0,0
CELE_Y57G11C.433|21ur-4489,0,0
CELE_Y57G11C.389|21ur-981,0,0
CELE_Y57G11C.1109|21ur-11226,0,0
CELE_Y57G11C.905|21ur-6509,0,0
CELE_Y57G11C.934|21ur-8959,0,0
CELE_Y57G11C.341|21ur-3290,0,0
CELE_Y57G11C.947|21ur-13363,0,0
CELE_Y57G11C.450|21ur-3747,0,0
CELE_Y57G11C.273|21ur-2302,0,0
CELE_Y57G11C.1044|21ur-7247,0,0
CELE_Y57G11C.1090|21ur-9271,0,0
CELE_Y57G11C.835|21ur-9067,0,0
CELE_Y57G11C.950|21ur-9019,0,0
CELE_Y57G11C.1060|21ur-10493,0,0
CELE_Y57G11C.304|21ur-364,0,0
CELE_Y57G11C.411|21ur-4626,0,0
CELE_Y57G11C.1034|21ur-7470,0,0
CELE_Y57G11C.251|21ur-3231,0,0
CELE_Y57G11C.418|21ur-3135,0,0
CELE_Y57G11C.703|21ur-11248,0,0
CELE_Y57G11C.753|21ur-11113,0,0
CELE_Y57G11C.1032|21ur-12495,0,0
CELE_Y57G11C.879|21ur-15395,0,0
CELE_Y57G11C.547|21ur-9769,0,0
CELE_Y57G11C.419|21ur-1734,0,0
CELE_Y57G11C.572|21ur-5642,0,0
CELE_Y57G11C.373|21ur-3847,0,0
CELE_Y57G11C.128|21ur-4027,0,0
CELE_Y57G11C.921|21ur-7143,0,0
CELE_Y57G11C.533|21ur-11937,0,0
CELE_Y57G11C.324|21ur-5152,0,0
CELE_Y57G11C.571|21ur-11680,0,0
CELE_Y57G11C.1014|21ur-9766,0,0
CELE_Y57G11C.84|21ur-1113,0,0
CELE_Y57G11C.237|21ur-4074,0,0
CELE_Y57G11C.350|21ur-5237,0,0
CELE_Y57G11C.460|21ur-5026,0,0
CELE_Y57G11C.648|21ur-6278,0,0
CELE_Y57G11C.107|21ur-416,0,0
CELE_Y57G11C.1042|21ur-11836,0,0
CELE_Y57G11C.1054|21ur-6681,0,0
CELE_Y57G11C.583|21ur-14718,0,0
CELE_Y57G11C.871|21ur-10250,0,0
CELE_Y57G11C.986|21ur-9510,0,0
CELE_Y57G11C.232|21ur-2599,0,0
CELE_Y57G11C.684|21ur-7749,0,0
CELE_Y57G11C.868|21ur-6138,0,0
CELE_Y57G11C.506|21ur-15419,0,0
CELE_Y57G11C.455|21ur-1815,0,0
CELE_Y57G11C.655|21ur-11432,0,0
CELE_Y57G11C.927|21ur-12693,0,0
CELE_Y57G11C.264|21ur-3427,0,0
CELE_Y57G11C.621|21ur-6003,0,0
CELE_Y57G11C.979|21ur-6965,0,0
CELE_Y57G11C.808|21ur-9628,0,0
CELE_Y57G11C.618|21ur-14678,0,0
CELE_Y57G11C.145|21ur-2296,0,0
CELE_Y57G11C.798|21ur-15504,0,0
CELE_Y57G11C.1146|Y57G11C.1146,0,0
CELE_Y57G11C.807|21ur-6987,0,0
CELE_Y57G11C.840|21ur-6928,0,0
CELE_Y57G11C.281|21ur-4371,0,0
CELE_Y57G11C.943|21ur-14618,0,0
CELE_Y57G11C.414|21ur-3931,0,0
CELE_Y57G11C.641|21ur-15676,0,0
CELE_Y57G11C.514|21ur-5858,0,0
CELE_Y57G11C.510|21ur-13738,0,0
CELE_Y57G11C.478|21ur-707,0,0
CELE_Y57G11C.1041|21ur-11386,0,0
CELE_Y57G11C.87|21ur-50,0,0
CELE_Y57G11C.945|21ur-11679,0,0
CELE_Y57G11C.735|21ur-11551,0,0
CELE_Y57G11C.88|21ur-2007,0,0
CELE_Y57G11C.59|21ur-4174,0,0
CELE_Y57G11C.886|21ur-8380,0,0
CELE_Y57G11C.636|21ur-8260,0,0
CELE_Y57G11C.1104|21ur-8051,0,0
CELE_Y57G11C.582|21ur-8719,0,0
CELE_Y57G11C.795|21ur-8231,0,0
CELE_Y57G11C.739|21ur-6073,0,0
CELE_Y57G11C.398|21ur-3092,0,0
CELE_Y57G11C.860|21ur-8778,0,0
CELE_Y57G11C.742|21ur-14147,0,0
CELE_Y57G11C.397|21ur-2069,0,0
CELE_Y57G11C.542|21ur-11349,0,0
CELE_Y57G11C.747|21ur-10887,0,0
CELE_Y57G11C.225|21ur-1482,0,0
CELE_Y57G11C.713|21ur-13513,0,0
CELE_Y57G11C.661|21ur-14508,0,0
CELE_Y57G11C.889|21ur-7093,0,0
CELE_Y57G11C.284|21ur-454,0,0
CELE_Y57G11C.658|21ur-8191,0,0
CELE_Y57G11C.404|21ur-3745,0,0
CELE_Y57G11C.190|21ur-2559,0,0
CELE_Y57G11C.422|21ur-5015,0,0
CELE_Y57G11C.444|21ur-4098,0,0
CELE_Y57G11C.410|21ur-5100,0,0
CELE_Y57G11C.191|21ur-5216,0,0
CELE_Y57G11C.172|21ur-3146,0,0
CELE_Y57G11C.1065|21ur-11127,0,0
CELE_Y57G11C.104|21ur-5453,0,0
CELE_Y57G11C.1085|21ur-7253,0,0
CELE_Y57G11C.476|21ur-28,0,0
CELE_Y57G11C.848|21ur-10958,0,0
CELE_Y57G11C.357|21ur-5095,0,0
CELE_Y57G11C.214|21ur-3762,0,0
CELE_Y57G11C.570|21ur-5805,0,0
CELE_Y57G11C.1075|21ur-11715,0,0
CELE_Y57G11C.244|21ur-5301,0,0
CELE_Y57G11C.1011|21ur-14942,0,0
CELE_Y57G11C.1003|21ur-15287,0,0
CELE_Y57G11C.77|21ur-1904,0,0
CELE_Y57G11C.230|21ur-1275,0,0
CELE_Y57G11C.484|21ur-3859,0,0
CELE_Y57G11C.1009|21ur-11404,0,0
CELE_Y57G11C.451|21ur-1915,0,0
CELE_Y57G11C.509|21ur-9430,0,0
CELE_Y57G11C.276|21ur-1638,0,0
CELE_Y57G11C.495|21ur-2770,0,0
CELE_Y57G11C.1010|21ur-14615,0,0
CELE_Y57G11C.995|21ur-13499,0,0
CELE_Y57G11C.63|21ur-1104,0,0
CELE_Y57G11C.345|21ur-3012,0,0
CELE_Y57G11C.367|21ur-3535,0,0
CELE_Y57G11C.439|21ur-4322,0,0
CELE_Y57G11C.555|21ur-12766,0,0
CELE_Y57G11C.482|21ur-1846,0,0
CELE_Y57G11C.929|21ur-7464,0,0
CELE_Y57G11C.922|21ur-13766,0,0
CELE_Y57G11C.880|21ur-9370,0,0
CELE_Y57G11C.877|21ur-13323,0,0
CELE_Y57G11C.197|21ur-2993,0,0
CELE_Y57G11C.971|21ur-13352,0,0
CELE_Y57G11C.740|21ur-9259,0,0
CELE_Y57G11C.400|21ur-4596,0,0
CELE_Y57G11C.27|srt-51,0,0
CELE_Y57G11C.471|21ur-5277,0,0
CELE_Y57G11C.550|21ur-5934,0,0
CELE_Y57G11C.143|21ur-2702,0,0
CELE_Y57G11C.606|21ur-5579,0,0
CELE_Y57G11C.990|21ur-10533,0,0
CELE_Y57G11C.719|21ur-6525,0,0
CELE_Y57G11C.1064|21ur-15564,0,0
CELE_Y57G11C.702|21ur-14656,0,0
CELE_Y57G11C.966|21ur-10709,0,0
CELE_Y57G11C.813|21ur-7429,0,0
CELE_Y57G11C.626|21ur-5936,0,0
CELE_Y57G11C.743|21ur-11654,0,0
CELE_Y57G11C.925|21ur-8553,0,0
CELE_Y57G11C.691|21ur-8514,0,0
CELE_Y57G11C.650|21ur-12623,0,0
CELE_Y57G11C.1021|21ur-7119,0,0
CELE_Y57G11C.392|21ur-943,0,0
CELE_Y57G11C.95|21ur-305,0,0
CELE_Y57G11C.26|Y57G11C.26,0,0
CELE_Y57G11C.203|21ur-4479,0,0
CELE_Y57G11C.403|21ur-1828,0,0
CELE_Y57G11C.242|21ur-3323,0,0
CELE_Y57G11C.233|21ur-313,0,0
CELE_Y57G11C.783|21ur-11784,0,0
CELE_Y57G11C.1048|21ur-10106,0,0
CELE_Y57G11C.1000|21ur-9793,0,0
CELE_Y57G11C.1116|21ur-6903,0,0
CELE_Y57G11C.723|21ur-9247,0,0
CELE_Y57G11C.243|21ur-2231,0,0
CELE_Y57G11C.377|21ur-2008,0,0
CELE_Y57G11C.385|21ur-5330,0,0
CELE_Y57G11C.93|21ur-1686,0,0
CELE_Y57G11C.988|21ur-13572,0,0
CELE_Y57G11C.1131|Y57G11C.1131,0,0
CELE_Y57G11C.383|21ur-3870,0,0
CELE_Y57G11C.720|21ur-8530,0,1
CELE_Y57G11C.401|21ur-1787,0,0
CELE_Y57G11C.219|21ur-717,0,0
CELE_Y57G11C.712|21ur-11518,0,0
CELE_Y57G11C.1061|21ur-7766,0,0
CELE_Y57G11C.98|21ur-4749,0,0
CELE_Y57G11C.1101|21ur-13291,0,0
CELE_Y57G11C.431|21ur-2015,0,0
CELE_Y57G11C.298|21ur-3471,0,0
CELE_Y57G11C.310|21ur-2948,0,0
CELE_Y57G11C.82|21ur-488,0,0
CELE_Y57G11C.844|21ur-12507,0,0
CELE_Y57G11C.369|21ur-1224,0,0
CELE_Y57G11C.1045|21ur-14178,0,0
CELE_Y57G11C.371|21ur-1089,0,0
CELE_Y57G11C.240|21ur-421,0,0
CELE_Y57G11C.721|21ur-10568,0,0
CELE_Y57G11C.437|21ur-1743,0,0
CELE_Y57G11C.79|21ur-3291,0,0
CELE_Y57G11C.890|21ur-12813,0,0
CELE_Y57G11C.613|21ur-6485,0,0
CELE_Y57G11C.309|21ur-2092,0,0
CELE_Y57G11C.758|21ur-6993,0,0
CELE_Y57G11C.332|21ur-6,0,0
CELE_Y41E3.217|21ur-13468,0,0
CELE_Y41E3.56|21ur-3052,0,0
CELE_Y41E3.168|21ur-395,0,0
CELE_Y41E3.368|21ur-5761,0,0
CELE_Y41E3.343|21ur-9690,0,0
CELE_Y41E3.71|21ur-988,0,0
CELE_Y41E3.155|21ur-741,0,0
CELE_Y41E3.107|21ur-2816,0,0
CELE_Y41E3.438|21ur-14031,0,0
CELE_Y41E3.377|21ur-7340,0,0
CELE_Y41E3.346|21ur-10659,0,0
CELE_Y41E3.384|21ur-6380,0,0
CELE_Y41E3.196|21ur-4778,0,0
CELE_Y41E3.144|21ur-1973,0,0
CELE_Y41E3.200|21ur-5047,0,0
CELE_Y41E3.434|21ur-14306,0,0
CELE_Y41E3.285|21ur-8378,0,1
CELE_Y41E3.135|21ur-3302,0,0
CELE_Y41E3.109|21ur-1162,0,0
CELE_Y41E3.341|21ur-15228,0,0
CELE_Y41E3.270|21ur-9139,0,0
CELE_Y41E3.356|21ur-13072,0,0
CELE_Y41E3.119|21ur-1330,0,0
CELE_Y41E3.132|21ur-3501,0,0
CELE_Y41E3.307|21ur-12789,0,0
CELE_Y41E3.435|21ur-8144,0,0
CELE_Y41E3.282|21ur-10558,0,0
CELE_Y41E3.117|21ur-724,0,0
CELE_Y41E3.347|21ur-15480,0,0
CELE_Y41E3.220|21ur-12538,0,0
CELE_Y41E3.126|21ur-1150,0,0
CELE_Y41E3.64|21ur-4826,0,0
CELE_Y41E3.211|21ur-2545,0,0
CELE_Y41E3.38|21ur-2661,0,0
CELE_Y41E3.178|21ur-1143,0,0
CELE_Y41E3.33|21ur-2129,0,0
CELE_Y41E3.83|21ur-2636,0,0
CELE_Y41E3.286|21ur-6195,0,0
CELE_Y41E3.391|21ur-14225,0,0
CELE_Y41E3.328|21ur-5493,0,0
CELE_Y41E3.230|21ur-8683,0,0
CELE_Y41E3.101|21ur-1782,0,0
CELE_Y41E3.163|21ur-407,0,0
CELE_Y41E3.331|21ur-11833,0,0
CELE_Y41E3.271|21ur-6316,0,0
CELE_Y41E3.279|21ur-12795,0,0
CELE_Y41E3.396|21ur-13336,0,0
CELE_Y41E3.233|21ur-9110,0,0
CELE_Y41E3.402|21ur-14886,0,0
CELE_Y41E3.280|21ur-10497,0,0
CELE_Y41E3.124|21ur-4210,0,0
CELE_Y41E3.223|21ur-12007,0,0
CELE_Y41E3.446|21ur-14851,0,0
CELE_Y41E3.175|21ur-2083,0,0
CELE_Y41E3.52|21ur-4717,0,0
CELE_Y41E3.272|21ur-14281,0,0
CELE_Y41E3.248|21ur-11962,0,0
CELE_Y41E3.34|21ur-649,0,0
CELE_Y41E3.315|21ur-9465,0,0
CELE_Y41E3.269|21ur-10905,0,0
CELE_Y41E3.454|21ur-9742,0,0
CELE_Y41E3.392|21ur-12849,0,0
CELE_Y41E3.91|21ur-5192,0,0
CELE_Y41E3.387|21ur-11015,0,0
CELE_Y41E3.342|21ur-7361,0,0
CELE_Y41E3.352|21ur-14902,0,0
CELE_Y41E3.36|21ur-76,0,0
CELE_Y41E3.260|21ur-14388,0,0
CELE_Y41E3.349|21ur-8566,0,0
CELE_Y41E3.257|21ur-13668,0,0
CELE_Y41E3.78|21ur-4714,0,0
CELE_Y41E3.406|21ur-14187,0,0
CELE_Y41E3.118|21ur-1834,0,0
CELE_Y41E3.463|Y41E3.463,0,0
CELE_Y41E3.88|21ur-1065,0,0
CELE_Y41E3.73|21ur-4825,0,0
CELE_Y41E3.149|21ur-3907,0,0
CELE_Y41E3.43|21ur-5377,0,0
CELE_Y41E3.77|21ur-925,0,0
CELE_Y41E3.157|21ur-2482,0,0
CELE_Y41E3.204|21ur-2784,0,0
CELE_Y41E3.183|21ur-2025,0,0
CELE_Y41E3.42|21ur-4143,0,0
CELE_Y41E3.174|21ur-2792,0,0
CELE_Y41E3.20|Y41E3.20,0,0
CELE_Y41E3.247|21ur-7035,0,0
CELE_Y41E3.329|21ur-10312,0,0
CELE_Y41E3.445|21ur-8944,0,0
CELE_Y41E3.153|21ur-329,0,0
CELE_Y41E3.394|21ur-12206,0,0
CELE_Y41E3.85|21ur-953,0,0
CELE_Y41E3.116|21ur-3663,0,0
CELE_Y41E3.189|21ur-1592,0,0
CELE_Y41E3.261|21ur-15623,0,0
CELE_Y41E3.94|21ur-2416,0,0
CELE_Y41E3.336|21ur-8745,0,0
CELE_Y41E3.208|21ur-2116,0,0
CELE_Y41E3.255|21ur-14918,0,0
CELE_Y41E3.359|21ur-14354,0,0
CELE_Y41E3.408|21ur-8513,0,0
CELE_Y41E3.49|21ur-4869,0,0
CELE_Y41E3.53|21ur-4539,0,0
CELE_Y41E3.27|21ur-4235,0,0
CELE_Y41E3.72|21ur-2415,0,0
CELE_Y41E3.296|21ur-12414,0,0
CELE_Y41E3.354|21ur-5900,0,0
CELE_Y41E3.29|21ur-4447,0,0
CELE_Y41E3.25|21ur-3960,0,0
CELE_Y41E3.419|21ur-15130,0,0
CELE_Y41E3.114|21ur-1445,0,0
CELE_Y41E3.385|21ur-15211,0,0
CELE_Y41E3.104|21ur-4183,0,0
CELE_Y41E3.194|21ur-3891,0,0
CELE_Y41E3.80|21ur-2060,0,0
CELE_Y41E3.422|21ur-7738,0,0
CELE_Y41E3.199|21ur-4656,0,0
CELE_Y41E3.361|21ur-7926,0,0
CELE_Y41E3.139|21ur-2381,0,0
CELE_Y41E3.235|21ur-12812,0,0
CELE_Y41E3.237|21ur-8054,0,0
CELE_Y41E3.24|21ur-66,0,0
CELE_Y41E3.234|21ur-8134,0,0
CELE_Y41E3.67|21ur-3260,0,0
CELE_Y41E3.395|21ur-12760,0,0
CELE_Y41E3.288|21ur-7838,0,0
CELE_Y41E3.162|21ur-2970,0,0
CELE_Y41E3.325|21ur-9466,0,0
CELE_Y41E3.198|21ur-1961,0,0
CELE_Y41E3.380|21ur-12552,0,0
CELE_Y41E3.268|21ur-15043,0,0
CELE_Y41E3.201|21ur-3296,0,0
CELE_Y41E3.383|21ur-8238,0,0
CELE_Y41E3.263|21ur-12011,0,0
CELE_Y41E3.423|21ur-13965,0,0
CELE_Y41E3.122|21ur-3594,0,0
CELE_Y41E3.409|21ur-13049,0,0
CELE_Y41E3.41|21ur-225,0,0
CELE_Y41E3.277|21ur-8184,0,0
CELE_Y41E3.172|21ur-2709,0,0
CELE_Y41E3.301|21ur-6023,0,0
CELE_Y41E3.12|srt-47,0,0
CELE_Y41E3.369|21ur-6781,0,0
CELE_Y41E3.241|21ur-9919,0,0
CELE_Y41E3.274|21ur-6395,0,0
CELE_Y41E3.431|21ur-10745,0,0
CELE_Y41E3.443|21ur-7844,0,0
CELE_Y41E3.96|21ur-154,0,0
CELE_Y41E3.171|21ur-3046,0,0
CELE_Y41E3.231|21ur-11409,0,0
CELE_Y41E3.227|21ur-9383,0,0
CELE_Y41E3.228|21ur-9940,0,0
CELE_Y41E3.351|21ur-12149,0,0
CELE_Y41E3.287|21ur-9375,0,0
CELE_Y41E3.381|21ur-11609,0,0
CELE_Y41E3.239|21ur-8695,0,0
CELE_Y41E3.314|21ur-7826,0,0
CELE_Y41E3.93|21ur-1665,0,0
CELE_Y41E3.111|21ur-2120,0,0
CELE_Y41E3.92|21ur-5046,0,0
CELE_Y41E3.284|21ur-12313,0,0
CELE_Y41E3.13|Y41E3.13,0,0
CELE_Y41E3.460|Y41E3.460,0,0
CELE_Y41E3.86|21ur-420,0,0
CELE_Y41E3.441|21ur-6461,0,0
CELE_Y41E3.15|srt-48,0,0
CELE_Y41E3.444|21ur-6162,0,0
CELE_Y41E3.150|21ur-1341,0,0
CELE_Y41E3.197|21ur-2597,0,0
CELE_Y41E3.50|21ur-2278,0,0
CELE_Y41E3.365|21ur-14495,0,0
CELE_Y41E3.108|21ur-3096,0,0
CELE_Y41E3.103|21ur-1833,0,0
CELE_Y41E3.451|21ur-13974,0,0
CELE_Y41E3.188|21ur-3920,0,0
CELE_Y41E3.305|21ur-9161,0,0
CELE_Y41E3.128|21ur-4919,0,0
CELE_Y41E3.74|21ur-503,0,0
CELE_Y41E3.151|21ur-3414,0,0
CELE_Y41E3.321|21ur-12861,0,0
CELE_Y41E3.134|21ur-3039,0,0
CELE_Y41E3.453|21ur-11150,0,0
CELE_Y41E3.205|21ur-2103,0,0
CELE_Y41E3.330|21ur-14968,0,0
CELE_Y41E3.316|21ur-8894,0,0
CELE_Y41E3.276|21ur-6601,0,0
CELE_Y41E3.225|21ur-6495,0,0
CELE_Y41E3.161|21ur-2581,0,0
CELE_Y41E3.298|21ur-13809,0,0
CELE_Y41E3.401|21ur-10047,0,0
CELE_Y41E3.202|21ur-1791,0,0
CELE_Y41E3.147|21ur-3661,0,0
CELE_Y41E3.177|21ur-3563,0,0
CELE_Y41E3.75|21ur-1555,0,0
CELE_Y41E3.246|21ur-14498,0,0
CELE_Y41E3.121|21ur-4064,0,0
CELE_Y41E3.319|21ur-7727,0,0
CELE_Y41E3.264|21ur-8725,0,0
CELE_Y41E3.66|21ur-215,0,0
CELE_Y41E3.84|21ur-3390,0,0
CELE_Y41E3.167|21ur-740,0,0
CELE_Y41E3.371|21ur-8738,0,0
CELE_Y41E3.40|21ur-3884,0,0
CELE_Y41E3.193|21ur-1002,0,0
CELE_Y41E3.397|21ur-8991,0,0
CELE_Y41E3.378|21ur-8612,0,0
CELE_Y41E3.309|21ur-7968,0,0
CELE_Y41E3.76|21ur-5008,0,0
CELE_Y41E3.335|21ur-11369,0,0
CELE_Y41E3.51|21ur-2955,0,0
CELE_Y41E3.436|21ur-14465,0,0
CELE_Y41E3.334|21ur-11974,0,0
CELE_Y41E3.61|21ur-2096,0,0
CELE_Y41E3.323|21ur-13798,0,0
CELE_Y41E3.258|21ur-13756,0,0
CELE_Y41E3.278|21ur-11298,0,0
CELE_Y41E3.440|21ur-13841,0,0
CELE_Y41E3.332|21ur-6350,0,0
CELE_Y41E3.236|21ur-11820,0,0
CELE_Y41E3.102|21ur-375,0,0
CELE_Y41E3.251|21ur-6520,0,0
CELE_Y41E3.252|21ur-12209,0,0
CELE_Y41E3.293|21ur-7435,0,0
CELE_Y41E3.152|21ur-5062,0,0
CELE_Y41E3.433|21ur-7748,0,0
CELE_Y41E3.410|21ur-8427,0,0
CELE_Y41E3.412|21ur-14467,0,0
CELE_Y41E3.300|21ur-8091,0,0
CELE_Y41E3.244|21ur-9778,0,0
CELE_Y41E3.55|21ur-4814,0,0
CELE_Y41E3.324|21ur-10582,0,0
CELE_Y41E3.429|21ur-6468,0,0
CELE_Y41E3.69|21ur-607,0,0
CELE_Y41E3.350|21ur-14284,0,0
CELE_Y41E3.416|21ur-6192,0,0
CELE_Y41E3.317|21ur-8338,0,0
CELE_Y41E3.28|21ur-3306,0,0
CELE_Y41E3.26|21ur-3525,0,0
CELE_Y41E3.283|21ur-13963,0,0
CELE_Y41E3.292|21ur-7493,0,0
CELE_Y41E3.372|21ur-12939,0,0
CELE_Y41E3.366|21ur-13742,0,0
CELE_Y41E3.281|21ur-12129,0,0
CELE_Y41E3.47|21ur-5384,0,0
CELE_M199.107|21ur-8228,0,0
CELE_M199.10|21ur-4900,0,0
CELE_M199.93|21ur-12500,0,0
CELE_M199.14|21ur-3336,0,0
CELE_M199.33|21ur-935,0,0
CELE_M199.12|21ur-1037,0,0
CELE_M199.37|21ur-4503,0,0
CELE_M199.35|21ur-5286,0,0
CELE_M199.120|21ur-5539,0,0
CELE_M199.1|srt-44,0,0
CELE_M199.75|21ur-9479,0,0
CELE_M199.61|21ur-2942,0,0
CELE_M199.91|21ur-12586,0,0
CELE_M199.26|21ur-2807,0,0
CELE_M199.104|21ur-11735,0,0
CELE_M199.118|21ur-7787,0,0
CELE_M199.39|21ur-4105,0,0
CELE_M199.71|21ur-11855,0,0
CELE_M199.11|21ur-5357,0,0
CELE_M199.112|21ur-13381,0,0
CELE_M199.29|21ur-1071,0,0
CELE_M199.58|21ur-2674,0,0
CELE_M199.117|21ur-9313,0,0
CELE_M199.22|21ur-5224,0,0
CELE_M199.101|21ur-7809,0,0
CELE_M199.21|21ur-4914,0,0
CELE_M199.102|21ur-6973,0,0
CELE_M199.46|21ur-3148,0,0
CELE_M199.97|21ur-11454,0,0
CELE_M199.65|21ur-3025,0,0
CELE_M199.115|21ur-5941,0,0
CELE_M199.89|21ur-5712,0,0
CELE_M199.79|21ur-15318,0,0
CELE_M199.45|21ur-3893,0,0
CELE_M199.68|21ur-3991,0,0
CELE_M199.54|21ur-30,0,0
CELE_M199.56|21ur-2520,0,0
CELE_M199.63|21ur-4598,0,0
CELE_M199.134|M199.134,0,0
CELE_M199.30|21ur-5204,0,0
CELE_M199.82|21ur-6608,0,0
CELE_M199.114|21ur-13498,0,0
CELE_M199.57|21ur-3709,0,0
CELE_M199.135|M199.135,0,0
CELE_M199.34|21ur-96,0,0
CELE_M199.105|21ur-10949,0,0
CELE_M199.16|21ur-3261,0,0
CELE_M199.110|21ur-8680,0,0
CELE_M199.3|clec-188,0,0
CELE_M199.69|21ur-7545,0,0
CELE_M199.116|21ur-11199,0,0
CELE_M199.31|21ur-5195,0,0
CELE_M199.38|21ur-4744,0,0
CELE_M199.99|21ur-14496,0,0
CELE_M199.25|21ur-3248,0,0
CELE_M199.88|21ur-8783,0,0
CELE_M199.109|21ur-5727,0,0
CELE_M199.111|21ur-11889,0,0
CELE_M199.94|21ur-9605,0,0
CELE_M199.49|21ur-2818,0,0
CELE_M199.59|21ur-2660,0,0
CELE_M199.80|21ur-15351,0,0
CELE_M199.15|21ur-456,0,0
CELE_M199.136|M199.136,0,0
CELE_M199.72|21ur-8046,0,0
CELE_M199.6|clec-189,0,0
CELE_M199.48|21ur-3932,0,0
CELE_M199.92|21ur-9592,0,0
CELE_M199.90|21ur-13791,0,0
CELE_M199.98|21ur-12365,0,0
CELE_M199.127|21ur-9810,0,0
CELE_M199.128|21ur-12697,0,0
CELE_M199.19|21ur-1412,0,0
CELE_M199.66|21ur-1510,0,0
CELE_M199.23|21ur-5174,0,0
CELE_M199.73|21ur-12472,0,0
CELE_M199.32|21ur-1159,0,0
CELE_M199.44|21ur-4799,0,0
CELE_M199.24|21ur-5111,0,0
CELE_M199.123|21ur-9456,0,0
CELE_M199.100|21ur-8644,0,0
CELE_M199.124|21ur-12427,0,0
CELE_M199.119|21ur-14457,0,0
CELE_M199.77|21ur-9594,0,0
CELE_M199.125|21ur-9998,0,0
CELE_M199.126|21ur-7053,0,0
CELE_M199.95|21ur-12739,0,0
CELE_M199.87|21ur-13856,0,0
CELE_M199.108|21ur-15141,0,0
CELE_M199.50|21ur-4935,0,0
CELE_M199.132|21ur-10696,0,0
CELE_M199.74|21ur-7243,0,0
CELE_M199.36|21ur-3458,0,0
CELE_M199.42|21ur-137,0,0
CELE_M199.47|21ur-3650,0,0
CELE_M199.106|21ur-14219,0,0
CELE_M199.27|21ur-4743,0,0
CELE_M199.83|21ur-9316,0,0
CELE_M199.41|21ur-2499,0,0
CELE_M199.51|21ur-4429,0,0
CELE_M199.133|21ur-11958,0,0
CELE_M199.103|21ur-11256,0,0
CELE_M199.67|21ur-2214,0,0
CELE_M199.52|21ur-5386,0,0
CELE_M199.55|21ur-4328,0,0
CELE_M199.18|21ur-4014,0,0
CELE_M199.86|21ur-6925,0,0
CELE_M199.43|21ur-3830,0,0
CELE_M199.17|21ur-396,0,0
CELE_M199.64|21ur-625,0,0
CELE_M199.76|21ur-7126,0,0
CELE_M199.121|21ur-10550,0,0
CELE_M199.53|21ur-2276,0,0
CELE_Y40H7A.199|21ur-5845,0,0
CELE_Y40H7A.230|21ur-14502,0,0
CELE_Y40H7A.232|21ur-9233,0,0
CELE_Y40H7A.27|21ur-1284,0,0
CELE_Y40H7A.237|21ur-13641,0,0
CELE_Y40H7A.105|21ur-5317,0,0
CELE_Y40H7A.249|21ur-14063,0,0
CELE_Y40H7A.229|21ur-15577,0,0
CELE_Y40H7A.87|21ur-5316,0,0
CELE_Y40H7A.24|21ur-1475,0,0
CELE_Y40H7A.111|21ur-2198,0,0
CELE_Y40H7A.177|21ur-7537,0,0
CELE_Y40H7A.29|21ur-678,0,0
CELE_Y40H7A.162|21ur-8979,0,0
CELE_Y40H7A.170|21ur-9763,0,0
CELE_Y40H7A.93|21ur-4677,0,0
CELE_Y40H7A.241|21ur-12690,0,0
CELE_Y40H7A.188|21ur-5569,0,0
CELE_Y40H7A.280|21ur-8339,0,0
CELE_Y40H7A.1|str-78,0,0
CELE_Y40H7A.236|21ur-10858,0,0
CELE_Y40H7A.144|21ur-5270,0,0
CELE_Y40H7A.34|21ur-5021,0,0
CELE_Y40H7A.168|21ur-6636,0,0
CELE_Y40H7A.298|21ur-10642,0,0
CELE_Y40H7A.19|21ur-5452,0,0
CELE_Y40H7A.165|21ur-7694,0,0
CELE_Y40H7A.22|21ur-4519,0,0
CELE_Y40H7A.247|21ur-10488,0,0
CELE_Y40H7A.122|21ur-4165,0,0
CELE_Y40H7A.82|21ur-519,0,0
CELE_Y40H7A.256|21ur-10194,0,0
CELE_Y40H7A.290|21ur-9169,0,0
CELE_Y40H7A.288|21ur-14384,0,0
CELE_Y40H7A.42|21ur-654,0,0
CELE_Y40H7A.235|21ur-12223,0,0
CELE_Y40H7A.222|21ur-13388,0,0
CELE_Y40H7A.275|21ur-10499,0,0
CELE_Y40H7A.132|21ur-997,0,0
CELE_Y40H7A.134|21ur-812,0,0
CELE_Y40H7A.263|21ur-11195,0,0
CELE_Y40H7A.39|21ur-5001,0,0
CELE_Y40H7A.302|21ur-10552,0,0
CELE_Y40H7A.152|21ur-8229,0,0
CELE_Y40H7A.102|21ur-2125,0,0
CELE_Y40H7A.133|21ur-5060,0,0
CELE_Y40H7A.155|21ur-10193,0,0
CELE_Y40H7A.80|21ur-609,0,0
CELE_Y40H7A.31|21ur-4669,0,0
CELE_Y40H7A.129|21ur-3308,0,0
CELE_Y40H7A.181|21ur-5785,0,0
CELE_Y40H7A.250|21ur-7486,0,0
CELE_Y40H7A.305|21ur-7830,0,0
CELE_Y40H7A.203|21ur-14937,0,0
CELE_Y40H7A.23|21ur-1126,0,0
CELE_Y40H7A.73|21ur-638,0,0
CELE_Y40H7A.262|21ur-11760,0,0
CELE_Y40H7A.76|21ur-1267,0,0
CELE_Y40H7A.125|21ur-1848,0,0
CELE_Y40H7A.84|21ur-749,0,0
CELE_Y40H7A.277|21ur-7214,0,0
CELE_Y40H7A.306|21ur-13764,0,0
CELE_Y40H7A.274|21ur-14653,0,0
CELE_Y40H7A.269|21ur-10738,0,0
CELE_Y40H7A.123|21ur-3787,0,0
CELE_Y40H7A.172|21ur-15694,0,0
CELE_Y40H7A.245|21ur-6583,0,0
CELE_Y40H7A.257|21ur-15631,0,0
CELE_Y40H7A.227|21ur-10755,0,0
CELE_Y40H7A.258|21ur-6119,0,0
CELE_Y40H7A.296|21ur-8292,0,0
CELE_Y40H7A.58|21ur-4342,0,0
CELE_Y40H7A.53|21ur-1265,0,0
CELE_Y40H7A.47|21ur-342,0,0
CELE_Y40H7A.221|21ur-7823,0,0
CELE_Y40H7A.12|mir-78,0,0
CELE_Y40H7A.157|21ur-10414,0,0
CELE_Y40H7A.194|21ur-9780,0,0
CELE_Y40H7A.21|21ur-1935,0,0
CELE_Y40H7A.284|21ur-10635,0,0
CELE_Y40H7A.187|21ur-14536,0,0
CELE_Y40H7A.216|21ur-9765,0,0
CELE_Y40H7A.50|21ur-3249,0,0
CELE_Y40H7A.265|21ur-8236,0,0
CELE_Y40H7A.26|21ur-1687,0,0
CELE_Y40H7A.191|21ur-9516,0,0
CELE_Y40H7A.113|21ur-4444,0,0
CELE_Y40H7A.307|21ur-11327,0,0
CELE_Y40H7A.192|21ur-10917,0,0
CELE_Y40H7A.127|21ur-4187,0,0
CELE_Y40H7A.14|Y40H7A.14,0,0
CELE_Y40H7A.166|21ur-14722,0,0
CELE_Y40H7A.164|21ur-9917,0,0
CELE_Y40H7A.60|21ur-3447,0,0
CELE_Y40H7A.159|21ur-9163,0,0
CELE_Y40H7A.70|21ur-2775,0,0
CELE_Y40H7A.202|21ur-7200,0,0
CELE_Y40H7A.175|21ur-7168,0,0
CELE_Y40H7A.49|21ur-2143,0,0
CELE_Y40H7A.137|21ur-3930,0,0
CELE_Y40H7A.140|21ur-472,0,0
CELE_Y40H7A.253|21ur-12068,0,0
CELE_Y40H7A.35|21ur-1857,0,0
CELE_Y40H7A.273|21ur-12671,0,0
CELE_Y40H7A.282|21ur-11096,0,0
CELE_Y40H7A.55|21ur-68,0,0
CELE_Y40H7A.178|21ur-14156,0,0
CELE_Y40H7A.308|Y40H7A.308,0,0
CELE_Y40H7A.T1|Y40H7A.t1,0,0
CELE_Y40H7A.309|Y40H7A.309,0,0
CELE_Y40H7A.T2|Y40H7A.t2,0,0
CELE_Y40H7A.310|Y40H7A.310,0,0
CELE_Y40H7A.153|21ur-6752,0,0
CELE_Y40H7A.160|21ur-14327,0,0
CELE_Y40H7A.220|21ur-7912,0,0
CELE_Y40H7A.272|21ur-8303,0,0
CELE_Y40H7A.264|21ur-10847,0,0
CELE_Y40H7A.206|21ur-15249,0,0
CELE_Y40H7A.270|21ur-7691,0,0
CELE_Y40H7A.210|21ur-13813,0,0
CELE_Y40H7A.251|21ur-8716,0,0
CELE_Y40H7A.182|21ur-7030,0,0
CELE_Y40H7A.103|21ur-3624,0,0
CELE_Y40H7A.135|21ur-4822,0,0
CELE_Y40H7A.128|21ur-2477,0,0
CELE_Y40H7A.108|21ur-1882,0,0
CELE_Y40H7A.207|21ur-15280,0,0
CELE_Y40H7A.88|21ur-3956,0,0
CELE_Y40H7A.228|21ur-5781,0,0
CELE_Y40H7A.189|21ur-6258,0,0
CELE_Y40H7A.173|21ur-11166,0,0
CELE_Y40H7A.37|21ur-2171,0,0
CELE_Y40H7A.212|21ur-7391,0,0
CELE_Y40H7A.176|21ur-13805,0,0
CELE_Y40H7A.291|21ur-8419,0,0
CELE_Y40H7A.138|21ur-2497,0,0
CELE_Y40H7A.295|21ur-8167,0,0
CELE_Y40H7A.215|21ur-5820,0,0
CELE_Y40H7A.38|21ur-4738,0,0
CELE_Y40H7A.92|21ur-4113,0,0
CELE_Y40H7A.283|21ur-14444,0,0
CELE_Y40H7A.9|Y40H7A.9,0,0
CELE_Y40H7A.117|21ur-1059,0,0
CELE_Y40H7A.104|21ur-3715,0,0
CELE_Y40H7A.114|21ur-4602,0,0
CELE_Y40H7A.185|21ur-12035,0,0
CELE_Y40H7A.18|21ur-344,0,0
CELE_Y40H7A.146|21ur-2565,0,0
CELE_Y40H7A.225|21ur-13744,0,0
CELE_Y40H7A.219|21ur-9101,0,0
CELE_Y40H7A.25|21ur-1018,0,0
CELE_Y40H7A.287|21ur-10357,0,0
CELE_Y40H7A.91|21ur-3925,0,0
CELE_Y40H7A.33|21ur-4055,0,0
CELE_Y40H7A.85|21ur-4753,0,0
CELE_Y40H7A.95|21ur-4970,0,0
CELE_Y40H7A.246|21ur-9758,0,0
CELE_Y40H7A.56|21ur-3492,0,0
CELE_Y40H7A.36|21ur-2213,0,0
CELE_Y40H7A.201|21ur-14876,0,0
CELE_Y40H7A.65|21ur-867,0,0
CELE_Y40H7A.271|21ur-14398,0,0
CELE_Y40H7A.32|21ur-1172,0,0
CELE_Y40H7A.89|21ur-2038,0,0
CELE_Y40H7A.180|21ur-6683,0,0
CELE_Y40H7A.299|21ur-15330,0,0
CELE_Y40H7A.233|21ur-7505,0,0
CELE_Y40H7A.71|21ur-5366,0,0
CELE_Y40H7A.204|21ur-13209,0,0
CELE_Y40H7A.116|21ur-1843,0,0
CELE_Y40H7A.184|21ur-14190,0,0
CELE_Y40H7A.240|21ur-12291,0,0
CELE_Y40H7A.292|21ur-14277,0,0
CELE_Y40H7A.142|21ur-4365,0,0
CELE_Y40H7A.248|21ur-11772,0,0
CELE_Y40H7A.54|21ur-2192,0,0
CELE_Y40H7A.285|21ur-6188,0,0
CELE_Y40H7A.69|21ur-19,0,0
CELE_Y40H7A.79|21ur-4446,0,0
CELE_Y40H7A.66|21ur-575,0,0
CELE_Y73F8A.945|21ur-11843,0,0
CELE_Y73F8A.757|21ur-13019,0,0
CELE_Y73F8A.1|pkd-2,0,0
CELE_Y73F8A.251|21ur-1335,0,0
CELE_Y73F8A.1066|21ur-6790,0,0
CELE_Y73F8A.696|21ur-11926,0,0
CELE_Y73F8A.732|21ur-7387,0,0
CELE_Y73F8A.360|21ur-5030,0,0
CELE_Y73F8A.948|21ur-6846,0,0
CELE_Y73F8A.123|21ur-2396,0,0
CELE_Y73F8A.280|21ur-1380,0,0
CELE_Y73F8A.877|21ur-10837,0,0
CELE_Y73F8A.316|21ur-3698,0,0
CELE_Y73F8A.869|21ur-11694,0,0
CELE_Y73F8A.867|21ur-13037,0,0
CELE_Y73F8A.337|21ur-4775,0,0
CELE_Y73F8A.936|21ur-10284,0,0
CELE_Y73F8A.458|21ur-3541,0,0
CELE_Y73F8A.559|21ur-12023,0,0
CELE_Y73F8A.389|21ur-449,0,0
CELE_Y73F8A.472|21ur-132,0,0
CELE_Y73F8A.114|21ur-4212,0,0
CELE_Y73F8A.47|21ur-2932,0,0
CELE_Y73F8A.444|21ur-3079,0,0
CELE_Y73F8A.352|21ur-2054,0,0
CELE_Y73F8A.723|21ur-15018,0,0
CELE_Y73F8A.71|21ur-73,0,0
CELE_Y73F8A.536|21ur-13340,0,0
CELE_Y73F8A.1175|Y73F8A.1175,0,0
CELE_Y73F8A.262|21ur-1009,0,0
CELE_Y73F8A.1172|Y73F8A.1172,0,0
CELE_Y73F8A.982|21ur-12952,0,0
CELE_Y73F8A.449|21ur-1058,0,0
CELE_Y73F8A.T1|Y73F8A.t1,0,0
CELE_Y73F8A.590|21ur-11678,0,0
CELE_Y73F8A.552|21ur-8942,0,0
CELE_Y73F8A.681|21ur-6174,0,0
CELE_Y73F8A.446|21ur-1698,0,0
CELE_Y73F8A.1147|21ur-11851,0,0
CELE_Y73F8A.747|21ur-11905,0,0
CELE_Y73F8A.235|21ur-4547,0,0
CELE_Y73F8A.118|21ur-2920,0,0
CELE_Y73F8A.56|21ur-5403,0,0
CELE_Y73F8A.392|21ur-2630,0,0
CELE_Y73F8A.270|21ur-4639,0,0
CELE_Y73F8A.103|21ur-362,0,0
CELE_Y73F8A.1008|21ur-8499,0,0
CELE_Y73F8A.1140|21ur-8517,0,0
CELE_Y73F8A.85|21ur-5053,0,0
CELE_Y73F8A.828|21ur-10333,0,0
CELE_Y73F8A.193|21ur-1223,0,0
CELE_Y73F8A.173|21ur-1039,0,0
CELE_Y73F8A.822|21ur-9653,0,0
CELE_Y73F8A.44|21ur-5440,0,0
CELE_Y73F8A.492|21ur-587,0,0
CELE_Y73F8A.414|21ur-2769,0,0
CELE_Y73F8A.464|21ur-55,0,0
CELE_Y73F8A.1075|21ur-11596,0,0
CELE_Y73F8A.944|21ur-11249,0,0
CELE_Y73F8A.717|21ur-12782,0,0
CELE_Y73F8A.912|21ur-10893,0,0
CELE_Y73F8A.832|21ur-5634,0,0
CELE_Y73F8A.385|21ur-3873,0,0
CELE_Y73F8A.3|srj-42,0,0
CELE_Y73F8A.373|21ur-5131,0,0
CELE_Y73F8A.244|21ur-559,0,0
CELE_Y73F8A.924|21ur-9513,0,0
CELE_Y73F8A.811|21ur-13978,0,0
CELE_Y73F8A.339|21ur-4880,0,0
CELE_Y73F8A.54|21ur-2547,0,0
CELE_Y73F8A.50|21ur-2195,0,0
CELE_Y73F8A.419|21ur-1531,0,0
CELE_Y73F8A.222|21ur-4470,0,0
CELE_Y73F8A.932|21ur-9146,0,0
CELE_Y73F8A.970|21ur-15350,0,0
CELE_Y73F8A.357|21ur-5411,0,0
CELE_Y73F8A.461|21ur-513,0,0
CELE_Y73F8A.857|21ur-13753,0,0
CELE_Y73F8A.283|21ur-2606,0,0
CELE_Y73F8A.734|21ur-8248,0,0
CELE_Y73F8A.605|21ur-12838,0,0
CELE_Y73F8A.86|21ur-1566,0,0
CELE_Y73F8A.913|21ur-7802,0,0
CELE_Y73F8A.870|21ur-10804,0,0
CELE_Y73F8A.835|21ur-6648,0,0
CELE_Y73F8A.354|21ur-1657,0,0
CELE_Y73F8A.785|21ur-6399,0,0
CELE_Y73F8A.794|21ur-9378,0,0
CELE_Y73F8A.4|Y73F8A.4,0,0
CELE_Y73F8A.481|21ur-2730,0,0
CELE_Y73F8A.172|21ur-4589,0,0
CELE_Y73F8A.1161|Y73F8A.1161,0,0
CELE_Y73F8A.1163|Y73F8A.1163,0,0
CELE_Y73F8A.349|21ur-4303,0,0
CELE_Y73F8A.228|21ur-2873,0,0
CELE_Y73F8A.580|21ur-14344,0,0
CELE_Y73F8A.203|21ur-5107,0,0
CELE_Y73F8A.1050|21ur-8974,0,0
CELE_Y73F8A.264|21ur-5189,0,0
CELE_Y73F8A.667|21ur-14988,0,0
CELE_Y73F8A.303|21ur-3969,0,0
CELE_Y73F8A.99|21ur-5086,0,0
CELE_Y73F8A.833|21ur-13683,0,0
CELE_Y73F8A.880|21ur-6939,0,0
CELE_Y73F8A.604|21ur-13484,0,0
CELE_Y73F8A.690|21ur-14477,0,0
CELE_Y73F8A.983|21ur-5770,0,0
CELE_Y73F8A.694|21ur-12294,0,0
CELE_Y73F8A.964|21ur-11243,0,0
CELE_Y73F8A.441|21ur-3998,0,0
CELE_Y73F8A.49|21ur-3440,0,0
CELE_Y73F8A.456|21ur-74,0,0
CELE_Y73F8A.903|21ur-15124,0,0
CELE_Y73F8A.737|21ur-5930,0,0
CELE_Y73F8A.871|21ur-5817,0,0
CELE_Y73F8A.442|21ur-2528,0,0
CELE_Y73F8A.509|21ur-9451,0,0
CELE_Y73F8A.698|21ur-14179,0,0
CELE_Y73F8A.273|21ur-1699,0,0
CELE_Y73F8A.1002|21ur-13613,0,0
CELE_Y73F8A.148|21ur-2066,0,0
CELE_Y73F8A.1136|21ur-12991,0,0
CELE_Y73F8A.1141|21ur-9118,0,0
CELE_Y73F8A.699|21ur-5980,0,0
CELE_Y73F8A.102|21ur-1206,0,0
CELE_Y73F8A.703|21ur-14627,0,0
CELE_Y73F8A.704|21ur-10509,0,0
CELE_Y73F8A.805|21ur-7643,0,0
CELE_Y73F8A.1069|21ur-12790,0,0
CELE_Y73F8A.486|21ur-831,0,0
CELE_Y73F8A.466|21ur-1859,0,0
CELE_Y73F8A.532|21ur-15621,0,0
CELE_Y73F8A.984|21ur-6368,0,0
CELE_Y73F8A.751|21ur-11225,0,0
CELE_Y73F8A.676|21ur-10705,0,0
CELE_Y73F8A.155|21ur-2490,0,0
CELE_Y73F8A.679|21ur-8324,0,0
CELE_Y73F8A.165|21ur-1505,0,0
CELE_Y73F8A.830|21ur-5824,0,0
CELE_Y73F8A.309|21ur-1011,0,0
CELE_Y73F8A.672|21ur-6064,0,0
CELE_Y73F8A.853|21ur-14140,0,0
CELE_Y73F8A.1000|21ur-8860,0,0
CELE_Y73F8A.962|21ur-8614,0,0
CELE_Y73F8A.1107|21ur-13872,0,0
CELE_Y73F8A.1033|21ur-5895,0,0
CELE_Y73F8A.77|21ur-5412,0,0
CELE_Y73F8A.972|21ur-9781,0,0
CELE_Y73F8A.268|21ur-1107,0,0
CELE_Y73F8A.551|21ur-10789,0,0
CELE_Y73F8A.990|21ur-9705,0,0
CELE_Y73F8A.285|21ur-4910,0,0
CELE_Y73F8A.422|21ur-1988,0,0
CELE_Y73F8A.125|21ur-4766,0,0
CELE_Y73F8A.183|21ur-5071,0,0
CELE_Y73F8A.435|21ur-5033,0,0
CELE_Y73F8A.1144|21ur-6147,0,0
CELE_Y73F8A.224|21ur-829,0,0
CELE_Y73F8A.530|21ur-11421,0,0
CELE_Y73F8A.537|21ur-6732,0,0
CELE_Y73F8A.900|21ur-10889,0,0
CELE_Y73F8A.440|21ur-3798,0,0
CELE_Y73F8A.1113|21ur-10897,0,0
CELE_Y73F8A.68|21ur-1550,0,0
CELE_Y73F8A.73|21ur-1456,0,0
CELE_Y73F8A.631|21ur-15645,0,0
CELE_Y73F8A.292|21ur-2560,0,0
CELE_Y73F8A.671|21ur-13530,0,0
CELE_Y73F8A.1148|21ur-6584,0,0
CELE_Y73F8A.809|21ur-7687,0,0
CELE_Y73F8A.336|21ur-2133,0,0
CELE_Y73F8A.826|21ur-8576,0,0
CELE_Y73F8A.84|21ur-4624,0,0
CELE_Y73F8A.405|21ur-1339,0,0
CELE_Y73F8A.776|21ur-6401,0,0
CELE_Y73F8A.211|21ur-232,0,0
CELE_Y73F8A.939|21ur-15191,0,0
CELE_Y73F8A.278|21ur-811,0,0
CELE_Y73F8A.1064|21ur-13007,0,0
CELE_Y73F8A.257|21ur-2813,0,0
CELE_Y73F8A.577|21ur-13907,0,0
CELE_Y73F8A.142|21ur-3245,0,0
CELE_Y73F8A.7|str-11,0,0
CELE_Y73F8A.1071|21ur-7891,0,0
CELE_Y73F8A.58|21ur-5291,0,0
CELE_Y73F8A.T2|sup-24,0,0
CELE_Y73F8A.366|21ur-2316,0,0
CELE_Y73F8A.328|21ur-3989,0,0
CELE_Y73F8A.1007|21ur-14080,0,0
CELE_Y73F8A.862|21ur-9732,0,0
CELE_Y73F8A.1146|21ur-5720,0,0
CELE_Y73F8A.475|21ur-2164,0,0
CELE_Y73F8A.1087|21ur-11724,0,0
CELE_Y73F8A.10|Y73F8A.10,0,0
CELE_Y73F8A.1047|21ur-5681,0,0
CELE_Y73F8A.630|21ur-10428,0,0
CELE_Y73F8A.138|21ur-833,0,0
CELE_Y73F8A.930|21ur-5693,0,0
CELE_Y73F8A.190|21ur-2679,0,0
CELE_Y73F8A.893|21ur-6317,0,0
CELE_Y73F8A.443|21ur-4545,0,0
CELE_Y73F8A.281|21ur-2050,0,0
CELE_Y73F8A.606|21ur-8669,0,0
CELE_Y73F8A.433|21ur-2155,0,0
CELE_Y73F8A.434|21ur-4543,0,0
CELE_Y73F8A.1062|21ur-14783,0,0
CELE_Y73F8A.1010|21ur-12803,0,0
CELE_Y73F8A.799|21ur-11283,0,0
CELE_Y73F8A.42|21ur-4859,0,0
CELE_Y73F8A.295|21ur-3575,0,0
CELE_Y73F8A.1083|21ur-11357,0,0
CELE_Y73F8A.1044|21ur-12929,0,0
CELE_Y73F8A.314|21ur-4226,0,0
CELE_Y73F8A.942|21ur-7160,0,0
CELE_Y73F8A.949|21ur-8687,0,0
CELE_Y73F8A.688|21ur-7336,0,0
CELE_Y73F8A.669|21ur-11072,0,0
CELE_Y73F8A.808|21ur-6962,0,0
CELE_Y73F8A.1084|21ur-12411,0,0
CELE_Y73F8A.693|21ur-9062,0,0
CELE_Y73F8A.355|21ur-2755,0,0
CELE_Y73F8A.733|21ur-10652,0,0
CELE_Y73F8A.512|21ur-7333,0,0
CELE_Y73F8A.431|21ur-627,0,0
CELE_Y73F8A.546|21ur-9871,0,0
CELE_Y73F8A.1031|21ur-7596,0,0
CELE_Y73F8A.843|21ur-12734,0,0
CELE_Y73F8A.585|21ur-8649,0,0
CELE_Y73F8A.1042|21ur-8935,0,0
CELE_Y73F8A.362|21ur-2378,0,0
CELE_Y73F8A.242|21ur-4498,0,0
CELE_Y73F8A.436|21ur-4961,0,0
CELE_Y73F8A.277|21ur-5058,0,0
CELE_Y73F8A.725|21ur-10282,0,0
CELE_Y73F8A.429|21ur-3562,0,0
CELE_Y73F8A.129|21ur-4805,0,0
CELE_Y73F8A.710|21ur-7100,0,0
CELE_Y73F8A.846|21ur-13416,0,0
CELE_Y73F8A.220|21ur-1468,0,0
CELE_Y73F8A.93|21ur-4763,0,0
CELE_Y73F8A.831|21ur-6092,0,0
CELE_Y73F8A.299|21ur-4698,0,0
CELE_Y73F8A.1022|21ur-6298,0,0
CELE_Y73F8A.619|21ur-15025,0,0
CELE_Y73F8A.583|21ur-7370,0,0
CELE_Y73F8A.182|21ur-2360,0,0
CELE_Y73F8A.1134|21ur-11809,0,0
CELE_Y73F8A.581|21ur-10430,0,0
CELE_Y73F8A.1127|21ur-15450,0,0
CELE_Y73F8A.538|21ur-6606,0,0
CELE_Y73F8A.378|21ur-3319,0,0
CELE_Y73F8A.591|21ur-6861,0,0
CELE_Y73F8A.888|21ur-12755,0,0
CELE_Y73F8A.848|21ur-6475,0,0
CELE_Y73F8A.561|21ur-13967,0,0
CELE_Y73F8A.644|21ur-6405,0,0
CELE_Y73F8A.958|21ur-9859,0,0
CELE_Y73F8A.931|21ur-12391,0,0
CELE_Y73F8A.315|21ur-4344,0,0
CELE_Y73F8A.425|21ur-1493,0,0
CELE_Y73F8A.648|21ur-13430,0,0
CELE_Y73F8A.55|21ur-4637,0,0
CELE_Y73F8A.306|21ur-476,0,0
CELE_Y73F8A.465|21ur-4060,0,0
CELE_Y73F8A.697|21ur-13734,0,0
CELE_Y73F8A.618|21ur-14568,0,0
CELE_Y73F8A.94|21ur-663,0,0
CELE_Y73F8A.859|21ur-6797,0,0
CELE_Y73F8A.451|21ur-2071,0,0
CELE_Y73F8A.840|21ur-7937,0,0
CELE_Y73F8A.1108|21ur-12151,0,0
CELE_Y73F8A.418|21ur-1428,0,0
CELE_Y73F8A.453|21ur-711,0,0
CELE_Y73F8A.302|21ur-4893,0,0
CELE_Y73F8A.344|21ur-2634,0,0
CELE_Y73F8A.438|21ur-5387,0,0
CELE_Y73F8A.781|21ur-8424,0,0
CELE_Y73F8A.904|21ur-7870,0,0
CELE_Y73F8A.749|21ur-10299,0,0
CELE_Y73F8A.1135|21ur-8257,0,0
CELE_Y73F8A.215|21ur-3935,0,0
CELE_Y73F8A.146|21ur-531,0,0
CELE_Y73F8A.769|21ur-13447,0,0
CELE_Y73F8A.954|21ur-12102,0,0
CELE_Y73F8A.181|21ur-2710,0,0
CELE_Y73F8A.1109|21ur-9779,0,0
CELE_Y73F8A.727|21ur-14195,0,0
CELE_Y73F8A.910|21ur-7062,0,0
CELE_Y73F8A.947|21ur-13839,0,0
CELE_Y73F8A.301|21ur-1286,0,0
CELE_Y73F8A.937|21ur-6099,0,0
CELE_Y73F8A.359|21ur-2333,0,0
CELE_Y73F8A.1111|21ur-8544,0,0
CELE_Y73F8A.266|21ur-2629,0,0
CELE_Y73F8A.873|21ur-13050,0,0
CELE_Y73F8A.706|21ur-9663,0,0
CELE_Y73F8A.1041|21ur-6603,0,0
CELE_Y73F8A.18|irld-59,0,0
CELE_Y73F8A.571|21ur-6366,0,0
CELE_Y73F8A.1142|21ur-10050,0,0
CELE_Y73F8A.194|21ur-2790,0,0
CELE_Y73F8A.658|21ur-11443,0,0
CELE_Y73F8A.929|21ur-13418,0,0
CELE_Y73F8A.365|21ur-3066,0,0
CELE_Y73F8A.1117|21ur-6823,0,0
CELE_Y73F8A.967|21ur-11785,0,0
CELE_Y73F8A.48|21ur-3951,0,0
CELE_Y73F8A.539|21ur-6100,0,0
CELE_Y73F8A.921|21ur-7420,0,0
CELE_Y73F8A.184|21ur-2295,0,0
CELE_Y73F8A.51|21ur-629,0,0
CELE_Y73F8A.858|21ur-8097,0,0
CELE_Y73F8A.171|21ur-3593,0,0
CELE_Y73F8A.132|21ur-2525,0,0
CELE_Y73F8A.1011|21ur-13720,0,0
CELE_Y73F8A.724|21ur-15335,0,0
CELE_Y73F8A.1115|21ur-9883,0,0
CELE_Y73F8A.247|21ur-2690,0,0
CELE_Y73F8A.508|21ur-12329,0,0
CELE_Y73F8A.599|21ur-9505,0,0
CELE_Y73F8A.140|21ur-4331,0,0
CELE_Y73F8A.1125|21ur-15076,0,0
CELE_Y73F8A.829|21ur-8028,0,0
CELE_Y73F8A.413|21ur-1458,0,0
CELE_Y73F8A.117|21ur-2159,0,0
CELE_Y73F8A.198|21ur-1090,0,0
CELE_Y73F8A.866|21ur-6326,0,0
CELE_Y73F8A.905|21ur-8868,0,0
CELE_Y73F8A.902|21ur-15224,0,0
CELE_Y73F8A.225|21ur-5155,0,0
CELE_Y73F8A.341|21ur-4082,0,0
CELE_Y73F8A.855|21ur-10304,0,0
CELE_Y73F8A.977|21ur-14421,0,0
CELE_Y73F8A.133|21ur-3902,0,0
CELE_Y73F8A.834|21ur-11691,0,0
CELE_Y73F8A.879|21ur-14462,0,0
CELE_Y73F8A.1092|21ur-5672,0,0
CELE_Y73F8A.919|21ur-13996,0,0
CELE_Y73F8A.953|21ur-12123,0,0
CELE_Y73F8A.709|21ur-6878,0,0
CELE_Y73F8A.978|21ur-5455,0,0
CELE_Y73F8A.1131|21ur-8095,0,0
CELE_Y73F8A.772|21ur-9578,0,0
CELE_Y73F8A.986|21ur-7575,0,0
CELE_Y73F8A.230|21ur-675,0,0
CELE_Y73F8A.544|21ur-7686,0,0
CELE_Y73F8A.692|21ur-14032,0,0
CELE_Y73F8A.1150|21ur-9167,0,0
CELE_Y73F8A.159|21ur-3284,0,0
CELE_Y73F8A.938|21ur-12622,0,0
CELE_Y73F8A.488|21ur-1404,0,0
CELE_Y73F8A.901|21ur-10692,0,0
CELE_Y73F8A.141|21ur-897,0,0
CELE_Y73F8A.789|21ur-10154,0,0
CELE_Y73F8A.993|21ur-6274,0,0
CELE_Y73F8A.624|21ur-8897,0,0
CELE_Y73F8A.151|21ur-5127,0,0
CELE_Y73F8A.653|21ur-15573,0,0
CELE_Y73F8A.1121|21ur-10750,0,0
CELE_Y73F8A.272|21ur-2359,0,0
CELE_Y73F8A.540|21ur-11374,0,0
CELE_Y73F8A.753|21ur-7515,0,0
CELE_Y73F8A.209|21ur-5211,0,0
CELE_Y73F8A.291|21ur-2157,0,0
CELE_Y73F8A.634|21ur-8245,0,0
CELE_Y73F8A.424|21ur-3178,0,0
CELE_Y73F8A.1155|21ur-12044,0,0
CELE_Y73F8A.918|21ur-7615,0,0
CELE_Y73F8A.543|21ur-8050,0,0
CELE_Y73F8A.974|21ur-13792,0,0
CELE_Y73F8A.890|21ur-6502,0,0
CELE_Y73F8A.711|21ur-5460,0,0
CELE_Y73F8A.409|21ur-494,0,0
CELE_Y73F8A.345|21ur-1476,0,0
CELE_Y73F8A.1039|21ur-5457,0,0
CELE_Y73F8A.807|21ur-9796,0,0
CELE_Y73F8A.523|21ur-15086,0,0
CELE_Y73F8A.178|21ur-2517,0,0
CELE_Y73F8A.1017|21ur-12860,0,0
CELE_Y73F8A.351|21ur-1639,0,0
CELE_Y73F8A.635|21ur-14164,0,0
CELE_Y73F8A.219|21ur-4017,0,0
CELE_Y73F8A.1151|21ur-15296,0,0
CELE_Y73F8A.470|21ur-4806,0,0
CELE_Y73F8A.287|21ur-2326,0,0
CELE_Y73F8A.462|21ur-4938,0,0
CELE_Y73F8A.1073|21ur-12372,0,0
CELE_Y73F8A.127|21ur-3850,0,0
CELE_Y73F8A.1124|21ur-8131,0,0
CELE_Y73F8A.53|21ur-2772,0,0
CELE_Y73F8A.817|21ur-14308,0,0
CELE_Y73F8A.975|21ur-11930,0,0
CELE_Y73F8A.377|21ur-960,0,0
CELE_Y73F8A.1018|21ur-6859,0,0
CELE_Y73F8A.756|21ur-8270,0,0
CELE_Y73F8A.1037|21ur-14898,0,0
CELE_Y73F8A.489|21ur-922,0,0
CELE_Y73F8A.542|21ur-14641,0,0
CELE_Y73F8A.327|21ur-1130,0,0
CELE_Y73F8A.1048|21ur-6457,0,0
CELE_Y73F8A.1026|21ur-10183,0,0
CELE_Y73F8A.310|21ur-5336,0,0
CELE_Y73F8A.560|21ur-6728,0,0
CELE_Y73F8A.719|21ur-6851,0,0
CELE_Y73F8A.130|21ur-4244,0,0
CELE_Y73F8A.655|21ur-5846,0,0
CELE_Y73F8A.1104|21ur-11258,0,0
CELE_Y73F8A.63|21ur-2613,0,0
CELE_Y73F8A.997|21ur-11532,0,0
CELE_Y73F8A.608|21ur-15347,0,0
CELE_Y73F8A.837|21ur-7467,0,0
CELE_Y73F8A.382|21ur-1490,0,0
CELE_Y73F8A.617|21ur-14082,0,0
CELE_Y73F8A.343|21ur-3057,0,0
CELE_Y73F8A.1027|21ur-14940,0,0
CELE_Y73F8A.515|21ur-10787,0,0
CELE_Y73F8A.534|21ur-7185,0,0
CELE_Y73F8A.1090|21ur-13972,0,0
CELE_Y73F8A.1012|21ur-11628,0,0
CELE_Y73F8A.554|21ur-7329,0,0
CELE_Y73F8A.499|21ur-3412,0,0
CELE_Y73F8A.796|21ur-5467,0,0
CELE_Y73F8A.567|21ur-8641,0,0
CELE_Y73F8A.212|21ur-4052,0,0
CELE_Y73F8A.403|21ur-2596,0,0
CELE_Y73F8A.864|21ur-6769,0,0
CELE_Y73F8A.487|21ur-3582,0,0
CELE_Y73F8A.478|21ur-434,0,0
CELE_Y73F8A.615|21ur-6871,0,0
CELE_Y73F8A.1049|21ur-9475,0,0
CELE_Y73F8A.637|21ur-14511,0,0
CELE_Y73F8A.297|21ur-3147,0,0
CELE_Y73F8A.375|21ur-982,0,0
CELE_Y73F8A.289|21ur-4817,0,0
CELE_Y73F8A.384|21ur-3758,0,0
CELE_Y73F8A.69|21ur-1413,0,0
CELE_Y73F8A.588|21ur-12067,0,0
CELE_Y73F8A.743|21ur-5928,0,0
CELE_Y73F8A.97|21ur-2688,0,0
CELE_Y73F8A.1119|21ur-8471,0,0
CELE_Y73F8A.367|21ur-1892,0,0
CELE_Y73F8A.325|21ur-275,0,0
CELE_Y73F8A.296|21ur-3955,0,0
CELE_Y73F8A.557|21ur-11805,0,0
CELE_Y73F8A.197|21ur-913,0,0
CELE_Y73F8A.955|21ur-8937,0,0
CELE_Y73F8A.770|21ur-14654,0,0
CELE_Y73F8A.398|21ur-323,0,0
CELE_Y73F8A.661|21ur-12805,0,0
CELE_Y73F8A.914|21ur-11046,0,0
CELE_Y73F8A.556|21ur-5787,0,0
CELE_Y73F8A.767|21ur-13329,0,0
CELE_Y73F8A.1100|21ur-12987,0,0
CELE_Y73F8A.1057|21ur-6985,0,0
CELE_Y73F8A.1120|21ur-10068,0,0
CELE_Y73F8A.363|21ur-4690,0,0
CELE_Y73F8A.78|21ur-992,0,0
CELE_Y73F8A.754|21ur-10319,0,0
CELE_Y73F8A.111|21ur-492,0,0
CELE_Y73F8A.186|21ur-5334,0,0
CELE_Y73F8A.797|21ur-11756,0,0
CELE_Y73F8A.793|21ur-15061,0,0
CELE_Y73F8A.600|21ur-8405,0,0
CELE_Y73F8A.820|21ur-13894,0,0
CELE_Y73F8A.1159|Y73F8A.1159,0,0
CELE_Y73F8A.275|21ur-3201,0,0
CELE_Y73F8A.505|21ur-15040,0,0
CELE_Y73F8A.742|21ur-7689,0,0
CELE_Y73F8A.541|21ur-14436,0,0
CELE_Y73F8A.370|21ur-4781,0,0
CELE_Y73F8A.787|21ur-6807,0,0
CELE_Y73F8A.158|21ur-2132,0,0
CELE_Y73F8A.517|21ur-7910,0,0
CELE_Y73F8A.594|21ur-8482,0,0
CELE_Y73F8A.957|21ur-9277,0,0
CELE_Y73F8A.204|21ur-2135,0,0
CELE_Y73F8A.104|21ur-4971,0,0
CELE_Y73F8A.745|21ur-12911,0,0
CELE_Y73F8A.271|21ur-1655,0,0
CELE_Y73F8A.892|21ur-11083,0,0
CELE_Y73F8A.202|21ur-4020,0,0
CELE_Y73F8A.1068|21ur-10411,0,0
CELE_Y73F8A.480|21ur-4564,0,0
CELE_Y73F8A.941|21ur-6860,0,0
CELE_Y73F8A.519|21ur-15245,0,0
CELE_Y73F8A.474|21ur-5252,0,0
CELE_Y73F8A.416|21ur-5251,0,0
CELE_Y73F8A.381|21ur-4752,0,0
CELE_Y73F8A.236|21ur-2842,0,0
CELE_Y73F8A.307|21ur-1853,0,0
CELE_Y73F8A.701|21ur-7288,0,0
CELE_Y73F8A.897|21ur-12422,0,0
CELE_Y73F8A.402|21ur-1387,0,0
CELE_Y73F8A.979|21ur-7379,0,0
CELE_Y73F8A.935|21ur-5661,0,0
CELE_Y73F8A.860|21ur-12537,0,0
CELE_Y73F8A.340|21ur-404,0,0
CELE_Y73F8A.773|21ur-8713,0,0
CELE_Y73F8A.162|21ur-1844,0,0
CELE_Y73F8A.276|21ur-4760,0,0
CELE_Y73F8A.516|21ur-8479,0,0
CELE_Y73F8A.1013|21ur-11123,0,0
CELE_Y73F8A.41|21ur-2502,0,0
CELE_Y73F8A.81|21ur-2625,0,0
CELE_Y73F8A.1016|21ur-8035,0,0
CELE_Y73F8A.621|21ur-9915,0,0
CELE_Y73F8A.188|21ur-483,0,0
CELE_Y73F8A.167|21ur-1899,0,0
CELE_Y73F8A.961|21ur-12689,0,0
CELE_Y73F8A.208|21ur-956,0,0
CELE_Y73F8A.596|21ur-15434,0,0
CELE_Y73F8A.479|21ur-271,0,0
CELE_Y73F8A.1023|21ur-10970,0,0
CELE_Y73F8A.229|21ur-4901,0,0
CELE_Y73F8A.1162|Y73F8A.1162,0,0
CELE_Y73F8A.1160|Y73F8A.1160,0,0
CELE_Y73F8A.139|21ur-4203,0,0
CELE_Y73F8A.1029|21ur-9230,0,0
CELE_Y73F8A.106|21ur-3150,0,0
CELE_Y73F8A.452|21ur-192,0,0
CELE_Y73F8A.399|21ur-3625,0,0
CELE_Y73F8A.915|21ur-8038,0,0
CELE_Y73F8A.654|21ur-7106,0,0
CELE_Y73F8A.511|21ur-10345,0,0
CELE_Y73F8A.715|21ur-6229,0,0
CELE_Y73F8A.1101|21ur-10132,0,0
CELE_Y73F8A.192|21ur-2310,0,0
CELE_Y73F8A.329|21ur-2217,0,0
CELE_Y73F8A.998|21ur-9229,0,0
CELE_Y73F8A.973|21ur-5478,0,0
CELE_Y73F8A.321|21ur-467,0,0
CELE_Y73F8A.568|21ur-10926,0,0
CELE_Y73F8A.476|21ur-757,0,0
CELE_Y73F8A.1118|21ur-13721,0,0
CELE_Y73F8A.126|21ur-3819,0,0
CELE_Y73F8A.641|21ur-14966,0,0
CELE_Y73F8A.768|21ur-12106,0,0
CELE_Y73F8A.258|21ur-2593,0,0
CELE_Y73F8A.806|21ur-8581,0,0
CELE_Y73F8A.504|21ur-10064,0,0
CELE_Y73F8A.210|21ur-697,0,0
CELE_Y73F8A.473|21ur-1222,0,0
CELE_Y73F8A.1055|21ur-13279,0,0
CELE_Y73F8A.558|21ur-8867,0,0
CELE_Y73F8A.1079|21ur-12274,0,0
CELE_Y73F8A.408|21ur-3900,0,0
CELE_Y73F8A.483|21ur-5182,0,0
CELE_Y73F8A.199|21ur-850,0,0
CELE_Y73F8A.592|21ur-13322,0,0
CELE_Y73F8A.762|21ur-11342,0,0
CELE_Y73F8A.520|21ur-13923,0,0
CELE_Y73F8A.1036|21ur-5558,0,0
CELE_Y73F8A.922|21ur-6330,0,0
CELE_Y73F8A.674|21ur-14943,0,0
CELE_Y73F8A.578|21ur-10018,0,0
CELE_Y73F8A.854|21ur-8187,0,0
CELE_Y73F8A.821|21ur-8351,0,0
CELE_Y73F8A.223|21ur-1542,0,0
CELE_Y73F8A.115|21ur-1310,0,0
CELE_Y73F8A.650|21ur-6128,0,0
CELE_Y73F8A.1139|21ur-12447,0,0
CELE_Y73F8A.1158|21ur-9196,0,0
CELE_Y73F8A.248|21ur-4039,0,0
CELE_Y73F8A.761|21ur-10978,0,0
CELE_Y73F8A.726|21ur-6163,0,0
CELE_Y73F8A.450|21ur-1511,0,0
CELE_Y73F8A.80|21ur-292,0,0
CELE_Y73F8A.112|21ur-1503,0,0
CELE_Y73F8A.108|21ur-4436,0,0
CELE_Y73F8A.168|21ur-1400,0,0
CELE_Y73F8A.39|Y73F8A.39,0,0
CELE_Y73F8A.43|21ur-3283,0,0
CELE_Y73F8A.152|21ur-306,0,0
CELE_Y73F8A.252|21ur-1385,0,0
CELE_Y73F8A.169|21ur-1176,0,0
CELE_Y73F8A.868|21ur-8291,0,0
CELE_Y73F8A.1154|21ur-5797,0,0
CELE_Y73F8A.482|21ur-2793,0,0
CELE_Y73F8A.88|21ur-4116,0,0
CELE_Y73F8A.775|21ur-12523,0,0
CELE_Y73F8A.175|21ur-4608,0,0
CELE_Y73F8A.477|21ur-1464,0,0
CELE_Y73F8A.353|21ur-4881,0,0
CELE_Y73F8A.401|21ur-1069,0,0
CELE_Y73F8A.906|21ur-5508,0,0
CELE_Y73F8A.290|21ur-613,0,0
CELE_Y73F8A.1099|21ur-7782,0,0
CELE_Y73F8A.95|21ur-546,0,0
CELE_Y73F8A.1021|21ur-12510,0,0
CELE_Y73F8A.361|21ur-4110,0,0
CELE_Y73F8A.894|21ur-7260,0,0
CELE_Y73F8A.288|21ur-3266,0,0
CELE_Y73F8A.730|21ur-12926,0,0
CELE_Y73F8A.614|21ur-12425,0,0
CELE_Y73F8A.597|21ur-6034,0,0
CELE_Y73F8A.332|21ur-3281,0,0
CELE_Y73F8A.300|21ur-5349,0,0
CELE_Y73F8A.714|21ur-12426,0,0
CELE_Y73F8A.682|21ur-7605,0,0
CELE_Y73F8A.991|21ur-14499,0,0
CELE_Y73F8A.765|21ur-12476,0,0
CELE_Y73F8A.782|21ur-8265,0,0
CELE_Y73F8A.996|21ur-7411,0,0
CELE_Y73F8A.895|21ur-11133,0,0
CELE_Y73F8A.113|21ur-1525,0,0
CELE_Y73F8A.364|21ur-602,0,0
CELE_Y73F8A.347|21ur-2607,0,0
CELE_Y73F8A.992|21ur-12248,0,0
CELE_Y73F8A.393|21ur-5416,0,0
CELE_Y73F8A.622|21ur-7457,0,0
CELE_Y73F8A.338|21ur-3212,0,0
CELE_Y73F8A.333|21ur-4633,0,0
CELE_Y73F8A.90|21ur-4599,0,0
CELE_Y73F8A.976|21ur-10534,0,0
CELE_Y73F8A.1060|21ur-13335,0,0
CELE_Y73F8A.176|21ur-808,0,0
CELE_Y73F8A.1112|21ur-14684,0,0
CELE_Y73F8A.656|21ur-7082,0,0
CELE_Y73F8A.214|21ur-5177,0,0
CELE_Y73F8A.816|21ur-10525,0,0
CELE_Y73F8A.652|21ur-7840,0,0
CELE_Y73F8A.23|Y73F8A.23,0,0
CELE_Y73F8A.795|21ur-7385,0,0
CELE_Y73F8A.144|21ur-2667,0,0
CELE_Y73F8A.342|21ur-2806,0,0
CELE_Y73F8A.1067|21ur-14086,0,0
CELE_Y73F8A.908|21ur-8363,0,0
CELE_Y73F8A.432|21ur-2219,0,0
CELE_Y73F8A.988|21ur-13506,0,0
CELE_Y73F8A.798|21ur-7976,0,0
CELE_Y73F8A.64|21ur-4898,0,0
CELE_Y73F8A.810|21ur-14522,0,0
CELE_Y73F8A.1005|21ur-14335,0,0
CELE_Y73F8A.469|21ur-3944,0,0
CELE_Y73F8A.779|21ur-13187,0,0
CELE_Y73F8A.960|21ur-11645,0,0
CELE_Y73F8A.74|21ur-2975,0,0
CELE_Y73F8A.925|21ur-6894,0,0
CELE_Y73F8A.411|21ur-2973,0,0
CELE_Y73F8A.226|21ur-1748,0,0
CELE_Y73F8A.82|21ur-1920,0,0
CELE_Y73F8A.572|21ur-6017,0,0
CELE_Y73F8A.110|21ur-1119,0,0
CELE_Y73F8A.463|21ur-3192,0,0
CELE_Y73F8A.180|21ur-3855,0,0
CELE_Y73F8A.259|21ur-4652,0,0
CELE_Y73F8A.1168|Y73F8A.1168,0,0
CELE_Y73F8A.874|21ur-6329,0,0
CELE_Y73F8A.256|21ur-911,0,0
CELE_Y73F8A.574|21ur-12071,0,0
CELE_Y73F8A.610|21ur-11560,0,0
CELE_Y73F8A.119|21ur-4410,0,0
CELE_Y73F8A.746|21ur-11816,0,0
CELE_Y73F8A.920|21ur-6963,0,0
CELE_Y73F8A.708|21ur-12596,0,0
CELE_Y73F8A.137|21ur-515,0,0
CELE_Y73F8A.813|21ur-7424,0,0
CELE_Y73F8A.143|21ur-4667,0,0
CELE_Y73F8A.722|21ur-15360,0,0
CELE_Y73F8A.595|21ur-9865,0,0
CELE_Y73F8A.387|21ur-2407,0,0
CELE_Y73F8A.664|21ur-9713,0,0
CELE_Y73F8A.513|21ur-14035,0,0
CELE_Y73F8A.587|21ur-14774,0,0
CELE_Y73F8A.493|21ur-1271,0,0
CELE_Y73F8A.616|21ur-14468,0,0
CELE_Y73F8A.160|21ur-40,0,0
CELE_Y73F8A.232|21ur-1752,0,0
CELE_Y73F8A.1072|21ur-11293,0,0
CELE_Y73F8A.819|21ur-10854,0,0
CELE_Y73F8A.484|21ur-1573,0,0
CELE_Y73F8A.818|21ur-11696,0,0
CELE_Y73F8A.786|21ur-11003,0,0
CELE_Y73F8A.814|21ur-7068,0,0
CELE_Y73F8A.485|21ur-502,0,0
CELE_Y73F8A.528|21ur-12087,0,0
CELE_Y73F8A.1152|21ur-10417,0,0
CELE_Y73F8A.603|21ur-6772,0,0
CELE_Y73F8A.570|21ur-10955,0,0
CELE_Y73F8A.246|21ur-392,0,0
CELE_Y73F8A.825|21ur-9281,0,0
CELE_Y73F8A.1143|21ur-14423,0,0
CELE_Y73F8A.319|21ur-3739,0,0
CELE_Y73F8A.836|21ur-11783,0,0
CELE_Y73F8A.1030|21ur-7704,0,0
CELE_Y73F8A.201|21ur-1523,0,0
CELE_Y73F8A.968|21ur-11387,0,0
CELE_Y73F8A.987|21ur-13432,0,0
CELE_Y73F8A.876|21ur-6429,0,0
CELE_Y73F8A.323|21ur-4627,0,0
CELE_Y73F8A.527|21ur-7927,0,0
CELE_Y73F8A.1110|21ur-8033,0,0
CELE_Y73F8A.1015|21ur-9788,0,0
CELE_Y73F8A.736|21ur-6654,0,0
CELE_Y73F8A.358|21ur-149,0,0
CELE_Y73F8A.1093|21ur-5902,0,0
CELE_Y73F8A.985|21ur-5961,0,0
CELE_Y73F8A.911|21ur-8063,0,0
CELE_Y73F8A.331|21ur-511,0,0
CELE_Y73F8A.1137|21ur-5633,0,0
CELE_Y73F8A.518|21ur-14370,0,0
CELE_Y73F8A.824|21ur-7422,0,0
CELE_Y73F8A.823|21ur-13867,0,0
CELE_Y73F8A.75|21ur-768,0,0
CELE_Y73F8A.503|21ur-8215,0,0
CELE_Y73F8A.96|21ur-1177,0,0
CELE_Y73F8A.304|21ur-1486,0,0
CELE_Y73F8A.207|21ur-1226,0,0
CELE_Y73F8A.1098|21ur-13259,0,0
CELE_Y73F8A.861|21ur-12899,0,0
CELE_Y73F8A.994|21ur-5732,0,0
CELE_Y73F8A.764|21ur-11928,0,0
CELE_Y73F8A.105|21ur-5029,0,0
CELE_Y73F8A.238|21ur-3970,0,0
CELE_Y73F8A.294|21ur-3511,0,0
CELE_Y73F8A.1004|21ur-10308,0,0
CELE_Y73F8A.801|21ur-6113,0,0
CELE_Y73F8A.1153|21ur-11482,0,0
CELE_Y73F8A.388|21ur-5010,0,0
CELE_Y73F8A.535|21ur-11144,0,0
CELE_Y73F8A.790|21ur-5876,0,0
CELE_Y73F8A.883|21ur-6575,0,0
CELE_Y73F8A.1133|21ur-9567,0,0
CELE_Y73F8A.1038|21ur-9374,0,0
CELE_Y73F8A.940|21ur-14017,0,0
CELE_Y73F8A.500|21ur-11151,0,0
CELE_Y73F8A.1149|21ur-7096,0,0
CELE_Y73F8A.863|21ur-9050,0,1
CELE_Y73F8A.898|21ur-10891,0,0
CELE_Y73F8A.598|21ur-11473,0,0
CELE_Y73F8A.1074|21ur-9945,0,0
CELE_Y73F8A.927|21ur-15475,0,0
CELE_Y73F8A.951|21ur-8137,0,0
CELE_Y73F8A.632|21ur-5583,0,0
CELE_Y73F8A.741|21ur-6517,0,0
CELE_Y73F8A.120|21ur-5355,0,0
CELE_Y73F8A.1020|21ur-11512,0,0
CELE_Y73F8A.216|21ur-1713,0,0
CELE_Y73F8A.639|21ur-8697,0,0
CELE_Y73F8A.1065|21ur-6667,0,0
CELE_Y73F8A.67|21ur-4300,0,0
CELE_Y73F8A.959|21ur-12494,0,0
CELE_Y73F8A.963|21ur-9661,0,0
CELE_Y73F8A.579|21ur-11599,0,0
CELE_Y73F8A.170|21ur-2685,0,0
CELE_Y73F8A.685|21ur-14957,0,0
CELE_Y73F8A.971|21ur-13100,0,0
CELE_Y73F8A.875|21ur-10708,0,0
CELE_Y73F8A.265|21ur-1642,0,0
CELE_Y73F8A.803|21ur-8586,0,0
CELE_Y73F8A.59|21ur-163,0,0
CELE_Y73F8A.791|21ur-10513,0,0
CELE_Y73F8A.250|21ur-2331,0,0
CELE_Y73F8A.147|21ur-3337,0,0
CELE_Y73F8A.154|21ur-2282,0,0
CELE_Y73F8A.995|21ur-9707,0,0
CELE_Y73F8A.412|21ur-437,0,0
CELE_Y73F8A.865|21ur-7662,0,0
CELE_Y73F8A.705|21ur-15092,0,0
CELE_Y73F8A.62|21ur-1318,0,0
CELE_Y73F8A.430|21ur-4733,0,0
CELE_Y73F8A.206|21ur-335,0,0
CELE_Y73F8A.1157|21ur-7551,0,0
CELE_Y73F8A.647|21ur-11400,0,0
CELE_Y73F8A.318|21ur-269,0,0
CELE_Y73F8A.187|21ur-4028,0,0
CELE_Y73F8A.467|21ur-2583,0,0
CELE_Y73F8A.101|21ur-3196,0,0
CELE_Y73F8A.284|21ur-3558,0,0
CELE_Y73F8A.771|21ur-13466,0,0
CELE_Y73F8A.269|21ur-4286,0,0
CELE_Y73F8A.490|21ur-3442,0,0
CELE_Y73F8A.573|21ur-13888,0,0
CELE_Y73F8A.665|21ur-8474,0,0
CELE_Y73F8A.1102|21ur-8230,0,0
CELE_Y73F8A.980|21ur-7244,0,0
CELE_Y73F8A.76|21ur-752,0,0
CELE_Y73F8A.437|21ur-451,0,0
CELE_Y73F8A.524|21ur-7987,0,0
CELE_Y73F8A.549|21ur-10868,0,0
CELE_Y73F8A.683|21ur-12177,0,0
CELE_Y73F8A.687|21ur-14409,0,0
CELE_Y73F8A.346|21ur-3124,0,0
CELE_Y73F8A.218|21ur-4949,0,0
CELE_Y73F8A.89|21ur-2939,0,0
CELE_Y73F8A.923|21ur-13463,0,0
CELE_Y73F8A.660|21ur-12587,0,1
CELE_Y73F8A.744|21ur-10700,0,0
CELE_Y73F8A.415|21ur-1574,0,0
CELE_Y105C5A.1052|21ur-12133,0,0
CELE_Y105C5A.248|21ur-134,0,0
CELE_Y105C5A.995|21ur-7594,0,0
CELE_Y105C5A.141|21ur-1252,0,0
CELE_Y105C5A.503|21ur-5130,0,0
CELE_Y105C5A.383|21ur-1903,0,0
CELE_Y105C5A.54|21ur-2704,0,0
CELE_Y105C5A.1256|21ur-12851,0,0
CELE_Y105C5A.79|21ur-1125,0,0
CELE_Y105C5A.402|21ur-1123,0,0
CELE_Y105C5A.1127|21ur-14223,0,0
CELE_Y105C5A.1071|21ur-8116,0,0
CELE_Y105C5A.283|21ur-3324,0,0
CELE_Y105C5A.220|21ur-5353,0,0
CELE_Y105C5A.118|21ur-2251,0,0
CELE_Y105C5A.2|Y105C5A.2,0,0
CELE_Y105C5A.1035|21ur-13106,0,0
CELE_Y105C5A.1190|21ur-6089,0,0
CELE_Y105C5A.931|21ur-6279,0,0
CELE_Y105C5A.917|21ur-13994,0,0
CELE_Y105C5A.416|21ur-2237,0,0
CELE_Y105C5A.1106|21ur-11966,0,0
CELE_Y105C5A.1067|21ur-6721,0,0
CELE_Y105C5A.1021|21ur-10205,0,0
CELE_Y105C5A.1149|21ur-7423,0,0
CELE_Y105C5A.153|21ur-794,0,0
CELE_Y105C5A.84|21ur-3185,0,1
CELE_Y105C5A.812|21ur-7955,0,0
CELE_Y105C5A.894|21ur-10610,0,0
CELE_Y105C5A.927|21ur-12156,0,0
CELE_Y105C5A.1084|21ur-12662,0,0
CELE_Y105C5A.889|21ur-11625,0,0
CELE_Y105C5A.761|21ur-9541,0,0
CELE_Y105C5A.269|21ur-4018,0,0
CELE_Y105C5A.1202|21ur-8337,0,0
CELE_Y105C5A.663|21ur-7313,0,0
CELE_Y105C5A.1024|21ur-13989,0,0
CELE_Y105C5A.755|21ur-13396,0,0
CELE_Y105C5A.1041|21ur-12418,0,0
CELE_Y105C5A.921|21ur-8889,0,0
CELE_Y105C5A.939|21ur-10547,0,0
CELE_Y105C5A.571|21ur-15210,0,0
CELE_Y105C5A.1092|21ur-14492,0,0
CELE_Y105C5A.476|21ur-944,0,0
CELE_Y105C5A.149|21ur-2361,0,0
CELE_Y105C5A.262|21ur-1645,0,0
CELE_Y105C5A.1252|21ur-12119,0,0
CELE_Y105C5A.601|21ur-14939,0,0
CELE_Y105C5A.1147|21ur-7084,0,0
CELE_Y105C5A.378|21ur-4306,0,0
CELE_Y105C5A.854|21ur-10403,0,0
CELE_Y105C5A.670|21ur-11483,0,0
CELE_Y105C5A.692|21ur-10748,0,0
CELE_Y105C5A.737|21ur-6146,0,0
CELE_Y105C5A.611|21ur-11521,0,0
CELE_Y105C5A.878|21ur-5788,0,0
CELE_Y105C5A.768|21ur-10617,0,0
CELE_Y105C5A.1040|21ur-7071,0,0
CELE_Y105C5A.637|21ur-12127,0,0
CELE_Y105C5A.624|21ur-5832,0,0
CELE_Y105C5A.280|21ur-3785,0,0
CELE_Y105C5A.1207|21ur-8271,0,0
CELE_Y105C5A.143|21ur-4785,0,0
CELE_Y105C5A.808|21ur-8973,0,0
CELE_Y105C5A.1210|21ur-9245,0,0
CELE_Y105C5A.1139|21ur-10638,0,0
CELE_Y105C5A.930|21ur-14259,0,0
CELE_Y105C5A.596|21ur-6827,0,0
CELE_Y105C5A.61|21ur-3601,0,0
CELE_Y105C5A.1182|21ur-10966,0,0
CELE_Y105C5A.1170|21ur-14270,0,0
CELE_Y105C5A.358|21ur-2803,0,0
CELE_Y105C5A.598|21ur-7236,0,0
CELE_Y105C5A.717|21ur-14250,0,0
CELE_Y105C5A.207|21ur-2208,0,0
CELE_Y105C5A.33|21ur-3279,0,0
CELE_Y105C5A.412|21ur-5091,0,0
CELE_Y105C5A.913|21ur-8373,0,0
CELE_Y105C5A.69|21ur-880,0,0
CELE_Y105C5A.607|21ur-15666,0,0
CELE_Y105C5A.1234|21ur-11270,0,0
CELE_Y105C5A.965|21ur-7986,0,0
CELE_Y105C5A.710|21ur-12649,0,0
CELE_Y105C5A.50|21ur-4163,0,0
CELE_Y105C5A.577|21ur-7130,0,0
CELE_Y105C5A.372|21ur-4571,0,0
CELE_Y105C5A.747|21ur-6739,0,0
CELE_Y105C5A.664|21ur-12423,0,0
CELE_Y105C5A.651|21ur-7521,0,0
CELE_Y105C5A.1114|21ur-9333,0,0
CELE_Y105C5A.1191|21ur-8055,0,0
CELE_Y105C5A.485|21ur-2925,0,0
CELE_Y105C5A.472|21ur-92,0,0
CELE_Y105C5A.1002|21ur-9131,0,0
CELE_Y105C5A.388|21ur-1535,0,0
CELE_Y105C5A.210|21ur-3773,0,0
CELE_Y105C5A.617|21ur-9254,0,0
CELE_Y105C5A.1104|21ur-13940,0,0
CELE_Y105C5A.36|21ur-127,0,0
CELE_Y105C5A.132|21ur-2418,0,0
CELE_Y105C5A.298|21ur-131,0,0
CELE_Y105C5A.1186|21ur-6850,0,0
CELE_Y105C5A.790|21ur-9491,0,0
CELE_Y105C5A.1145|21ur-15451,0,0
CELE_Y105C5A.842|21ur-7699,0,0
CELE_Y105C5A.674|21ur-10969,0,0
CELE_Y105C5A.137|21ur-508,0,0
CELE_Y105C5A.994|21ur-15368,0,0
CELE_Y105C5A.672|21ur-7829,0,0
CELE_Y105C5A.1144|21ur-6487,0,0
CELE_Y105C5A.566|21ur-10322,0,0
CELE_Y105C5A.655|21ur-10669,0,0
CELE_Y105C5A.876|21ur-7213,0,0
CELE_Y105C5A.595|21ur-12142,0,0
CELE_Y105C5A.696|21ur-7376,0,0
CELE_Y105C5A.861|21ur-8025,0,0
CELE_Y105C5A.1032|21ur-10674,0,0
CELE_Y105C5A.73|21ur-3842,0,0
CELE_Y105C5A.971|21ur-11076,0,0
CELE_Y105C5A.505|21ur-4533,0,0
CELE_Y105C5A.946|21ur-10589,0,0
CELE_Y105C5A.869|21ur-11871,0,0
CELE_Y105C5A.886|21ur-14831,0,0
CELE_Y105C5A.625|21ur-5560,0,0
CELE_Y105C5A.987|21ur-11245,0,0
CELE_Y105C5A.128|21ur-1996,0,0
CELE_Y105C5A.522|21ur-10840,0,0
CELE_Y105C5A.4|abu-5,0,0
CELE_Y105C5A.30|Y105C5A.30,0,0
CELE_Y105C5A.124|21ur-156,0,0
CELE_Y105C5A.527|21ur-6866,0,0
CELE_Y105C5A.639|21ur-7610,0,0
CELE_Y105C5A.136|21ur-4222,0,0
CELE_Y105C5A.749|21ur-11993,0,0
CELE_Y105C5A.1237|21ur-8594,0,0
CELE_Y105C5A.853|21ur-13547,0,0
CELE_Y105C5A.211|21ur-1721,0,0
CELE_Y105C5A.840|21ur-7626,0,0
CELE_Y105C5A.491|21ur-2370,0,0
CELE_Y105C5A.414|21ur-4205,0,0
CELE_Y105C5A.947|21ur-6222,0,0
CELE_Y105C5A.715|21ur-14280,0,0
CELE_Y105C5A.999|21ur-13938,0,0
CELE_Y105C5A.213|21ur-1924,0,0
CELE_Y105C5A.175|21ur-2774,0,0
CELE_Y105C5A.650|21ur-13009,0,0
CELE_Y105C5A.665|21ur-13419,0,0
CELE_Y105C5A.407|21ur-2308,0,0
CELE_Y105C5A.324|21ur-1967,0,0
CELE_Y105C5A.1247|21ur-10039,0,0
CELE_Y105C5A.267|21ur-3560,0,0
CELE_Y105C5A.62|21ur-5265,0,0
CELE_Y105C5A.198|21ur-1514,0,0
CELE_Y105C5A.1195|21ur-7174,0,0
CELE_Y105C5A.667|21ur-6882,0,0
CELE_Y105C5A.1277|Y105C5A.1277,0,0
CELE_Y105C5A.T2|Y105C5A.t2,0,0
CELE_Y105C5A.805|21ur-9767,0,0
CELE_Y105C5A.1159|21ur-9431,0,0
CELE_Y105C5A.164|21ur-2252,0,0
CELE_Y105C5A.988|21ur-12919,0,0
CELE_Y105C5A.884|21ur-13528,0,0
CELE_Y105C5A.1015|21ur-6250,0,0
CELE_Y105C5A.636|21ur-12706,0,0
CELE_Y105C5A.194|21ur-1158,0,0
CELE_Y105C5A.314|21ur-4560,0,0
CELE_Y105C5A.37|21ur-3929,0,0
CELE_Y105C5A.948|21ur-7698,0,0
CELE_Y105C5A.172|21ur-1043,0,0
CELE_Y105C5A.777|21ur-8821,0,0
CELE_Y105C5A.394|21ur-1951,0,0
CELE_Y105C5A.287|21ur-94,0,0
CELE_Y105C5A.776|21ur-13176,0,0
CELE_Y105C5A.591|21ur-10244,0,0
CELE_Y105C5A.395|21ur-2579,0,0
CELE_Y105C5A.535|21ur-12711,0,0
CELE_Y105C5A.1151|21ur-9854,0,0
CELE_Y105C5A.499|21ur-1695,0,0
CELE_Y105C5A.306|21ur-1174,0,0
CELE_Y105C5A.202|21ur-4472,0,0
CELE_Y105C5A.942|21ur-6264,0,0
CELE_Y105C5A.122|21ur-4458,0,0
CELE_Y105C5A.780|21ur-5506,0,0
CELE_Y105C5A.1027|21ur-9048,0,0
CELE_Y105C5A.841|21ur-13489,0,0
CELE_Y105C5A.833|21ur-8111,0,0
CELE_Y105C5A.135|21ur-4906,0,0
CELE_Y105C5A.1031|21ur-8836,0,0
CELE_Y105C5A.387|21ur-3823,0,0
CELE_Y105C5A.1200|21ur-12824,0,0
CELE_Y105C5A.465|21ur-1820,0,0
CELE_Y105C5A.721|21ur-11581,0,0
CELE_Y105C5A.1023|21ur-9694,0,0
CELE_Y105C5A.357|21ur-2367,0,0
CELE_Y105C5A.702|21ur-10571,0,0
CELE_Y105C5A.381|21ur-4903,0,0
CELE_Y105C5A.468|21ur-4730,0,0
CELE_Y105C5A.661|21ur-8359,0,0
CELE_Y105C5A.460|21ur-2323,0,0
CELE_Y105C5A.1150|21ur-5471,0,0
CELE_Y105C5A.727|21ur-14321,0,0
CELE_Y105C5A.229|21ur-703,0,0
CELE_Y105C5A.660|21ur-10400,0,0
CELE_Y105C5A.1143|21ur-9349,0,0
CELE_Y105C5A.908|21ur-8334,0,0
CELE_Y105C5A.1137|21ur-7405,0,0
CELE_Y105C5A.907|21ur-10860,0,0
CELE_Y105C5A.871|21ur-10641,0,0
CELE_Y105C5A.890|21ur-14105,0,0
CELE_Y105C5A.668|21ur-7063,0,0
CELE_Y105C5A.1258|21ur-5647,0,0
CELE_Y105C5A.1103|21ur-15635,0,0
CELE_Y105C5A.839|21ur-9194,0,0
CELE_Y105C5A.832|21ur-13294,0,0
CELE_Y105C5A.316|21ur-4939,0,0
CELE_Y105C5A.862|21ur-10505,0,0
CELE_Y105C5A.1223|21ur-6029,0,0
CELE_Y105C5A.616|21ur-9187,0,0
CELE_Y105C5A.723|21ur-14563,0,0
CELE_Y105C5A.1221|21ur-15488,0,0
CELE_Y105C5A.400|21ur-3639,0,0
CELE_Y105C5A.682|21ur-14655,0,0
CELE_Y105C5A.239|21ur-4797,0,0
CELE_Y105C5A.121|21ur-403,0,0
CELE_Y105C5A.1119|21ur-11819,0,0
CELE_Y105C5A.1048|21ur-9075,0,0
CELE_Y105C5A.1077|21ur-15393,0,0
CELE_Y105C5A.57|21ur-4997,0,0
CELE_Y105C5A.932|21ur-5705,0,0
CELE_Y105C5A.993|21ur-9544,0,0
CELE_Y105C5A.1245|21ur-13932,0,0
CELE_Y105C5A.369|21ur-3898,0,0
CELE_Y105C5A.1142|21ur-12870,0,0
CELE_Y105C5A.42|21ur-3176,0,0
CELE_Y105C5A.1167|21ur-6490,0,0
CELE_Y105C5A.147|21ur-4054,0,0
CELE_Y105C5A.417|21ur-1896,0,0
CELE_Y105C5A.693|21ur-14562,0,0
CELE_Y105C5A.1042|21ur-8626,0,0
CELE_Y105C5A.87|21ur-3544,0,0
CELE_Y105C5A.376|21ur-3489,0,0
CELE_Y105C5A.1007|21ur-5568,0,0
CELE_Y105C5A.1055|21ur-14340,0,0
CELE_Y105C5A.964|21ur-7469,0,0
CELE_Y105C5A.1112|21ur-14089,0,0
CELE_Y105C5A.225|21ur-1013,0,0
CELE_Y105C5A.574|21ur-11204,0,0
CELE_Y105C5A.165|21ur-2086,0,0
CELE_Y105C5A.1215|21ur-5913,0,0
CELE_Y105C5A.373|21ur-3171,0,0
CELE_Y105C5A.428|21ur-4402,0,0
CELE_Y105C5A.720|21ur-6842,0,0
CELE_Y105C5A.978|21ur-5875,0,0
CELE_Y105C5A.421|21ur-2313,0,0
CELE_Y105C5A.102|21ur-2303,0,0
CELE_Y105C5A.1244|21ur-9467,0,0
CELE_Y105C5A.502|21ur-2548,0,0
CELE_Y105C5A.590|21ur-5614,0,0
CELE_Y105C5A.272|21ur-2990,0,0
CELE_Y105C5A.945|21ur-10243,0,0
CELE_Y105C5A.108|21ur-4813,0,0
CELE_Y105C5A.1199|21ur-6597,0,0
CELE_Y105C5A.431|21ur-1941,0,0
CELE_Y105C5A.368|21ur-427,0,0
CELE_Y105C5A.1165|21ur-14479,0,0
CELE_Y105C5A.798|21ur-10422,0,0
CELE_Y105C5A.822|21ur-6514,0,0
CELE_Y105C5A.339|21ur-1528,0,0
CELE_Y105C5A.745|21ur-12393,0,0
CELE_Y105C5A.547|21ur-7220,0,0
CELE_Y105C5A.92|21ur-3376,0,0
CELE_Y105C5A.1018|21ur-6406,0,0
CELE_Y105C5A.1122|21ur-8752,0,0
CELE_Y105C5A.422|21ur-2848,0,0
CELE_Y105C5A.654|21ur-11496,0,0
CELE_Y105C5A.38|21ur-972,0,0
CELE_Y105C5A.361|21ur-4439,0,0
CELE_Y105C5A.784|21ur-6013,0,0
CELE_Y105C5A.349|21ur-3822,0,0
CELE_Y105C5A.1274|Y105C5A.1274,0,0
CELE_Y105C5A.11|srg-19,0,0
CELE_Y105C5A.1082|21ur-5910,0,0
CELE_Y105C5A.539|21ur-9312,0,0
CELE_Y105C5A.516|21ur-13726,0,0
CELE_Y105C5A.1260|21ur-9425,0,0
CELE_Y105C5A.1283|Y105C5A.1283,0,0
CELE_Y105C5A.1130|21ur-8846,0,0
CELE_Y105C5A.941|21ur-10429,0,0
CELE_Y105C5A.1064|21ur-14578,0,0
CELE_Y105C5A.452|21ur-4176,0,0
CELE_Y105C5A.459|21ur-1491,0,0
CELE_Y105C5A.804|21ur-8096,0,0
CELE_Y105C5A.466|21ur-2461,0,0
CELE_Y105C5A.103|21ur-2695,0,0
CELE_Y105C5A.1184|21ur-15322,0,0
CELE_Y105C5A.197|21ur-143,0,0
CELE_Y105C5A.968|21ur-5958,0,0
CELE_Y105C5A.277|21ur-4502,0,0
CELE_Y105C5A.1115|21ur-7436,0,0
CELE_Y105C5A.39|21ur-4509,0,0
CELE_Y105C5A.386|21ur-2927,0,0
CELE_Y105C5A.956|21ur-6784,0,0
CELE_Y105C5A.851|21ur-12995,0,0
CELE_Y105C5A.1044|21ur-9843,0,0
CELE_Y105C5A.541|21ur-5523,0,0
CELE_Y105C5A.106|21ur-5038,0,0
CELE_Y105C5A.722|21ur-10035,0,0
CELE_Y105C5A.789|21ur-7306,0,0
CELE_Y105C5A.518|21ur-13038,0,0
CELE_Y105C5A.1212|21ur-11987,0,0
CELE_Y105C5A.251|21ur-3292,0,0
CELE_Y105C5A.410|21ur-2077,0,0
CELE_Y105C5A.354|21ur-1540,0,0
CELE_Y105C5A.290|21ur-1714,0,0
CELE_Y105C5A.127|21ur-561,0,0
CELE_Y105C5A.658|21ur-10393,0,0
CELE_Y105C5A.893|21ur-9872,0,0
CELE_Y105C5A.775|21ur-9415,0,0
CELE_Y105C5A.953|21ur-7180,0,0
CELE_Y105C5A.1005|21ur-7709,0,0
CELE_Y105C5A.816|21ur-13006,0,0
CELE_Y105C5A.1043|21ur-15125,0,0
CELE_Y105C5A.110|21ur-3509,0,0
CELE_Y105C5A.93|21ur-1033,0,0
CELE_Y105C5A.408|21ur-966,0,0
CELE_Y105C5A.935|21ur-6218,0,0
CELE_Y105C5A.592|21ur-15655,0,0
CELE_Y105C5A.575|21ur-8831,0,0
CELE_Y105C5A.975|21ur-7960,0,0
CELE_Y105C5A.1154|21ur-11996,0,0
CELE_Y105C5A.148|21ur-444,0,0
CELE_Y105C5A.471|21ur-3164,0,0
CELE_Y105C5A.278|21ur-1255,0,0
CELE_Y105C5A.424|21ur-2535,0,0
CELE_Y105C5A.442|21ur-4462,0,0
CELE_Y105C5A.331|21ur-2431,0,0
CELE_Y105C5A.113|21ur-4309,0,0
CELE_Y105C5A.150|21ur-5448,0,0
CELE_Y105C5A.377|21ur-5306,0,0
CELE_Y105C5A.686|21ur-6036,0,0
CELE_Y105C5A.911|21ur-10551,0,0
CELE_Y105C5A.1218|21ur-6905,0,0
CELE_Y105C5A.279|21ur-3662,0,0
CELE_Y105C5A.1069|21ur-6246,0,0
CELE_Y105C5A.1001|21ur-8790,0,0
CELE_Y105C5A.181|21ur-3515,0,0
CELE_Y105C5A.899|21ur-9435,0,0
CELE_Y105C5A.958|21ur-10771,0,0
CELE_Y105C5A.144|21ur-744,0,0
CELE_Y105C5A.126|21ur-1768,0,0
CELE_Y105C5A.526|21ur-6205,0,0
CELE_Y105C5A.425|21ur-4107,0,0
CELE_Y105C5A.963|21ur-15616,0,0
CELE_Y105C5A.429|21ur-211,0,0
CELE_Y105C5A.788|21ur-14244,0,0
CELE_Y105C5A.274|21ur-977,0,0
CELE_Y105C5A.245|21ur-5134,0,0
CELE_Y105C5A.360|21ur-2325,0,1
CELE_Y105C5A.825|21ur-13084,0,0
CELE_Y105C5A.76|21ur-257,0,0
CELE_Y105C5A.227|21ur-4038,0,0
CELE_Y105C5A.536|21ur-6124,0,0
CELE_Y105C5A.1121|21ur-10986,0,0
CELE_Y105C5A.1111|21ur-6678,0,0
CELE_Y105C5A.1065|21ur-10961,0,0
CELE_Y105C5A.350|21ur-933,0,0
CELE_Y105C5A.735|21ur-6571,0,0
CELE_Y105C5A.1157|21ur-8304,0,0
CELE_Y105C5A.940|21ur-6873,0,0
CELE_Y105C5A.296|21ur-2405,0,0
CELE_Y105C5A.623|21ur-14701,0,0
CELE_Y105C5A.888|21ur-14485,0,0
CELE_Y105C5A.847|21ur-10427,0,0
CELE_Y105C5A.898|21ur-11020,0,0
CELE_Y105C5A.1075|21ur-5549,0,0
CELE_Y105C5A.1034|21ur-10363,0,0
CELE_Y105C5A.348|21ur-2110,0,0
CELE_Y105C5A.712|21ur-9576,0,0
CELE_Y105C5A.46|21ur-2293,0,0
CELE_Y105C5A.507|21ur-4862,0,0
CELE_Y105C5A.250|21ur-3391,0,0
CELE_Y105C5A.41|21ur-3922,0,0
CELE_Y105C5A.246|21ur-834,0,0
CELE_Y105C5A.1155|21ur-14245,0,0
CELE_Y105C5A.463|21ur-2408,0,0
CELE_Y105C5A.807|21ur-6148,0,0
CELE_Y105C5A.237|21ur-1328,0,0
CELE_Y105C5A.679|21ur-11531,0,0
CELE_Y105C5A.1051|21ur-8447,0,0
CELE_Y105C5A.1213|21ur-14930,0,0
CELE_Y105C5A.379|21ur-3993,0,0
CELE_Y105C5A.922|21ur-11265,0,0
CELE_Y105C5A.991|21ur-8090,0,0
CELE_Y105C5A.454|21ur-2177,0,0
CELE_Y105C5A.71|21ur-754,0,0
CELE_Y105C5A.264|21ur-604,0,0
CELE_Y105C5A.802|21ur-15286,0,0
CELE_Y105C5A.418|21ur-2551,0,0
CELE_Y105C5A.630|21ur-14445,0,0
CELE_Y105C5A.754|21ur-6743,0,0
CELE_Y105C5A.829|21ur-10366,0,0
CELE_Y105C5A.562|21ur-5915,0,0
CELE_Y105C5A.733|21ur-7483,0,0
CELE_Y105C5A.404|21ur-2724,0,0
CELE_Y105C5A.1107|21ur-15288,0,0
CELE_Y105C5A.985|21ur-8542,0,0
CELE_Y105C5A.462|21ur-2268,0,0
CELE_Y105C5A.1203|21ur-13625,0,0
CELE_Y105C5A.1025|21ur-9335,0,0
CELE_Y105C5A.786|21ur-7595,0,0
CELE_Y105C5A.240|21ur-2440,0,0
CELE_Y105C5A.119|21ur-1897,0,0
CELE_Y105C5A.80|21ur-1664,0,0
CELE_Y105C5A.91|21ur-1289,0,0
CELE_Y105C5A.341|21ur-3858,0,0
CELE_Y105C5A.63|21ur-4192,0,0
CELE_Y105C5A.161|21ur-1099,0,0
CELE_Y105C5A.1222|21ur-13640,0,0
CELE_Y105C5A.1214|21ur-7074,0,0
CELE_Y105C5A.555|21ur-10626,0,0
CELE_Y105C5A.581|21ur-12742,0,0
CELE_Y105C5A.484|21ur-2150,0,0
CELE_Y105C5A.1068|21ur-15653,0,0
CELE_Y105C5A.632|21ur-14565,0,0
CELE_Y105C5A.504|21ur-3487,0,0
CELE_Y105C5A.196|21ur-985,0,0
CELE_Y105C5A.1230|21ur-15213,0,0
CELE_Y105C5A.818|21ur-7325,0,0
CELE_Y105C5A.714|21ur-10233,0,0
CELE_Y105C5A.374|21ur-1025,0,0
CELE_Y105C5A.26|Y105C5A.26,0,0
CELE_Y105C5A.1197|21ur-11911,0,0
CELE_Y105C5A.553|21ur-6947,0,0
CELE_Y105C5A.609|21ur-8503,0,0
CELE_Y105C5A.1196|21ur-13614,0,0
CELE_Y105C5A.1087|21ur-13305,0,0
CELE_Y105C5A.446|21ur-3811,0,0
CELE_Y105C5A.687|21ur-12073,0,0
CELE_Y105C5A.234|21ur-2539,0,0
CELE_Y105C5A.478|21ur-2002,0,0
CELE_Y105C5A.549|21ur-14083,0,0
CELE_Y105C5A.1037|21ur-9813,0,0
CELE_Y105C5A.633|21ur-7959,0,0
CELE_Y105C5A.684|21ur-9526,0,0
CELE_Y105C5A.856|21ur-5588,0,0
CELE_Y105C5A.171|21ur-1375,0,0
CELE_Y105C5A.1132|21ur-13623,0,0
CELE_Y105C5A.496|21ur-2306,0,0
CELE_Y105C5A.544|21ur-6483,0,0
CELE_Y105C5A.572|21ur-10838,0,0
CELE_Y105C5A.1011|21ur-7997,0,0
CELE_Y105C5A.447|21ur-1405,0,0
CELE_Y105C5A.1046|21ur-11727,0,0
CELE_Y105C5A.117|21ur-5414,0,0
CELE_Y105C5A.557|21ur-9270,0,0
CELE_Y105C5A.914|21ur-15203,0,0
CELE_Y105C5A.1265|21ur-12333,0,0
CELE_Y105C5A.258|21ur-5022,0,0
CELE_Y105C5A.836|21ur-14183,0,0
CELE_Y105C5A.451|21ur-5437,0,0
CELE_Y105C5A.456|21ur-4076,0,0
CELE_Y105C5A.317|21ur-4385,0,0
CELE_Y105C5A.849|21ur-7316,0,0
CELE_Y105C5A.1259|21ur-11314,0,0
CELE_Y105C5A.868|21ur-9463,0,0
CELE_Y105C5A.865|21ur-10463,0,0
CELE_Y105C5A.724|21ur-13842,0,0
CELE_Y105C5A.344|21ur-4809,0,0
CELE_Y105C5A.356|21ur-1401,0,0
CELE_Y105C5A.65|21ur-4950,0,0
CELE_Y105C5A.537|21ur-12413,0,0
CELE_Y105C5A.88|21ur-1845,0,0
CELE_Y105C5A.183|21ur-1761,0,0
CELE_Y105C5A.531|21ur-9080,0,0
CELE_Y105C5A.343|21ur-4630,0,0
CELE_Y105C5A.170|21ur-2902,0,0
CELE_Y105C5A.532|21ur-9672,0,0
CELE_Y105C5A.1128|21ur-6437,0,0
CELE_Y105C5A.615|21ur-14603,0,0
CELE_Y105C5A.1054|21ur-6439,0,0
CELE_Y105C5A.311|21ur-2484,0,0
CELE_Y105C5A.671|21ur-6893,0,0
CELE_Y105C5A.990|21ur-5476,0,0
CELE_Y105C5A.1172|21ur-6325,0,0
CELE_Y105C5A.318|21ur-4943,0,0
CELE_Y105C5A.1033|21ur-10907,0,0
CELE_Y105C5A.1175|21ur-12176,0,0
CELE_Y105C5A.458|21ur-2550,0,0
CELE_Y105C5A.629|21ur-8912,0,0
CELE_Y105C5A.934|21ur-12620,0,0
CELE_Y105C5A.576|21ur-14240,0,0
CELE_Y105C5A.926|21ur-9863,0,0
CELE_Y105C5A.437|21ur-4655,0,0
CELE_Y105C5A.701|21ur-13953,0,0
CELE_Y105C5A.111|21ur-2449,0,0
CELE_Y105C5A.1118|21ur-13404,0,0
CELE_Y105C5A.327|21ur-1407,0,0
CELE_Y105C5A.68|21ur-1147,0,0
CELE_Y105C5A.163|21ur-4834,0,0
CELE_Y105C5A.238|21ur-2347,0,0
CELE_Y105C5A.34|21ur-2872,0,0
CELE_Y105C5A.219|21ur-1169,0,0
CELE_Y105C5A.58|21ur-1219,0,0
CELE_Y105C5A.289|21ur-2388,0,0
CELE_Y105C5A.551|21ur-15688,0,0
CELE_Y105C5A.483|21ur-3675,0,0
CELE_Y105C5A.982|21ur-9453,0,0
CELE_Y105C5A.380|21ur-522,0,0
CELE_Y105C5A.604|21ur-10736,0,0
CELE_Y105C5A.817|21ur-14034,0,0
CELE_Y105C5A.501|21ur-3459,0,0
CELE_Y105C5A.552|21ur-13527,0,0
CELE_Y105C5A.716|21ur-15561,0,0
CELE_Y105C5A.105|21ur-499,0,0
CELE_Y105C5A.614|21ur-9595,0,0
CELE_Y105C5A.952|21ur-6224,0,0
CELE_Y105C5A.1255|21ur-7720,0,0
CELE_Y105C5A.1225|21ur-9480,0,0
CELE_Y105C5A.1039|21ur-10228,0,0
CELE_Y105C5A.1242|21ur-10956,0,0
CELE_Y105C5A.698|21ur-9922,0,0
CELE_Y105C5A.734|21ur-5940,0,0
CELE_Y105C5A.83|21ur-2648,0,0
CELE_Y105C5A.457|21ur-2385,0,0
CELE_Y105C5A.189|21ur-4090,0,0
CELE_Y105C5A.957|21ur-7503,0,0
CELE_Y105C5A.597|21ur-5635,0,0
CELE_Y105C5A.292|21ur-99,0,0
CELE_Y105C5A.489|21ur-3676,0,0
CELE_Y105C5A.1141|21ur-7952,0,0
CELE_Y105C5A.515|21ur-12577,0,0
CELE_Y105C5A.455|21ur-5249,0,0
CELE_Y105C5A.55|21ur-877,0,0
CELE_Y105C5A.1003|21ur-15695,0,0
CELE_Y105C5A.859|21ur-8349,0,0
CELE_Y105C5A.95|21ur-1718,0,0
CELE_Y105C5A.1285|Y105C5A.1285,0,0
CELE_Y105C5A.427|21ur-1725,0,0
CELE_Y105C5A.860|21ur-10186,0,0
CELE_Y105C5A.550|21ur-13788,0,0
CELE_Y105C5A.184|21ur-5383,0,0
CELE_Y105C5A.699|21ur-14431,0,0
CELE_Y105C5A.345|21ur-2340,0,0
CELE_Y105C5A.519|21ur-10445,0,0
CELE_Y105C5A.1177|21ur-8628,0,0
CELE_Y105C5A.902|21ur-11236,0,0
CELE_Y105C5A.872|21ur-11039,0,0
CELE_Y105C5A.524|21ur-14530,0,0
CELE_Y105C5A.961|21ur-9931,0,0
CELE_Y105C5A.475|21ur-1582,0,0
CELE_Y105C5A.929|21ur-5597,0,0
CELE_Y105C5A.100|21ur-3061,0,0
CELE_Y105C5A.185|21ur-4421,0,0
CELE_Y105C5A.1183|21ur-14254,0,0
CELE_Y105C5A.912|21ur-9680,0,0
CELE_Y105C5A.621|21ur-14471,0,0
CELE_Y105C5A.193|21ur-2078,0,0
CELE_Y105C5A.199|21ur-1183,0,0
CELE_Y105C5A.244|21ur-3613,0,0
CELE_Y105C5A.288|21ur-302,0,0
CELE_Y105C5A.997|21ur-15515,0,0
CELE_Y105C5A.370|21ur-4530,0,0
CELE_Y105C5A.367|21ur-837,0,0
CELE_Y105C5A.690|21ur-5491,0,0
CELE_Y105C5A.217|21ur-1884,0,0
CELE_Y105C5A.362|21ur-303,0,0
CELE_Y105C5A.1013|21ur-8593,0,0
CELE_Y105C5A.204|21ur-246,0,0
CELE_Y105C5A.529|21ur-5818,0,0
CELE_Y105C5A.954|21ur-10721,0,0
CELE_Y105C5A.792|21ur-13954,0,0
CELE_Y105C5A.652|21ur-11869,0,0
CELE_Y105C5A.436|21ur-239,0,0
CELE_Y105C5A.870|21ur-12081,0,0
CELE_Y105C5A.681|21ur-6567,0,0
CELE_Y105C5A.188|21ur-109,0,0
CELE_Y105C5A.867|21ur-10764,0,0
CELE_Y105C5A.500|21ur-4894,0,0
CELE_Y105C5A.75|21ur-3670,0,0
CELE_Y105C5A.67|21ur-31,0,0
CELE_Y105C5A.231|21ur-809,0,0
CELE_Y105C5A.493|21ur-4347,0,0
CELE_Y105C5A.1094|21ur-9909,0,0
CELE_Y105C5A.243|21ur-1579,0,0
CELE_Y105C5A.1219|21ur-8370,0,0
CELE_Y105C5A.1266|21ur-6530,0,0
CELE_Y105C5A.441|21ur-1914,0,0
CELE_Y105C5A.1227|21ur-9925,0,0
CELE_Y105C5A.858|21ur-11776,0,0
CELE_Y105C5A.936|21ur-15665,0,0
CELE_Y105C5A.490|21ur-2922,0,0
CELE_Y105C5A.589|21ur-8452,0,0
CELE_Y105C5A.1061|21ur-12239,0,0
CELE_Y105C5A.497|21ur-1061,0,0
CELE_Y105C5A.960|21ur-15598,0,0
CELE_Y105C5A.916|21ur-6382,0,0
CELE_Y105C5A.794|21ur-11990,0,0
CELE_Y105C5A.1022|21ur-7620,0,0
CELE_Y105C5A.704|21ur-5784,0,0
CELE_Y105C5A.676|21ur-12157,0,0
CELE_Y105C5A.1156|21ur-5946,0,0
CELE_Y105C5A.585|21ur-12363,0,0
CELE_Y105C5A.925|21ur-15646,0,0
CELE_Y105C5A.101|21ur-5217,0,0
CELE_Y105C5A.731|21ur-12580,0,0
CELE_Y105C5A.691|21ur-9561,0,0
CELE_Y105C5A.758|21ur-7793,0,0
CELE_Y105C5A.739|21ur-13628,0,0
CELE_Y105C5A.359|21ur-4918,0,0
CELE_Y105C5A.967|21ur-12900,0,0
CELE_Y105C5A.980|21ur-11116,0,0
CELE_Y105C5A.186|21ur-5184,0,0
CELE_Y105C5A.558|21ur-6281,0,0
CELE_Y105C5A.200|21ur-1870,0,0
CELE_Y105C5A.613|21ur-14272,0,0
CELE_Y105C5A.355|21ur-118,0,0
CELE_Y105C5A.242|21ur-5431,0,0
CELE_Y105C5A.857|21ur-5621,0,0
CELE_Y105C5A.434|21ur-4830,0,0
CELE_Y105C5A.989|21ur-14038,0,0
CELE_Y105C5A.852|21ur-8367,0,0
CELE_Y105C5A.955|21ur-12478,0,0
CELE_Y105C5A.685|21ur-8999,0,0
CELE_Y105C5A.873|21ur-8393,0,0
CELE_Y105C5A.439|21ur-2963,0,0
CELE_Y105C5A.1014|21ur-10988,0,0
CELE_Y105C5A.1028|21ur-12376,0,0
CELE_Y105C5A.976|21ur-11878,0,0
CELE_Y105C5A.104|21ur-4849,0,0
CELE_Y105C5A.1076|21ur-9755,0,0
CELE_Y105C5A.1181|21ur-13203,0,0
CELE_Y105C5A.271|21ur-4628,0,0
CELE_Y105C5A.139|21ur-5424,0,0
CELE_Y105C5A.498|21ur-3910,0,0
CELE_Y105C5A.319|21ur-5278,0,0
CELE_Y105C5A.753|21ur-8527,0,0
CELE_Y105C5A.1248|21ur-9536,0,0
CELE_Y105C5A.740|21ur-7412,0,0
CELE_Y105C5A.180|21ur-4546,0,0
CELE_Y105C5A.35|21ur-3262,0,0
CELE_Y105C5A.766|21ur-8023,0,0
CELE_Y105C5A.538|21ur-12513,0,0
CELE_Y105C5A.896|21ur-11350,0,0
CELE_Y105C5A.268|21ur-1972,0,0
CELE_Y105C5A.1178|21ur-10791,0,0
CELE_Y105C5A.320|21ur-5097,0,0
CELE_Y105C5A.1138|21ur-9744,0,0
CELE_Y105C5A.838|21ur-8357,0,0
CELE_Y105C5A.435|21ur-3345,0,0
CELE_Y105C5A.762|21ur-8493,0,0
CELE_Y105C5A.920|21ur-14518,0,0
CELE_Y105C5A.389|21ur-167,0,0
CELE_Y105C5A.212|21ur-135,0,0
CELE_Y105C5A.1036|21ur-10112,0,0
CELE_Y105C5A.97|21ur-3976,0,0
CELE_Y105C5A.168|21ur-4190,0,0
CELE_Y105C5A.40|21ur-4269,0,0
CELE_Y105C5A.474|21ur-3423,0,0
CELE_Y105C5A.656|21ur-10082,0,0
CELE_Y105C5A.635|21ur-8040,0,0
CELE_Y105C5A.1235|21ur-9171,0,0
CELE_Y105C5A.444|21ur-2582,0,0
CELE_Y105C5A.673|21ur-8070,0,0
CELE_Y105C5A.773|21ur-8483,0,0
CELE_Y105C5A.182|21ur-5314,0,0
CELE_Y105C5A.543|21ur-9617,0,0
CELE_Y105C5A.43|21ur-5133,0,0
CELE_Y105C5A.1072|21ur-11145,0,0
CELE_Y105C5A.140|21ur-4494,0,0
CELE_Y105C5A.59|21ur-3041,0,0
CELE_Y105C5A.1152|21ur-7755,0,0
CELE_Y105C5A.719|21ur-14784,0,0
CELE_Y105C5A.52|21ur-4812,0,0
CELE_Y105C5A.725|21ur-13099,0,0
CELE_Y105C5A.330|21ur-259,0,0
CELE_Y105C5A.1006|21ur-15044,0,0
CELE_Y105C5A.72|21ur-4724,0,0
CELE_Y105C5A.1080|21ur-15299,0,0
CELE_Y105C5A.778|21ur-8800,0,0
CELE_Y105C5A.962|21ur-5490,0,0
CELE_Y105C5A.252|21ur-426,0,0
CELE_Y105C5A.1162|21ur-9618,0,0
CELE_Y105C5A.260|21ur-1189,0,0
CELE_Y105C5A.480|21ur-4807,0,0
CELE_Y105C5A.21|Y105C5A.21,0,0
CELE_Y105C5A.1249|21ur-8437,0,0
CELE_Y105C5A.166|21ur-452,0,0
CELE_Y105C5A.649|21ur-5841,0,0
CELE_Y105C5A.1264|21ur-9500,0,0
CELE_Y105C5A.295|21ur-218,0,0
CELE_Y105C5A.1085|21ur-12505,0,0
CELE_Y105C5A.162|21ur-3195,0,0
CELE_Y105C5A.584|21ur-9087,0,0
CELE_Y105C5A.353|21ur-1780,0,0
CELE_Y105C5A.1163|21ur-5459,0,0
CELE_Y105C5A.1017|21ur-10012,0,0
CELE_Y105C5A.1236|21ur-8633,0,0
CELE_Y105C5A.1101|21ur-10361,0,0
CELE_Y105C5A.1050|21ur-7674,0,0
CELE_Y105C5A.827|21ur-11852,0,0
CELE_Y105C5A.1273|Y105C5A.1273,0,0
CELE_Y105C5A.257|21ur-2294,0,0
CELE_Y105C5A.1226|21ur-9696,0,0
CELE_Y105C5A.1185|21ur-11427,0,0
CELE_Y105C5A.1243|21ur-11368,0,0
CELE_Y105C5A.1090|21ur-15662,0,0
CELE_Y105C5A.1086|21ur-6932,0,0
CELE_Y105C5A.1263|21ur-12097,0,0
CELE_Y105C5A.321|21ur-4788,0,0
CELE_Y105C5A.409|21ur-3013,0,0
CELE_Y105C5A.130|21ur-1489,0,0
CELE_Y105C5A.125|21ur-753,0,0
CELE_Y105C5A.1276|Y105C5A.1276,0,0
CELE_Y105C5A.T1|Y105C5A.t1,0,0
CELE_Y105C5A.1204|21ur-6292,0,0
CELE_Y105C5A.282|21ur-2152,0,0
CELE_Y105C5A.53|21ur-5223,0,0
CELE_Y105C5A.746|21ur-5848,0,0
CELE_Y105C5A.675|21ur-5706,0,0
CELE_Y105C5A.628|21ur-9979,0,0
CELE_Y105C5A.1079|21ur-13806,0,0
CELE_Y105C5A.1049|21ur-13910,0,0
CELE_Y105C5A.142|21ur-797,0,0
CELE_Y105C5A.743|21ur-13021,0,0
CELE_Y105C5A.419|21ur-5415,0,0
CELE_Y105C5A.830|21ur-7988,0,0
CELE_Y105C5A.634|21ur-10222,0,0
CELE_Y105C5A.606|21ur-6265,0,0
CELE_Y105C5A.253|21ur-3321,0,0
CELE_Y105C5A.973|21ur-13969,0,0
CELE_Y105C5A.392|21ur-2183,0,0
CELE_Y105C5A.602|21ur-10548,0,0
CELE_Y105C5A.1194|21ur-11685,0,0
CELE_Y105C5A.950|21ur-12976,0,0
CELE_Y105C5A.74|21ur-3257,0,0
CELE_Y105C5A.365|21ur-2118,0,0
CELE_Y105C5A.799|21ur-12988,0,0
CELE_Y105C5A.310|21ur-2931,0,0
CELE_Y105C5A.285|21ur-694,0,0
CELE_Y105C5A.1286|mir-2217.5,0,0
CELE_Y105C5A.31|Y105C5A.31,0,0
CELE_Y105C5A.1131|21ur-12144,0,0
CELE_Y105C5A.470|21ur-3852,0,0
CELE_Y105C5A.709|21ur-9853,0,0
CELE_Y105C5A.626|21ur-9018,0,0
CELE_Y105C5A.382|21ur-2843,0,0
CELE_Y105C5A.680|21ur-9571,0,0
CELE_Y105C5A.1004|21ur-15546,0,0
CELE_Y105C5A.578|21ur-12621,0,0
CELE_Y105C5A.800|21ur-9988,0,0
CELE_Y105C5A.983|21ur-7563,0,0
CELE_Y105C5A.970|21ur-6690,0,0
CELE_Y105C5A.411|21ur-3466,0,0
CELE_Y105C5A.433|21ur-4555,0,0
CELE_Y105C5A.346|21ur-853,0,0
CELE_Y105C5A.1153|21ur-14106,0,0
CELE_Y105C5A.848|21ur-15333,0,0
CELE_Y105C5A.1026|21ur-11109,0,0
CELE_Y105C5A.1171|21ur-12882,0,0
CELE_Y105C5A.371|21ur-3170,0,0
CELE_Y105C5A.705|21ur-11412,0,0
CELE_Y105C5A.300|21ur-3038,0,0
CELE_Y105C5A.191|21ur-216,0,0
CELE_Y105C5A.711|21ur-7768,0,0
CELE_Y105C5A.1124|21ur-13459,0,0
CELE_Y105C5A.1187|21ur-12781,0,0
CELE_Y105C5A.892|21ur-10624,0,0
CELE_Y105C5A.713|21ur-5603,0,0
CELE_Y105C5A.363|21ur-1231,0,0
CELE_Y105C5A.895|21ur-11250,0,0
CELE_Y105C5A.1102|21ur-5637,0,0
CELE_Y105C5A.647|21ur-11857,0,0
CELE_Y105C5A.1089|21ur-12518,0,0
CELE_Y105C5A.600|21ur-13534,0,0
CELE_Y105C5A.506|21ur-4211,0,0
CELE_Y105C5A.66|21ur-4160,0,0
CELE_Y105C5A.783|21ur-8331,0,0
CELE_Y105C5A.145|21ur-5059,0,0
CELE_Y105C5A.1164|21ur-13017,0,0
CELE_Y105C5A.567|21ur-8004,0,0
CELE_Y105C5A.276|21ur-3181,0,0
CELE_Y105C5A.312|21ur-760,0,0
CELE_Y105C5A.1173|21ur-13762,0,0
CELE_Y105C5A.924|21ur-7734,0,0
CELE_Y105C5A.302|21ur-786,0,0
CELE_Y105C5A.112|21ur-4031,0,0
CELE_Y105C5A.1188|21ur-5556,0,0
CELE_Y105C5A.563|21ur-10523,0,0
CELE_Y105C5A.479|21ur-5005,0,0
CELE_Y105C5A.129|21ur-3136,0,0
CELE_Y105C5A.933|21ur-9664,0,0
CELE_Y105C5A.1095|21ur-6669,0,0
CELE_Y105C5A.44|21ur-4548,0,0
CELE_Y105C5A.618|21ur-12441,0,0
CELE_Y105C5A.1109|21ur-6662,0,0
CELE_Y105C5A.308|21ur-2275,0,0
CELE_Y105C5A.1240|21ur-11149,0,0
CELE_Y105C5A.1166|21ur-13048,0,0
CELE_Y105C5A.877|21ur-11207,0,0
CELE_Y105C5A.659|21ur-13298,0,0
CELE_Y105C5A.901|21ur-14102,0,0
CELE_Y105C5A.81|21ur-1199,0,0
CELE_Y105C5A.1091|21ur-14858,0,0
CELE_Y105C5A.307|21ur-2519,0,0
CELE_Y105C5A.821|21ur-10732,0,0
CELE_Y105C5A.235|21ur-967,0,0
CELE_Y105C5A.114|21ur-3647,0,0
CELE_Y105C5A.974|21ur-6455,0,0
CELE_Y105C5A.619|21ur-5844,0,0
CELE_Y105C5A.1158|21ur-15106,0,0
CELE_Y105C5A.998|21ur-10471,0,0
CELE_Y105C5A.241|21ur-227,0,0
CELE_Y105C5A.156|21ur-1164,0,0
CELE_Y105C5A.215|21ur-3664,0,0
CELE_Y105C5A.513|21ur-9354,0,0
CELE_Y105C5A.666|21ur-13574,0,0
CELE_Y105C5A.694|21ur-7024,0,0
CELE_Y105C5A.151|21ur-2752,0,0
CELE_Y105C5A.375|21ur-2684,0,0
CELE_Y105C5A.928|21ur-9029,0,0
CELE_Y105C5A.190|21ur-33,0,0
CELE_Y105C5A.834|21ur-7027,0,0
CELE_Y105C5A.996|21ur-6180,0,0
CELE_Y105C5A.405|21ur-5363,0,0
CELE_Y105C5A.1134|21ur-15252,0,0
CELE_Y105C5A.230|21ur-2387,0,0
CELE_Y105C5A.631|21ur-6959,0,0
CELE_Y105C5A.906|21ur-12592,0,0
CELE_Y105C5A.593|21ur-9381,0,0
CELE_Y105C5A.224|21ur-2467,0,0
CELE_Y105C5A.1231|21ur-8217,0,0
CELE_Y105C5A.1146|21ur-13299,0,0
CELE_Y105C5A.765|21ur-8036,0,0
CELE_Y105C5A.752|21ur-10084,0,0
CELE_Y105C5A.223|21ur-4456,0,0
CELE_Y105C5A.904|21ur-11036,0,0
CELE_Y105C5A.641|21ur-6202,0,0
CELE_Y105C5A.473|21ur-65,0,0
CELE_Y105C5A.646|21ur-13621,0,0
CELE_Y105C5A.426|21ur-4311,0,0
CELE_Y105C5A.443|21ur-1454,0,0
CELE_Y105C5A.1192|21ur-15311,0,0
CELE_Y105C5A.438|21ur-1373,0,0
CELE_Y105C5A.772|21ur-9625,0,0
CELE_Y105C5A.1019|21ur-15675,0,0
CELE_Y105C5A.85|21ur-3565,0,0
CELE_Y105C5A.1140|21ur-9640,0,0
CELE_Y105C5A.810|21ur-14631,0,0
CELE_Y105C5A.342|21ur-4288,0,0
CELE_Y105C5A.688|21ur-12957,0,0
CELE_Y105C5A.608|21ur-14994,0,0
CELE_Y105C5A.338|21ur-4416,0,0
CELE_Y105C5A.486|21ur-473,0,0
CELE_Y105C5A.764|21ur-11220,0,0
CELE_Y105C5A.138|21ur-1987,0,0
CELE_Y105C5A.261|21ur-5239,0,0
CELE_Y105C5A.1201|21ur-10950,0,0
CELE_Y105C5A.390|21ur-2259,0,0
CELE_Y105C5A.364|21ur-2857,0,0
CELE_Y105C5A.828|21ur-8328,0,0
CELE_Y105C5A.653|21ur-8559,0,0
CELE_Y105C5A.1253|21ur-12178,0,0
CELE_Y105C5A.1030|21ur-10401,0,0
CELE_Y105C5A.757|21ur-13647,0,0
CELE_Y105C5A.511|21ur-11415,0,0
CELE_Y105C5A.1251|21ur-6016,0,0
CELE_Y105C5A.123|21ur-3016,0,0
CELE_Y105C5A.644|21ur-6314,0,0
CELE_Y105C5A.683|21ur-9706,0,0
CELE_Y105C5A.32|21ur-4348,0,0
CELE_Y105C5A.972|21ur-11506,0,0
CELE_Y105C5A.662|21ur-12844,0,0
CELE_Y105C5A.259|21ur-145,0,0
CELE_Y105C5A.1229|21ur-10623,0,0
CELE_Y105C5A.573|21ur-10129,0,0
CELE_Y105C5A.236|21ur-1211,0,0
CELE_Y105C5A.944|21ur-13349,0,0
CELE_Y105C5A.263|21ur-2979,0,0
CELE_Y105C5A.695|21ur-14246,0,0
CELE_Y105C5A.903|21ur-13879,0,0
CELE_Y105C5A.979|21ur-15029,0,0
CELE_Y105C5A.477|21ur-247,0,0
CELE_Y105C5A.305|21ur-4780,0,0
CELE_Y105C5A.1180|21ur-7309,0,0
CELE_Y105C5A.1238|21ur-10706,0,0
CELE_Y105C5A.759|21ur-7576,0,0
CELE_Y105C5A.1117|21ur-5911,0,0
CELE_Y105C5A.599|21ur-6804,0,0
CELE_Y105C5A.1189|21ur-8704,0,0
CELE_Y105C5A.744|21ur-7845,0,0
CELE_Y105C5A.813|21ur-7451,0,0
CELE_Y105C5A.542|21ur-13984,0,0
CELE_Y105C5A.366|21ur-4998,0,0
CELE_Y105C5A.512|21ur-7663,0,0
CELE_Y105C5A.1038|21ur-9539,0,0
CELE_Y105C5A.586|21ur-8498,0,0
CELE_Y105C5A.984|21ur-8931,0,0
CELE_Y105C5A.45|21ur-2568,0,0
CELE_Y105C5A.487|21ur-374,0,0
CELE_Y105C5A.94|21ur-3756,0,0
CELE_Y105C5A.1063|21ur-15359,0,0
CELE_Y105C5A.445|21ur-4937,0,0
CELE_Y105C5A.951|21ur-8599,0,0
CELE_Y105C5A.1060|21ur-12884,0,0
CELE_Y105C5A.881|21ur-5544,0,0
CELE_Y105C5A.864|21ur-12061,0,0
CELE_Y105C5A.440|21ur-4394,0,0
CELE_Y105C5A.819|21ur-6313,0,0
CELE_Y105C5A.823|21ur-7878,0,0
CELE_Y105C5A.228|21ur-3592,0,0
CELE_Y105C5A.919|21ur-13205,0,0
CELE_Y105C5A.179|21ur-4513,0,0
CELE_Y105C5A.732|21ur-10067,0,0
CELE_Y105C5A.751|21ur-8476,0,0
CELE_Y105C5A.568|21ur-8956,0,0
CELE_Y105C5A.291|21ur-3521,0,0
CELE_Y105C5A.769|21ur-8927,0,0
CELE_Y105C5A.509|21ur-9733,0,0
CELE_Y105C5A.587|21ur-5670,0,0
CELE_Y105C5A.657|21ur-9530,0,0
CELE_Y105C5A.1045|21ur-11520,0,0
CELE_Y105C5A.540|21ur-10293,0,0
CELE_Y105C5A.337|21ur-839,0,0
CELE_Y105C5A.782|21ur-10328,0,0
CELE_Y105C5A.730|21ur-14185,0,0
CELE_Y105C5A.157|21ur-5052,0,0
CELE_Y105C5A.131|21ur-266,0,0
CELE_Y105C5A.1269|Y105C5A.1269,0,0
CELE_Y105C5A.645|21ur-14099,0,0
CELE_Y105C5A.1098|21ur-5988,0,0
CELE_Y105C5A.760|21ur-10929,0,0
CELE_Y105C5A.169|21ur-2787,0,0
CELE_Y105C5A.533|21ur-13713,0,0
CELE_Y105C5A.879|21ur-13595,0,0
CELE_Y105C5A.554|21ur-6417,0,0
CELE_Y105C5A.915|21ur-12997,0,0
CELE_Y105C5A.826|21ur-7343,0,0
CELE_Y105C5A.643|21ur-6796,0,0
CELE_Y105C5A.923|21ur-8073,0,0
CELE_Y105C5A.559|21ur-12894,0,0
CELE_Y105C5A.1176|21ur-6263,0,0
CELE_Y105C5A.1174|21ur-6915,0,0
CELE_Y105C5A.891|21ur-6058,0,0
CELE_Y105C5A.756|21ur-15307,0,0
CELE_Y105C5A.1081|21ur-7865,0,0
CELE_Y105C5A.824|21ur-15232,0,0
CELE_Y105C5A.883|21ur-14488,0,0
CELE_Y105C5A.648|21ur-10660,0,0
CELE_Y105C5A.399|21ur-2576,0,0
CELE_Y105C5A.413|21ur-2070,0,0
CELE_Y105C5A.556|21ur-8020,0,0
CELE_Y105C5A.1012|21ur-13857,0,0
CELE_Y105C5A.1074|21ur-6315,0,0
CELE_Y105C5A.791|21ur-8341,0,0
CELE_Y105C5A.520|21ur-8793,0,0
CELE_Y105C5A.495|21ur-4979,0,0
CELE_Y105C5A.249|21ur-3994,0,0
CELE_Y105C5A.517|21ur-12136,0,0
CELE_Y105C5A.1123|21ur-7110,0,0
CELE_Y105C5A.796|21ur-10896,0,0
CELE_Y105C5A.781|21ur-13941,0,0
CELE_Y105C5A.992|21ur-13825,0,0
CELE_Y105C5A.403|21ur-4414,0,0
CELE_Y105C5A.767|21ur-11259,0,0
CELE_Y105C5A.214|21ur-5449,0,0
CELE_Y105C5A.256|21ur-3934,0,0
CELE_Y105C5A.795|21ur-11010,0,0
CELE_Y105C5A.391|21ur-1529,0,0
CELE_Y105C5A.569|21ur-6176,0,0
CELE_Y105C5A.1168|21ur-7499,0,0
CELE_Y105C5A.464|21ur-4850,0,0
CELE_Y105C5B.981|21ur-10629,0,0
CELE_Y105C5B.1061|21ur-13026,0,0
CELE_Y105C5B.1185|21ur-7814,0,0
CELE_Y105C5B.915|21ur-12462,0,0
CELE_Y105C5B.1010|21ur-13063,0,0
CELE_Y105C5B.105|21ur-648,0,0
CELE_Y105C5B.1224|21ur-12528,0,0
CELE_Y105C5B.69|21ur-533,0,0
CELE_Y105C5B.205|21ur-2205,0,0
CELE_Y105C5B.121|21ur-5125,0,0
CELE_Y105C5B.875|21ur-15651,0,0
CELE_Y105C5B.412|21ur-737,0,0
CELE_Y105C5B.1107|21ur-10335,0,0
CELE_Y105C5B.1277|21ur-14067,0,0
CELE_Y105C5B.663|21ur-6026,0,0
CELE_Y105C5B.1049|21ur-13252,0,0
CELE_Y105C5B.603|21ur-5443,0,0
CELE_Y105C5B.906|21ur-13622,0,0
CELE_Y105C5B.1362|21ur-13360,0,0
CELE_Y105C5B.1246|21ur-7794,0,0
CELE_Y105C5B.52|21ur-1977,0,0
CELE_Y105C5B.342|21ur-4484,0,0
CELE_Y105C5B.130|21ur-807,0,0
CELE_Y105C5B.1386|21ur-9768,0,0
CELE_Y105C5B.125|21ur-2355,0,0
CELE_Y105C5B.1080|21ur-6787,0,0
CELE_Y105C5B.838|21ur-14917,0,0
CELE_Y105C5B.530|21ur-2075,0,0
CELE_Y105C5B.90|21ur-498,0,0
CELE_Y105C5B.764|21ur-14667,0,0
CELE_Y105C5B.923|21ur-11179,0,0
CELE_Y105C5B.1258|21ur-15206,0,0
CELE_Y105C5B.743|21ur-7450,0,0
CELE_Y105C5B.213|21ur-1756,0,0
CELE_Y105C5B.544|21ur-5332,0,0
CELE_Y105C5B.1194|21ur-5869,0,0
CELE_Y105C5B.1098|21ur-7567,0,0
CELE_Y105C5B.1090|21ur-10761,0,0
CELE_Y105C5B.1239|21ur-14048,0,0
CELE_Y105C5B.89|21ur-3233,0,0
CELE_Y105C5B.1112|21ur-11094,0,0
CELE_Y105C5B.97|21ur-1273,0,0
CELE_Y105C5B.925|21ur-15600,0,0
CELE_Y105C5B.478|21ur-180,0,0
CELE_Y105C5B.1063|21ur-5833,0,0
CELE_Y105C5B.623|21ur-13231,0,0
CELE_Y105C5B.440|21ur-3643,0,0
CELE_Y105C5B.127|21ur-2708,0,0
CELE_Y105C5B.781|21ur-11393,0,0
CELE_Y105C5B.1319|21ur-11181,0,0
CELE_Y105C5B.1116|21ur-8642,0,0
CELE_Y105C5B.1405|21ur-8712,0,0
CELE_Y105C5B.664|21ur-11736,0,0
CELE_Y105C5B.263|21ur-782,0,0
CELE_Y105C5B.1005|21ur-14331,0,0
CELE_Y105C5B.886|21ur-11800,0,0
CELE_Y105C5B.492|21ur-1532,0,0
CELE_Y105C5B.1053|21ur-14169,0,0
CELE_Y105C5B.308|21ur-1178,0,0
CELE_Y105C5B.293|21ur-2147,0,0
CELE_Y105C5B.430|21ur-5341,0,0
CELE_Y105C5B.1398|21ur-10086,0,0
CELE_Y105C5B.904|21ur-9231,0,0
CELE_Y105C5B.619|21ur-9891,0,0
CELE_Y105C5B.91|21ur-2890,0,0
CELE_Y105C5B.1371|21ur-11251,0,0
CELE_Y105C5B.209|21ur-3225,0,0
CELE_Y105C5B.1196|21ur-10575,0,0
CELE_Y105C5B.1327|21ur-9142,0,0
CELE_Y105C5B.1068|21ur-7203,0,0
CELE_Y105C5B.226|21ur-3829,0,0
CELE_Y105C5B.1312|21ur-12539,0,0
CELE_Y105C5B.70|21ur-4243,0,0
CELE_Y105C5B.1163|21ur-8733,0,0
CELE_Y105C5B.325|21ur-4362,0,0
CELE_Y105C5B.559|21ur-177,0,0
CELE_Y105C5B.935|21ur-14316,0,0
CELE_Y105C5B.320|21ur-4720,0,0
CELE_Y105C5B.869|21ur-9449,0,0
CELE_Y105C5B.867|21ur-9674,0,0
CELE_Y105C5B.885|21ur-13458,0,0
CELE_Y105C5B.1253|21ur-15381,0,0
CELE_Y105C5B.74|21ur-963,0,0
CELE_Y105C5B.1331|21ur-13102,0,0
CELE_Y105C5B.972|21ur-10800,0,0
CELE_Y105C5B.587|21ur-16,0,0
CELE_Y105C5B.1365|21ur-10334,0,0
CELE_Y105C5B.504|21ur-3077,0,0
CELE_Y105C5B.77|21ur-2794,0,0
CELE_Y105C5B.1384|21ur-9583,0,0
CELE_Y105C5B.941|21ur-6478,0,0
CELE_Y105C5B.1203|21ur-9752,0,0
CELE_Y105C5B.590|21ur-4557,0,0
CELE_Y105C5B.888|21ur-9391,0,0
CELE_Y105C5B.222|21ur-2041,0,0
CELE_Y105C5B.893|21ur-12230,0,0
CELE_Y105C5B.810|21ur-13235,0,0
CELE_Y105C5B.134|21ur-4289,0,0
CELE_Y105C5B.1035|21ur-8810,0,0
CELE_Y105C5B.1275|21ur-14504,0,0
CELE_Y105C5B.643|21ur-10634,0,0
CELE_Y105C5B.646|21ur-6535,0,0
CELE_Y105C5B.1245|21ur-12370,0,0
CELE_Y105C5B.162|21ur-4739,0,0
CELE_Y105C5B.535|21ur-2376,0,0
CELE_Y105C5B.702|21ur-8573,0,0
CELE_Y105C5B.706|21ur-8138,0,0
CELE_Y105C5B.1079|21ur-9614,0,0
CELE_Y105C5B.228|21ur-69,0,0
CELE_Y105C5B.926|21ur-5744,0,0
CELE_Y105C5B.1167|21ur-6339,0,0
CELE_Y105C5B.615|21ur-7604,0,0
CELE_Y105C5B.799|21ur-12124,0,0
CELE_Y105C5B.566|21ur-1547,0,0
CELE_Y105C5B.805|21ur-6943,0,0
CELE_Y105C5B.841|21ur-6682,0,0
CELE_Y105C5B.758|21ur-7735,0,0
CELE_Y105C5B.1241|21ur-12611,0,0
CELE_Y105C5B.368|21ur-1569,0,0
CELE_Y105C5B.1002|21ur-15015,0,0
CELE_Y105C5B.46|21ur-1740,0,0
CELE_Y105C5B.1121|21ur-8786,0,0
CELE_Y105C5B.1179|21ur-5503,0,0
CELE_Y105C5B.108|21ur-1187,0,0
CELE_Y105C5B.506|21ur-2052,0,0
CELE_Y105C5B.458|21ur-54,0,0
CELE_Y105C5B.1347|21ur-10374,0,0
CELE_Y105C5B.357|21ur-2311,0,0
CELE_Y105C5B.306|21ur-4162,0,0
CELE_Y105C5B.688|21ur-15096,0,0
CELE_Y105C5B.402|21ur-2610,0,0
CELE_Y105C5B.1263|21ur-7556,0,0
CELE_Y105C5B.1059|21ur-5757,0,0
CELE_Y105C5B.1354|21ur-13893,0,0
CELE_Y105C5B.828|21ur-15454,0,0
CELE_Y105C5B.461|21ur-3815,0,0
CELE_Y105C5B.1097|21ur-6121,0,0
CELE_Y105C5B.1106|21ur-14001,0,0
CELE_Y105C5B.704|21ur-6327,0,0
CELE_Y105C5B.314|21ur-161,0,0
CELE_Y105C5B.1040|21ur-12319,0,0
CELE_Y105C5B.520|21ur-1240,0,0
CELE_Y105C5B.385|21ur-4355,0,0
CELE_Y105C5B.94|21ur-1835,0,0
CELE_Y105C5B.947|21ur-9529,0,0
CELE_Y105C5B.1039|21ur-13503,0,0
CELE_Y105C5B.959|21ur-9522,0,0
CELE_Y105C5B.792|21ur-10760,0,0
CELE_Y105C5B.589|21ur-4238,0,0
CELE_Y105C5B.431|21ur-2789,0,0
CELE_Y105C5B.62|21ur-3577,0,0
CELE_Y105C5B.845|21ur-12409,0,0
CELE_Y105C5B.277|21ur-3152,0,0
CELE_Y105C5B.1158|21ur-6033,0,0
CELE_Y105C5B.669|21ur-14711,0,0
CELE_Y105C5B.1127|21ur-9357,0,0
CELE_Y105C5B.965|21ur-8845,0,0
CELE_Y105C5B.1157|21ur-7235,0,0
CELE_Y105C5B.1193|21ur-6453,0,0
CELE_Y105C5B.235|21ur-2059,0,0
CELE_Y105C5B.113|21ur-1460,0,0
CELE_Y105C5B.7|Y105C5B.7,0,0
CELE_Y105C5B.826|21ur-15668,0,0
CELE_Y105C5B.1231|21ur-9448,0,0
CELE_Y105C5B.678|21ur-5942,0,0
CELE_Y105C5B.656|21ur-12704,0,0
CELE_Y105C5B.1380|21ur-13824,0,0
CELE_Y105C5B.961|21ur-10965,0,0
CELE_Y105C5B.137|21ur-4062,0,0
CELE_Y105C5B.1030|21ur-9412,0,0
CELE_Y105C5B.495|21ur-3851,0,0
CELE_Y105C5B.1367|21ur-12601,0,0
CELE_Y105C5B.771|21ur-8929,0,0
CELE_Y105C5B.708|21ur-6840,0,0
CELE_Y105C5B.118|21ur-4004,0,0
CELE_Y105C5B.877|21ur-11965,0,0
CELE_Y105C5B.1016|21ur-11899,0,0
CELE_Y105C5B.703|21ur-5822,0,0
CELE_Y105C5B.1278|21ur-6949,0,0
CELE_Y105C5B.57|21ur-4985,0,0
CELE_Y105C5B.141|21ur-3546,0,0
CELE_Y105C5B.1131|21ur-9393,0,0
CELE_Y105C5B.1401|21ur-9160,0,0
CELE_Y105C5B.457|21ur-4323,0,0
CELE_Y105C5B.778|21ur-10519,0,0
CELE_Y105C5B.1343|21ur-8820,0,0
CELE_Y105C5B.346|21ur-1998,0,0
CELE_Y105C5B.75|21ur-2945,0,0
CELE_Y105C5B.1299|21ur-13098,0,0
CELE_Y105C5B.268|21ur-1361,0,0
CELE_Y105C5B.100|21ur-2442,0,0
CELE_Y105C5B.120|21ur-2731,0,0
CELE_Y105C5B.763|21ur-6181,0,0
CELE_Y105C5B.1177|21ur-13660,0,0
CELE_Y105C5B.359|21ur-3050,0,0
CELE_Y105C5B.1272|21ur-9981,0,0
CELE_Y105C5B.846|21ur-12312,0,0
CELE_Y105C5B.983|21ur-12842,0,0
CELE_Y105C5B.326|21ur-2341,0,0
CELE_Y105C5B.721|21ur-9422,0,0
CELE_Y105C5B.1293|21ur-15427,0,0
CELE_Y105C5B.652|21ur-6087,0,0
CELE_Y105C5B.1093|21ur-11951,0,0
CELE_Y105C5B.142|21ur-182,0,0
CELE_Y105C5B.538|21ur-4050,0,0
CELE_Y105C5B.1323|21ur-10265,0,0
CELE_Y105C5B.553|21ur-3901,0,0
CELE_Y105C5B.1356|21ur-6618,0,0
CELE_Y105C5B.10|srv-16,0,0
CELE_Y105C5B.T1|Y105C5B.t1,0,0
CELE_Y105C5B.680|21ur-10803,0,0
CELE_Y105C5B.T3|Y105C5B.t3,0,0
CELE_Y105C5B.T2|Y105C5B.t2,0,0
CELE_Y105C5B.1184|21ur-10553,0,0
CELE_Y105C5B.1181|21ur-14143,0,0
CELE_Y105C5B.659|21ur-7618,0,0
CELE_Y105C5B.39|21ur-2876,0,0
CELE_Y105C5B.709|21ur-13840,0,0
CELE_Y105C5B.140|21ur-1836,0,0
CELE_Y105C5B.779|21ur-10673,0,0
CELE_Y105C5B.832|21ur-14262,0,0
CELE_Y105C5B.713|21ur-5812,0,0
CELE_Y105C5B.671|21ur-10287,0,0
CELE_Y105C5B.454|21ur-1144,0,0
CELE_Y105C5B.1289|21ur-11247,0,0
CELE_Y105C5B.977|21ur-8168,0,0
CELE_Y105C5B.653|21ur-8773,0,0
CELE_Y105C5B.775|21ur-7413,0,0
CELE_Y105C5B.1070|21ur-7821,0,0
CELE_Y105C5B.819|21ur-13758,0,0
CELE_Y105C5B.290|21ur-1218,0,0
CELE_Y105C5B.503|21ur-4023,0,0
CELE_Y105C5B.339|21ur-4872,0,0
CELE_Y105C5B.1388|21ur-12041,0,0
CELE_Y105C5B.670|21ur-9906,0,0
CELE_Y105C5B.557|21ur-4911,0,0
CELE_Y105C5B.639|21ur-12480,0,0
CELE_Y105C5B.1022|21ur-11909,0,0
CELE_Y105C5B.814|21ur-7283,0,0
CELE_Y105C5B.866|21ur-11087,0,0
CELE_Y105C5B.333|21ur-3743,0,0
CELE_Y105C5B.98|21ur-3635,0,1
CELE_Y105C5B.1403|21ur-11834,0,0
CELE_Y105C5B.661|21ur-9679,0,0
CELE_Y105C5B.580|21ur-353,0,0
CELE_Y105C5B.237|21ur-490,0,0
CELE_Y105C5B.88|21ur-2319,0,0
CELE_Y105C5B.849|21ur-8174,0,0
CELE_Y105C5B.476|21ur-3141,0,0
CELE_Y105C5B.600|21ur-4838,0,0
CELE_Y105C5B.933|21ur-15142,0,0
CELE_Y105C5B.556|21ur-792,0,0
CELE_Y105C5B.1337|21ur-6184,0,0
CELE_Y105C5B.944|21ur-14609,0,0
CELE_Y105C5B.660|21ur-11175,0,0
CELE_Y105C5B.738|21ur-10170,0,0
CELE_Y105C5B.32|21ur-3449,0,0
CELE_Y105C5B.573|21ur-721,0,0
CELE_Y105C5B.446|21ur-217,0,0
CELE_Y105C5B.148|21ur-1209,0,0
CELE_Y105C5B.234|21ur-1839,0,0
CELE_Y105C5B.979|21ur-6362,0,0
CELE_Y105C5B.221|21ur-1927,0,0
CELE_Y105C5B.269|21ur-5447,0,0
CELE_Y105C5B.729|21ur-11319,0,0
CELE_Y105C5B.1317|21ur-12396,0,0
CELE_Y105C5B.1407|21ur-10938,0,0
CELE_Y105C5B.1187|21ur-7294,0,0
CELE_Y105C5B.123|21ur-876,0,0
CELE_Y105C5B.1288|21ur-14018,0,0
CELE_Y105C5B.1250|21ur-11309,0,0
CELE_Y105C5B.1155|21ur-8582,0,0
CELE_Y105C5B.1370|21ur-13769,0,0
CELE_Y105C5B.354|21ur-117,0,0
CELE_Y105C5B.317|21ur-3975,0,0
CELE_Y105C5B.400|21ur-1643,0,0
CELE_Y105C5B.795|21ur-12921,0,0
CELE_Y105C5B.844|21ur-13924,0,0
CELE_Y105C5B.117|21ur-2030,0,0
CELE_Y105C5B.811|21ur-7291,0,0
CELE_Y105C5B.1396|21ur-6231,0,0
CELE_Y105C5B.1026|21ur-8640,0,0
CELE_Y105C5B.1223|21ur-11591,0,0
CELE_Y105C5B.477|21ur-2626,0,0
CELE_Y105C5B.376|21ur-1469,0,0
CELE_Y105C5B.442|21ur-4959,0,0
CELE_Y105C5B.760|21ur-7786,0,0
CELE_Y105C5B.302|21ur-2100,0,0
CELE_Y105C5B.562|21ur-3435,0,0
CELE_Y105C5B.901|21ur-15159,0,0
CELE_Y105C5B.937|21ur-6708,0,0
CELE_Y105C5B.93|21ur-692,0,0
CELE_Y105C5B.1160|21ur-15521,0,0
CELE_Y105C5B.835|21ur-15699,0,0
CELE_Y105C5B.905|21ur-15612,0,0
CELE_Y105C5B.211|21ur-1444,0,0
CELE_Y105C5B.873|21ur-5557,0,0
CELE_Y105C5B.1285|21ur-9186,0,0
CELE_Y105C5B.757|21ur-8179,0,0
CELE_Y105C5B.474|21ur-1636,0,0
CELE_Y105C5B.780|21ur-10318,0,0
CELE_Y105C5B.155|21ur-4398,0,0
CELE_Y105C5B.194|21ur-1905,0,0
CELE_Y105C5B.415|21ur-614,0,0
CELE_Y105C5B.734|21ur-15603,0,0
CELE_Y105C5B.500|21ur-3840,0,0
CELE_Y105C5B.891|21ur-10260,0,0
CELE_Y105C5B.892|21ur-6288,0,0
CELE_Y105C5B.37|21ur-2563,0,0
CELE_Y105C5B.280|21ur-3609,0,0
CELE_Y105C5B.672|21ur-11306,0,0
CELE_Y105C5B.1102|21ur-7939,0,0
CELE_Y105C5B.620|21ur-12723,0,0
CELE_Y105C5B.514|21ur-1567,0,0
CELE_Y105C5B.1233|21ur-14668,0,0
CELE_Y105C5B.177|21ur-5236,0,0
CELE_Y105C5B.1004|21ur-12839,0,0
CELE_Y105C5B.1189|21ur-5747,0,0
CELE_Y105C5B.482|21ur-2222,0,0
CELE_Y105C5B.876|21ur-13181,0,0
CELE_Y105C5B.372|21ur-5139,0,0
CELE_Y105C5B.347|21ur-3275,0,0
CELE_Y105C5B.309|21ur-4980,0,0
CELE_Y105C5B.797|21ur-7095,0,0
CELE_Y105C5B.1015|21ur-9400,0,0
CELE_Y105C5B.523|21ur-2491,0,0
CELE_Y105C5B.1149|21ur-11885,0,0
CELE_Y105C5B.609|21ur-3063,0,0
CELE_Y105C5B.1318|21ur-9385,0,0
CELE_Y105C5B.158|21ur-2703,0,0
CELE_Y105C5B.539|21ur-2605,0,0
CELE_Y105C5B.81|21ur-3570,0,0
CELE_Y105C5B.628|21ur-7480,0,0
CELE_Y105C5B.1041|21ur-6042,0,0
CELE_Y105C5B.596|21ur-5232,0,0
CELE_Y105C5B.1036|21ur-6445,0,0
CELE_Y105C5B.1408|21ur-13903,0,0
CELE_Y105C5B.56|21ur-2725,0,0
CELE_Y105C5B.881|21ur-15658,0,0
CELE_Y105C5B.651|21ur-11575,0,0
CELE_Y105C5B.1228|21ur-12238,0,0
CELE_Y105C5B.528|21ur-3093,0,0
CELE_Y105C5B.1205|21ur-14410,0,0
CELE_Y105C5B.373|21ur-4708,0,0
CELE_Y105C5B.912|21ur-7328,0,0
CELE_Y105C5B.1392|21ur-7975,0,0
CELE_Y105C5B.1286|21ur-13471,0,0
CELE_Y105C5B.114|21ur-4330,0,0
CELE_Y105C5B.1042|21ur-6651,0,0
CELE_Y105C5B.641|21ur-8660,0,0
CELE_Y105C5B.362|21ur-2072,0,0
CELE_Y105C5B.531|21ur-2443,0,0
CELE_Y105C5B.1113|21ur-11371,0,0
CELE_Y105C5B.878|21ur-7861,0,0
CELE_Y105C5B.164|21ur-4249,0,0
CELE_Y105C5B.917|21ur-12916,0,0
CELE_Y105C5B.80|21ur-1837,0,0
CELE_Y105C5B.1085|21ur-8497,0,0
CELE_Y105C5B.751|21ur-10828,0,0
CELE_Y105C5B.871|21ur-5531,0,0
CELE_Y105C5B.1279|21ur-11872,0,0
CELE_Y105C5B.916|21ur-8819,0,0
CELE_Y105C5B.150|21ur-4120,0,0
CELE_Y105C5B.949|21ur-13409,0,0
CELE_Y105C5B.252|21ur-445,0,0
CELE_Y105C5B.529|21ur-5305,0,0
CELE_Y105C5B.377|21ur-902,0,0
CELE_Y105C5B.324|21ur-4836,0,0
CELE_Y105C5B.323|21ur-288,0,0
CELE_Y105C5B.475|21ur-4992,0,0
CELE_Y105C5B.502|21ur-4668,0,0
CELE_Y105C5B.79|21ur-1696,0,0
CELE_Y105C5B.683|21ur-11216,0,0
CELE_Y105C5B.353|21ur-261,0,0
CELE_Y105C5B.1395|21ur-6913,0,0
CELE_Y105C5B.1025|21ur-6637,0,0
CELE_Y105C5B.206|21ur-1309,0,0
CELE_Y105C5B.297|21ur-4083,0,0
CELE_Y105C5B.957|21ur-8925,0,0
CELE_Y105C5B.673|21ur-9540,0,0
CELE_Y105C5B.555|21ur-528,0,0
CELE_Y105C5B.378|21ur-1290,0,0
CELE_Y105C5B.307|21ur-866,0,0
CELE_Y105C5B.726|21ur-10442,0,0
CELE_Y105C5B.247|21ur-560,0,0
CELE_Y105C5B.584|21ur-1720,0,0
CELE_Y105C5B.311|21ur-3645,0,0
CELE_Y105C5B.58|21ur-5274,0,0
CELE_Y105C5B.395|21ur-1868,0,0
CELE_Y105C5B.964|21ur-8779,0,0
CELE_Y105C5B.966|21ur-8781,0,0
CELE_Y105C5B.1147|21ur-11672,0,0
CELE_Y105C5B.1269|21ur-5881,0,0
CELE_Y105C5B.389|21ur-4247,0,0
CELE_Y105C5B.1111|21ur-10654,0,0
CELE_Y105C5B.848|21ur-9215,0,0
CELE_Y105C5B.116|21ur-5109,0,0
CELE_Y105C5B.87|21ur-3158,0,0
CELE_Y105C5B.1028|21ur-5575,0,0
CELE_Y105C5B.352|21ur-5020,0,0
CELE_Y105C5B.768|21ur-8536,0,0
CELE_Y105C5B.215|21ur-1237,0,0
CELE_Y105C5B.1280|21ur-13162,0,0
CELE_Y105C5B.274|21ur-545,0,0
CELE_Y105C5B.675|21ur-6098,0,0
CELE_Y105C5B.579|21ur-363,0,0
CELE_Y105C5B.470|21ur-4779,0,0
CELE_Y105C5B.686|21ur-8949,0,0
CELE_Y105C5B.999|21ur-8216,0,0
CELE_Y105C5B.1199|21ur-6308,0,0
CELE_Y105C5B.1376|21ur-10594,0,0
CELE_Y105C5B.980|21ur-9718,0,0
CELE_Y105C5B.1192|21ur-5520,0,0
CELE_Y105C5B.921|21ur-14347,0,0
CELE_Y105C5B.255|21ur-2569,0,0
CELE_Y105C5B.384|21ur-2573,0,0
CELE_Y105C5B.1251|21ur-7780,0,0
CELE_Y105C5B.318|21ur-4305,0,0
CELE_Y105C5B.1360|21ur-7619,0,0
CELE_Y105C5B.699|21ur-8777,0,0
CELE_Y105C5B.691|21ur-13025,0,0
CELE_Y105C5B.1140|21ur-6519,0,0
CELE_Y105C5B.1200|21ur-12128,0,0
CELE_Y105C5B.1391|21ur-15234,0,0
CELE_Y105C5B.1057|21ur-13837,0,0
CELE_Y105C5B.742|21ur-6369,0,0
CELE_Y105C5B.1178|21ur-6002,0,0
CELE_Y105C5B.1417|Y105C5B.1417,0,0
CELE_Y105C5B.1227|21ur-7887,0,0
CELE_Y105C5B.1119|21ur-8898,0,0
CELE_Y105C5B.865|21ur-5975,0,0
CELE_Y105C5B.78|21ur-5303,0,0
CELE_Y105C5B.507|21ur-3180,0,0
CELE_Y105C5B.337|21ur-2676,0,0
CELE_Y105C5B.469|21ur-2694,0,0
CELE_Y105C5B.1099|21ur-5772,0,0
CELE_Y105C5B.1230|21ur-6892,0,0
CELE_Y105C5B.687|21ur-8596,0,0
CELE_Y105C5B.281|21ur-61,0,0
CELE_Y105C5B.1265|21ur-10434,0,0
CELE_Y105C5B.1103|21ur-5641,0,0
CELE_Y105C5B.541|21ur-4843,0,0
CELE_Y105C5B.1282|21ur-7548,0,0
CELE_Y105C5B.154|21ur-3293,0,0
CELE_Y105C5B.909|21ur-11671,0,0
CELE_Y105C5B.496|21ur-1888,0,0
CELE_Y105C5B.1100|21ur-11864,0,0
CELE_Y105C5B.1352|21ur-6649,0,0
CELE_Y105C5B.1082|21ur-8147,0,0
CELE_Y105C5B.332|21ur-2438,0,0
CELE_Y105C5B.182|21ur-1767,0,0
CELE_Y105C5B.1044|21ur-5943,0,0
CELE_Y105C5B.749|21ur-9070,0,0
CELE_Y105C5B.887|21ur-12546,0,0
CELE_Y105C5B.581|21ur-3632,0,0
CELE_Y105C5B.1341|21ur-15208,0,0
CELE_Y105C5B.72|21ur-3478,0,0
CELE_Y105C5B.1024|21ur-10976,0,0
CELE_Y105C5B.253|21ur-1291,0,0
CELE_Y105C5B.316|21ur-484,0,0
CELE_Y105C5B.903|21ur-7032,0,0
CELE_Y105C5B.1402|21ur-6123,0,0
CELE_Y105C5B.613|21ur-13460,0,0
CELE_Y105C5B.1069|21ur-6619,0,0
CELE_Y105C5B.1260|21ur-6386,0,0
CELE_Y105C5B.1139|21ur-14545,0,0
CELE_Y105C5B.167|21ur-582,0,0
CELE_Y105C5B.806|21ur-9568,0,0
CELE_Y105C5B.862|21ur-9046,0,0
CELE_Y105C5B.997|21ur-11000,0,0
CELE_Y105C5B.747|21ur-7602,0,0
CELE_Y105C5B.1372|21ur-8276,0,0
CELE_Y105C5B.988|21ur-5504,0,0
CELE_Y105C5B.836|21ur-10502,0,0
CELE_Y105C5B.460|21ur-3634,0,0
CELE_Y105C5B.387|21ur-2505,0,0
CELE_Y105C5B.1137|21ur-14623,0,0
CELE_Y105C5B.149|21ur-2016,0,0
CELE_Y105C5B.571|21ur-3119,0,0
CELE_Y105C5B.65|21ur-5048,0,0
CELE_Y105C5B.360|21ur-4495,0,0
CELE_Y105C5B.76|21ur-505,0,0
CELE_Y105C5B.203|21ur-3699,0,0
CELE_Y105C5B.1383|21ur-15278,0,0
CELE_Y105C5B.823|21ur-9929,0,0
CELE_Y105C5B.1186|21ur-14247,0,0
CELE_Y105C5B.303|21ur-543,0,0
CELE_Y105C5B.451|21ur-111,0,0
CELE_Y105C5B.340|21ur-1437,0,0
CELE_Y105C5B.932|21ur-12063,0,0
CELE_Y105C5B.551|21ur-2305,0,0
CELE_Y105C5B.882|21ur-11782,0,0
CELE_Y105C5B.802|21ur-8938,0,0
CELE_Y105C5B.714|21ur-11952,0,0
CELE_Y105C5B.122|21ur-1976,0,0
CELE_Y105C5B.745|21ur-15126,0,0
CELE_Y105C5B.1316|21ur-12163,0,0
CELE_Y105C5B.1393|21ur-15696,0,0
CELE_Y105C5B.1294|21ur-7867,0,0
CELE_Y105C5B.945|21ur-13775,0,0
CELE_Y105C5B.837|21ur-6451,0,0
CELE_Y105C5B.695|21ur-13741,0,0
CELE_Y105C5B.53|21ur-3054,0,0
CELE_Y105C5B.851|21ur-13412,0,0
CELE_Y105C5B.1170|21ur-11810,0,0
CELE_Y105C5B.1357|21ur-11624,0,0
CELE_Y105C5B.920|21ur-8739,0,0
CELE_Y105C5B.240|21ur-3219,0,0
CELE_Y105C5B.1257|21ur-11203,0,0
CELE_Y105C5B.50|21ur-157,0,0
CELE_Y105C5B.367|21ur-4239,0,0
CELE_Y105C5B.330|21ur-848,0,0
CELE_Y105C5B.863|21ur-8310,0,0
CELE_Y105C5B.288|21ur-1010,0,0
CELE_Y105C5B.634|21ur-11233,0,0
CELE_Y105C5B.1072|21ur-6540,0,0
CELE_Y105C5B.940|21ur-11847,0,0
CELE_Y105C5B.225|21ur-2592,0,0
CELE_Y105C5B.630|21ur-11648,0,0
CELE_Y105C5B.1176|21ur-7157,0,0
CELE_Y105C5B.1031|21ur-14317,0,0
CELE_Y105C5B.910|21ur-9682,0,0
CELE_Y105C5B.952|21ur-12090,0,0
CELE_Y105C5B.662|21ur-8056,0,0
CELE_Y105C5B.645|21ur-9052,0,0
CELE_Y105C5B.1322|21ur-11545,0,0
CELE_Y105C5B.902|21ur-12604,0,0
CELE_Y105C5B.796|21ur-6387,0,0
CELE_Y105C5B.1075|21ur-13772,0,0
CELE_Y105C5B.929|21ur-7507,0,0
CELE_Y105C5B.1204|21ur-9470,0,0
CELE_Y105C5B.1217|21ur-5507,0,0
CELE_Y105C5B.618|21ur-9100,0,0
CELE_Y105C5B.432|21ur-3857,0,0
CELE_Y105C5B.144|21ur-3566,0,0
CELE_Y105C5B.1148|21ur-12820,0,0
CELE_Y105C5B.152|21ur-1447,0,0
CELE_Y105C5B.970|21ur-13943,0,0
CELE_Y105C5B.801|21ur-7535,0,0
CELE_Y105C5B.1151|21ur-13588,0,0
CELE_Y105C5B.762|21ur-10866,0,0
CELE_Y105C5B.1096|21ur-14971,0,0
CELE_Y105C5B.804|21ur-6332,0,0
CELE_Y105C5B.513|21ur-2952,0,0
CELE_Y105C5B.986|21ur-13127,0,0
CELE_Y105C5B.1359|21ur-14104,0,0
CELE_Y105C5B.176|21ur-698,0,0
CELE_Y105C5B.379|21ur-968,0,0
CELE_Y105C5B.803|21ur-11463,0,0
CELE_Y105C5B.561|21ur-1399,0,0
CELE_Y105C5B.1011|21ur-8320,0,0
CELE_Y105C5B.1126|21ur-13494,0,0
CELE_Y105C5B.284|21ur-3539,0,0
CELE_Y105C5B.627|21ur-12716,0,0
CELE_Y105C5B.1087|21ur-6430,0,0
CELE_Y105C5B.1115|21ur-5547,0,0
CELE_Y105C5B.246|21ur-3055,0,0
CELE_Y105C5B.456|21ur-1238,0,0
CELE_Y105C5B.23|Y105C5B.23,0,0
CELE_Y105C5B.718|21ur-12664,0,0
CELE_Y105C5B.1191|21ur-15528,0,0
CELE_Y105C5B.545|21ur-3766,0,0
CELE_Y105C5B.1220|21ur-13242,0,0
CELE_Y105C5B.417|21ur-91,0,0
CELE_Y105C5B.1094|21ur-7409,0,0
CELE_Y105C5B.1175|21ur-10876,0,0
CELE_Y105C5B.928|21ur-7334,0,0
CELE_Y105C5B.45|21ur-3409,0,0
CELE_Y105C5B.82|21ur-2391,0,0
CELE_Y105C5B.860|21ur-8057,0,0
CELE_Y105C5B.654|21ur-14174,0,0
CELE_Y105C5B.1120|21ur-5842,0,0
CELE_Y105C5B.746|21ur-12955,0,0
CELE_Y105C5B.1050|21ur-7816,0,0
CELE_Y105C5B.335|21ur-2737,0,0
CELE_Y105C5B.1382|21ur-5763,0,0
CELE_Y105C5B.1156|21ur-15637,0,0
CELE_Y105C5B.1351|21ur-8572,0,0
CELE_Y105C5B.283|21ur-238,0,0
CELE_Y105C5B.1219|21ur-10819,0,0
CELE_Y105C5B.33|21ur-194,0,0
CELE_Y105C5B.49|21ur-3619,0,0
CELE_Y105C5B.24|srg-63,0,0
CELE_Y105C5B.839|21ur-10198,0,0
CELE_Y105C5B.752|21ur-10152,0,0
CELE_Y105C5B.1283|21ur-7061,0,0
CELE_Y105C5B.606|21ur-5422,0,0
CELE_Y105C5B.1023|21ur-11895,0,0
CELE_Y105C5B.1180|21ur-6484,0,0
CELE_Y105C5B.1340|21ur-11863,0,0
CELE_Y105C5B.526|21ur-2845,0,0
CELE_Y105C5B.1206|21ur-10406,0,0
CELE_Y105C5B.1027|21ur-8926,0,0
CELE_Y105C5B.956|21ur-9426,0,0
CELE_Y105C5B.575|21ur-4259,0,0
CELE_Y105C5B.1248|21ur-8024,0,0
CELE_Y105C5B.1169|21ur-13149,0,0
CELE_Y105C5B.563|21ur-4449,0,0
CELE_Y105C5B.1207|21ur-7965,0,0
CELE_Y105C5B.599|21ur-2342,0,0
CELE_Y105C5B.106|21ur-2727,0,0
CELE_Y105C5B.1183|21ur-9726,0,0
CELE_Y105C5B.868|21ur-8364,0,0
CELE_Y105C5B.1344|21ur-14087,0,0
CELE_Y105C5B.115|21ur-2285,0,0
CELE_Y105C5B.756|21ur-14636,0,0
CELE_Y105C5B.244|21ur-1378,0,0
CELE_Y105C5B.208|21ur-2622,0,0
CELE_Y105C5B.1302|21ur-6988,0,0
CELE_Y105C5B.1350|21ur-14800,0,0
CELE_Y105C5B.855|21ur-9168,0,0
CELE_Y105C5B.463|21ur-5201,0,0
CELE_Y105C5B.1201|21ur-6839,0,0
CELE_Y105C5B.260|21ur-1311,0,0
CELE_Y105C5B.96|21ur-4581,0,0
CELE_Y105C5B.1006|21ur-15460,0,0
CELE_Y105C5B.480|21ur-1561,0,0
CELE_Y105C5B.870|21ur-7275,0,0
CELE_Y105C5B.1273|21ur-8685,0,0
CELE_Y105C5B.833|21ur-12626,0,0
CELE_Y105C5B.341|21ur-1595,0,0
CELE_Y105C5B.1216|21ur-6821,0,0
CELE_Y105C5B.614|21ur-14049,0,0
CELE_Y105C5B.595|21ur-450,0,0
CELE_Y105C5B.950|21ur-12613,0,0
CELE_Y105C5B.375|21ur-5410,0,0
CELE_Y105C5B.676|21ur-6041,0,0
CELE_Y105C5B.1330|21ur-15114,0,0
CELE_Y105C5B.257|21ur-621,0,0
CELE_Y105C5B.948|21ur-6230,0,0
CELE_Y105C5B.1328|21ur-13715,0,0
CELE_Y105C5B.918|21ur-6970,0,0
CELE_Y105C5B.1143|21ur-7277,0,0
CELE_Y105C5B.666|21ur-10844,0,0
CELE_Y105C5B.550|21ur-1669,0,0
CELE_Y105C5B.552|21ur-658,0,0
CELE_Y105C5B.976|21ur-12395,0,0
CELE_Y105C5B.700|21ur-12201,0,0
CELE_Y105C5B.1001|21ur-11487,0,0
CELE_Y105C5B.266|21ur-195,0,0
CELE_Y105C5B.1358|21ur-13529,0,0
CELE_Y105C5B.761|21ur-6296,0,0
CELE_Y105C5B.790|21ur-6186,0,0
CELE_Y105C5B.473|21ur-815,0,0
CELE_Y105C5B.750|21ur-9542,0,0
CELE_Y105C5B.1270|21ur-7733,0,0
CELE_Y105C5B.394|21ur-2122,0,0
CELE_Y105C5B.163|21ur-3941,0,0
CELE_Y105C5B.406|21ur-2600,0,0
CELE_Y105C5B.533|21ur-3403,0,0
CELE_Y105C5B.685|21ur-7104,0,0
CELE_Y105C5B.853|21ur-14458,0,0
CELE_Y105C5B.196|21ur-4801,0,0
CELE_Y105C5B.44|21ur-2281,0,0
CELE_Y105C5B.425|21ur-221,0,0
CELE_Y105C5B.315|21ur-2488,0,0
CELE_Y105C5B.786|21ur-8968,0,0
CELE_Y105C5B.776|21ur-6937,0,0
CELE_Y105C5B.483|21ur-1862,0,0
CELE_Y105C5B.1335|21ur-10475,0,0
CELE_Y105C5B.722|21ur-10770,0,0
CELE_Y105C5B.204|21ur-5212,0,0
CELE_Y105C5B.1000|21ur-9287,0,0
CELE_Y105C5B.243|21ur-1738,0,0
CELE_Y105C5B.1202|21ur-9045,0,0
CELE_Y105C5B.766|21ur-7193,0,0
CELE_Y105C5B.464|21ur-1821,0,0
CELE_Y105C5B.648|21ur-10960,0,0
CELE_Y105C5B.445|21ur-1300,0,0
CELE_Y105C5B.355|21ur-290,0,0
CELE_Y105C5B.621|21ur-7805,0,0
CELE_Y105C5B.534|21ur-1889,0,0
CELE_Y105C5B.744|21ur-9361,0,0
CELE_Y105C5B.238|21ur-2969,0,0
CELE_Y105C5B.1295|21ur-14430,0,0
CELE_Y105C5B.632|21ur-6811,0,0
CELE_Y105C5B.1012|21ur-9284,0,0
CELE_Y105C5B.1141|21ur-11595,0,0
CELE_Y105C5B.1142|21ur-12655,0,0
CELE_Y105C5B.214|21ur-3652,0,0
CELE_Y105C5B.436|21ur-345,0,0
CELE_Y105C5B.1095|21ur-11981,0,0
CELE_Y105C5B.1209|21ur-6361,0,0
CELE_Y105C5B.1297|21ur-10066,0,0
CELE_Y105C5B.1252|21ur-10902,0,0
CELE_Y105C5B.189|21ur-1118,0,0
CELE_Y105C5B.1381|21ur-9545,0,0
CELE_Y105C5B.711|21ur-8659,0,0
CELE_Y105C5B.273|21ur-2602,0,0
CELE_Y105C5B.536|21ur-3200,0,0
CELE_Y105C5B.880|21ur-12527,0,0
CELE_Y105C5B.807|21ur-7500,0,0
CELE_Y105C5B.95|21ur-3516,0,0
CELE_Y105C5B.1247|21ur-8394,0,0
CELE_Y105C5B.754|21ur-9072,0,0
CELE_Y105C5B.138|21ur-5299,0,0
CELE_Y105C5B.546|21ur-3669,0,0
CELE_Y105C5B.265|21ur-5093,0,0
CELE_Y105C5B.1174|21ur-8434,0,0
CELE_Y105C5B.68|21ur-584,0,0
CELE_Y105C5B.872|21ur-8395,0,0
CELE_Y105C5B.583|21ur-1587,0,0
CELE_Y105C5B.1136|21ur-6711,0,0
CELE_Y105C5B.985|21ur-14290,0,0
CELE_Y105C5B.84|21ur-3327,0,0
CELE_Y105C5B.493|21ur-5137,0,0
CELE_Y105C5B.1104|21ur-11832,0,0
CELE_Y105C5B.1074|21ur-15155,0,0
CELE_Y105C5B.984|21ur-12674,0,0
CELE_Y105C5B.231|21ur-4053,0,0
CELE_Y105C5B.1144|21ur-9343,0,0
CELE_Y105C5B.42|21ur-3453,0,0
CELE_Y105C5B.1124|21ur-14282,0,0
CELE_Y105C5B.405|21ur-2863,0,0
CELE_Y105C5B.499|21ur-4499,0,0
CELE_Y105C5B.895|21ur-7581,0,0
CELE_Y105C5B.791|21ur-12653,0,0
CELE_Y105C5B.30|Y105C5B.30,0,0
CELE_Y105C5B.1349|21ur-12673,0,0
CELE_Y105C5B.1290|21ur-15399,0,0
CELE_Y105C5B.104|21ur-3997,0,0
CELE_Y105C5B.54|21ur-1895,0,0
CELE_Y105C5B.784|21ur-15458,0,0
CELE_Y105C5B.166|21ur-1689,0,0
CELE_Y105C5B.894|21ur-7073,0,0
CELE_Y105C5B.735|21ur-12520,0,0
CELE_Y105C5B.1374|21ur-11555,0,0
CELE_Y105C5B.487|21ur-4747,0,0
CELE_Y105C5B.408|21ur-2029,0,0
CELE_Y105C5B.585|21ur-1709,0,0
CELE_Y105C5B.126|21ur-1726,0,0
CELE_Y105C5B.635|21ur-13998,0,0
CELE_Y105C5B.202|21ur-1742,0,0
CELE_Y105C5B.748|21ur-6467,0,0
CELE_Y105C5B.987|21ur-9279,0,0
CELE_Y105C5B.1211|21ur-15177,0,0
CELE_Y105C5B.831|21ur-8008,0,0
CELE_Y105C5B.992|21ur-13118,0,0
CELE_Y105C5B.364|21ur-3776,0,0
CELE_Y105C5B.914|21ur-9314,0,0
CELE_Y105C5B.1336|21ur-8459,0,0
CELE_Y105C5B.1310|21ur-11806,0,0
CELE_Y105C5B.558|21ur-295,0,0
CELE_Y105C5B.946|21ur-11763,0,0
CELE_Y105C5B.667|21ur-6640,0,0
CELE_Y105C5B.161|21ur-423,0,0
CELE_Y105C5B.153|21ur-5271,0,0
CELE_Y105C5B.369|21ur-589,0,0
CELE_Y105C5B.1055|21ur-7365,0,0
CELE_Y105C5B.1308|21ur-8148,0,0
CELE_Y105C5B.276|21ur-226,0,0
CELE_Y105C5B.287|21ur-304,0,0
CELE_Y105C5B.133|21ur-4610,0,0
CELE_Y105C5B.924|21ur-6276,0,0
CELE_Y105C5B.955|21ur-15411,0,0
CELE_Y105C5B.755|21ur-12111,0,0
CELE_Y105C5B.1400|21ur-11470,0,0
CELE_Y105C5B.220|21ur-4726,0,0
CELE_Y105C5B.724|21ur-10160,0,0
CELE_Y105C5B.1077|21ur-15489,0,0
CELE_Y105C5B.223|21ur-1911,0,0
CELE_Y105C5B.942|21ur-14117,0,0
CELE_Y105C5B.707|21ur-10671,0,0
CELE_Y105C5B.348|21ur-4207,0,0
CELE_Y105C5B.236|21ur-1470,0,0
CELE_Y105C5B.788|21ur-11108,0,0
CELE_Y105C5B.47|21ur-3053,0,0
CELE_Y105C5B.1261|21ur-9416,0,0
CELE_Y105C5B.285|21ur-4734,0,0
CELE_Y105C5B.73|21ur-2362,0,0
CELE_Y105C5B.111|21ur-4857,0,0
CELE_Y105C5B.488|21ur-431,0,0
CELE_Y105C5B.83|21ur-4653,0,0
CELE_Y105C5B.908|21ur-9468,0,0
CELE_Y105C5B.36|21ur-2000,0,0
CELE_Y105C5B.289|21ur-2558,0,0
CELE_Y105C5B.731|21ur-11272,0,0
CELE_Y105C5B.1353|21ur-11061,0,0
CELE_Y105C5B.1190|21ur-7650,0,0
CELE_Y105C5B.1123|21ur-6353,0,0
CELE_Y105C5B.1368|21ur-6151,0,0
CELE_Y105C5B.230|21ur-772,0,0
CELE_Y105C5B.112|21ur-3397,0,0
CELE_Y105C5B.850|21ur-7713,0,0
CELE_Y105C5B.99|21ur-610,0,0
CELE_Y105C5B.139|21ur-5397,0,0
CELE_Y105C5B.769|21ur-6622,0,0
CELE_Y105C5B.264|21ur-4737,0,0
CELE_Y105C5B.1172|21ur-13727,0,0
CELE_Y105C5B.954|21ur-7209,0,0
CELE_Y105C5B.696|21ur-8186,0,0
CELE_Y105C5B.388|21ur-1498,0,0
CELE_Y105C5B.328|21ur-3036,0,0
CELE_Y105C5B.813|21ur-9069,0,0
CELE_Y105C5B.982|21ur-8100,0,0
CELE_Y105C5B.1303|21ur-9347,0,0
CELE_Y105C5B.416|21ur-3945,0,0
CELE_Y105C5B.907|21ur-10834,0,0
CELE_Y105C5B.169|21ur-1462,0,0
CELE_Y105C5B.219|21ur-2246,0,0
CELE_Y105C5B.1404|21ur-7668,0,0
CELE_Y105C5B.345|21ur-2057,0,0
CELE_Y105C5B.658|21ur-15568,0,0
CELE_Y105C5B.254|21ur-1463,0,0
CELE_Y105C5B.1225|21ur-12763,0,0
CELE_Y105C5B.994|21ur-8915,0,1
CELE_Y105C5B.1046|21ur-13605,0,0
CELE_Y105C5B.433|21ur-4585,0,0
CELE_Y105C5B.1291|21ur-5954,0,0
CELE_Y105C5B.1145|21ur-12175,0,0
CELE_Y105C5B.883|21ur-13912,0,0
CELE_Y105C5B.861|21ur-11533,0,0
CELE_Y105C5B.420|21ur-1809,0,0
CELE_Y105C5B.1378|21ur-12550,0,0
CELE_Y105C5B.233|21ur-948,0,0
CELE_Y105C5B.993|21ur-13844,0,0
CELE_Y105C5B.393|21ur-2867,0,0
CELE_Y105C5B.1375|21ur-9317,0,0
CELE_Y105C5B.391|21ur-3385,0,0
CELE_Y105C5B.978|21ur-13433,0,0
CELE_Y105C5B.92|21ur-3271,0,0
CELE_Y105C5B.1066|21ur-11452,0,0
CELE_Y105C5B.1208|21ur-11444,0,0
CELE_Y105C5B.336|21ur-1950,0,0
CELE_Y105C5B.732|21ur-10254,0,0
CELE_Y105C5B.515|21ur-4532,0,0
CELE_Y105C5B.1197|21ur-6492,0,0
CELE_Y105C5B.953|21ur-13071,0,0
CELE_Y105C5B.607|21ur-1215,0,0
CELE_Y105C5B.168|21ur-821,0,0
CELE_Y105C5B.612|21ur-10772,0,0
CELE_Y105C5B.939|21ur-9739,0,0
CELE_Y105C5B.1281|21ur-9725,0,0
CELE_Y105C5B.185|21ur-2714,0,0
CELE_Y105C5B.817|21ur-6914,0,0
CELE_Y105C5B.586|21ur-379,0,0
CELE_Y105C5B.601|21ur-2201,0,0
CELE_Y105C5B.1305|21ur-8533,0,0
CELE_Y105C5B.543|21ur-2170,0,0
CELE_Y105C5B.1054|21ur-8121,0,0
CELE_Y105C5B.773|21ur-6744,0,0
CELE_Y105C5B.989|21ur-12707,0,0
CELE_Y105C5B.201|21ur-312,0,0
CELE_Y105C5B.399|21ur-4663,0,0
CELE_Y105C5B.578|21ur-3803,0,0
CELE_Y105C5B.344|21ur-4990,0,0
CELE_Y105C5B.119|21ur-701,0,0
CELE_Y105C5B.938|21ur-13566,0,0
CELE_Y105C5B.644|21ur-6992,0,0
CELE_Y105C5B.1412|21ur-13085,0,0
CELE_Y105C5B.684|21ur-8136,0,0
CELE_Y105C5B.363|21ur-3614,0,0
CELE_Y105C5B.737|21ur-10888,0,0
CELE_Y105C5B.1135|21ur-6286,0,0
CELE_Y105C5B.697|21ur-12797,0,0
CELE_Y105C5B.582|21ur-446,0,0
CELE_Y105C5B.186|21ur-4670,0,0
CELE_Y105C5B.572|21ur-1501,0,0
CELE_Y105C5B.428|21ur-4962,0,0
CELE_Y105C5B.1243|21ur-11054,0,0
CELE_Y105C5B.542|21ur-2904,0,0
CELE_Y105C5B.650|21ur-10336,0,0
CELE_Y105C5B.1292|21ur-8636,0,0
CELE_Y105C5B.1242|21ur-9096,0,0
CELE_Y105C5B.598|21ur-2523,0,0
CELE_Y105C5B.998|21ur-15657,0,0
CELE_Y105C5B.286|21ur-1942,0,0
CELE_Y105C5B.593|21ur-4140,0,0
CELE_Y105C5B.455|21ur-1074,0,0
CELE_Y105C5B.1311|21ur-13488,0,0
CELE_Y105C5B.854|21ur-10913,0,0
CELE_Y105C5B.574|21ur-3695,0,0
CELE_Y105C5B.967|21ur-6152,0,0
CELE_Y105C5B.1266|21ur-6569,0,1
CELE_Y105C5B.498|21ur-5369,0,0
CELE_Y105C5B.1234|21ur-12616,0,0
CELE_Y105C5B.592|21ur-2574,0,0
CELE_Y105C5B.170|21ur-5178,0,0
CELE_Y105C5B.147|21ur-964,0,0
CELE_Y105C5B.437|21ur-1116,0,0
CELE_Y105C5B.1306|21ur-6924,0,0
CELE_Y105C5B.815|21ur-6498,0,0
CELE_Y105C5B.471|21ur-1979,0,0
CELE_Y105C5B.1171|21ur-7015,0,0
CELE_Y105C5B.511|21ur-1083,0,0
CELE_Y105C5B.1333|21ur-9590,0,0
CELE_Y105C5B.1366|21ur-8117,0,0
CELE_Y105C5B.261|21ur-2280,0,0
CELE_Y105C5B.519|21ur-2283,0,0
CELE_Y105C5B.486|21ur-1952,0,0
CELE_Y105C5B.898|21ur-10646,0,0
CELE_Y105C5B.143|21ur-4261,0,0
CELE_Y105C5B.501|21ur-3083,0,0
CELE_Y105C5B.856|21ur-7354,0,0
CELE_Y105C5B.250|21ur-2503,0,0
CELE_Y105C5B.338|21ur-2218,0,0
CELE_Y105C5B.698|21ur-13571,0,0
CELE_Y105C5B.310|21ur-2452,0,0
CELE_Y105C5B.1307|21ur-14293,0,0
CELE_Y105C5B.192|21ur-5401,0,0
CELE_Y105C5B.180|21ur-908,0,0
CELE_Y105C5B.207|21ur-2284,0,0
CELE_Y105C5B.991|21ur-5857,0,0
CELE_Y105C5B.1071|21ur-7475,0,0
CELE_Y105C5B.1259|21ur-6644,0,0
CELE_Y105C5B.61|21ur-3246,0,0
CELE_Y105C5B.900|21ur-5730,0,0
CELE_Y105C5B.370|21ur-3518,0,0
CELE_Y105C5B.1267|21ur-10604,0,0
CELE_Y105C5B.1047|21ur-10918,0,0
CELE_Y105C5B.1101|21ur-7852,0,0
CELE_Y105C5B.64|21ur-2812,0,0
CELE_Y105C5B.1369|21ur-12806,0,0
CELE_Y105C5B.327|21ur-4745,0,0
CELE_Y105C5B.610|21ur-5288,0,0
CELE_Y105C5B.712|21ur-15520,0,0
CELE_Y105C5B.361|21ur-923,0,0
CELE_Y105C5B.518|21ur-1708,0,0
CELE_Y105C5B.1078|21ur-12196,0,0
CELE_Y105C5B.404|21ur-1269,0,0
CELE_Y105C5B.472|21ur-4097,0,0
CELE_Y105C5B.554|21ur-3948,0,0
CELE_Y105C5B.485|21ur-3213,0,0
CELE_Y105C5B.576|21ur-3082,0,0
CELE_Y105C5B.305|21ur-644,0,0
CELE_Y105C5B.229|21ur-5396,0,0
CELE_Y105C5B.857|21ur-6822,0,0
CELE_Y105C5B.59|21ur-5172,0,0
CELE_Y105C5B.674|21ur-14452,0,0
CELE_Y105C5B.1215|21ur-5624,0,0
CELE_Y105C5B.60|21ur-5194,0,0
CELE_Y105C5B.224|21ur-4390,0,0
CELE_Y105C5B.840|21ur-13849,0,0
CELE_Y105C5B.1397|21ur-8994,0,0
CELE_Y105C5B.1161|21ur-6557,0,0
CELE_Y105C5B.723|21ur-13497,0,0
CELE_Y105C5B.588|21ur-1685,0,0
CELE_Y105C5B.173|21ur-3816,0,0
CELE_Y105C5B.1091|21ur-15619,0,0
CELE_Y105C5B.624|21ur-5829,0,0
CELE_Y105C5B.1284|21ur-8007,0,0
CELE_Y105C5B.1003|21ur-12390,0,0
CELE_Y105C5B.249|21ur-4275,0,0
CELE_Y105C5B.1154|21ur-9269,0,0
CELE_Y105C5B.1342|21ur-11281,0,0
CELE_Y105C5B.1271|21ur-11731,0,0
CELE_Y105C5B.301|21ur-1724,0,0
CELE_Y105C5B.710|21ur-10088,0,0
CELE_Y105C5B.1314|21ur-7440,0,0
CELE_Y105C5B.448|21ur-1322,0,0
CELE_Y105C5B.462|21ur-4810,0,0
CELE_Y105C5B.770|21ur-11164,0,0
CELE_Y105C5B.1076|21ur-7636,0,0
CELE_Y105C5B.958|21ur-7922,0,0
CELE_Y105C5B.418|21ur-3276,0,0
CELE_Y105C5B.636|21ur-7456,0,0
CELE_Y105C5B.521|21ur-5241,0,0
CELE_Y105C5B.971|21ur-14326,0,0
CELE_Y105C5B.884|21ur-10746,0,0
CELE_Y105C5B.820|21ur-12092,0,0
CELE_Y105C5B.397|21ur-4909,0,0
CELE_Y105C5B.1420|Y105C5B.1420,0,0
CELE_Y105C5B.829|21ur-11334,0,0
CELE_Y105C5B.479|21ur-3680,0,0
CELE_Y105C5B.396|21ur-810,0,0
CELE_Y105C5B.616|21ur-7800,0,0
CELE_Y105C5B.374|21ur-5121,0,0
CELE_Y105C5B.414|21ur-4273,0,0
CELE_Y105C5B.35|21ur-3399,0,0
CELE_Y105C5B.381|21ur-2537,0,0
CELE_Y105C5B.241|21ur-4336,0,0
CELE_Y105C5B.567|21ur-2643,0,0
CELE_Y105C5B.179|21ur-153,0,0
CELE_Y105C5B.842|21ur-8985,0,0
CELE_Y105C5B.1017|21ur-9211,0,0
CELE_Y105C5B.843|21ur-12309,0,0
CELE_Y105C5B.365|21ur-1849,0,0
CELE_Y105C5B.1309|21ur-7274,0,0
CELE_Y105C5B.66|21ur-4126,0,0
CELE_Y105C5B.1254|21ur-11033,0,0
CELE_Y105C5B.135|21ur-680,0,0
CELE_Y105C5B.1033|21ur-7885,0,0
CELE_Y105C5B.739|21ur-11501,0,0
CELE_Y105C5B.1014|21ur-11330,0,0
CELE_Y105C5B.1058|21ur-9833,0,0
CELE_Y105C5B.847|21ur-9535,0,0
CELE_Y105C5B.452|21ur-3705,0,0
CELE_Y105C5B.1038|21ur-11635,0,0
CELE_Y105C5B.1390|21ur-10831,0,0
CELE_Y105C5B.282|21ur-497,0,0
CELE_Y105C5B.366|21ur-624,0,0
CELE_Y105C5B.1298|21ur-10714,0,0
CELE_Y105C5B.565|21ur-2886,0,0
CELE_Y105C5B.232|21ur-1589,0,0
CELE_Y105C5B.304|21ur-1398,0,0
CELE_Y105C5B.107|21ur-2814,0,0
CELE_Y105C5B.943|21ur-14607,0,0
CELE_Y105C5B.401|21ur-3677,0,0
CELE_Y105C5B.193|21ur-2369,0,0
CELE_Y105C5B.449|21ur-1041,0,0
CELE_Y105C5B.1214|21ur-6997,0,0
CELE_Y105C5B.1018|21ur-8590,0,0
CELE_Y105C5B.824|21ur-12666,0,0
CELE_Y105C5B.1238|21ur-15461,0,0
CELE_Y105C5B.319|21ur-501,0,0
CELE_Y105C5B.1373|21ur-15154,0,0
CELE_Y105C5B.392|21ur-5044,0,0
CELE_Y105C5B.736|21ur-13698,0,0
CELE_Y105C5B.1020|21ur-9604,0,0
CELE_Y105C5B.1325|21ur-9427,0,0
CELE_Y105C5B.974|21ur-15490,0,0
CELE_Y105C5B.343|21ur-4071,0,0
CELE_Y105C5B.300|21ur-2247,0,0
CELE_Y105C5B.852|21ur-15256,0,0
CELE_Y105C5B.188|21ur-1937,0,0
CELE_Y105C5B.102|21ur-1079,0,0
CELE_Y105C5B.218|21ur-5309,0,0
CELE_Y105C5B.1105|21ur-12660,0,0
CELE_Y105C5B.1164|21ur-14460,0,0
CELE_Y105C5B.1222|21ur-8089,0,0
CELE_Y105C5B.560|21ur-3499,0,0
CELE_Y105C5B.962|21ur-10139,0,0
CELE_Y105C5B.968|21ur-11340,0,0
CELE_Y105C5B.198|21ur-5156,0,0
CELE_Y105C5B.350|21ur-1625,0,0
CELE_Y105C5B.424|21ur-1758,0,0
CELE_Y105C5B.532|21ur-2221,0,0
CELE_Y105C5B.398|21ur-704,0,0
CELE_Y105C5B.109|21ur-673,0,0
CELE_Y105C5B.334|21ur-4102,0,0
CELE_Y105C5B.484|21ur-2485,0,0
CELE_Y105C5B.896|21ur-10901,0,0
CELE_Y105C5B.146|21ur-3369,0,0
CELE_Y105C5B.1244|21ur-14482,0,0
CELE_Y105C5B.227|21ur-4440,0,0
CELE_Y105C5B.156|21ur-189,0,0
CELE_Y105C5B.434|21ur-2540,0,0
CELE_Y105C5B.1338|21ur-8093,0,0
CELE_Y105C5B.331|21ur-3132,0,0
CELE_Y105C5B.1221|21ur-15522,0,0
CELE_Y105C5B.371|21ur-2462,0,0
CELE_Y105C5B.728|21ur-8297,0,0
CELE_Y105C5B.296|21ur-2771,0,0
CELE_Y105C5B.410|21ur-4612,0,0
CELE_Y105C5B.963|21ur-13200,0,0
CELE_Y105C5B.625|21ur-12855,0,0
CELE_Y105C5B.1389|21ur-7757,0,0
CELE_Y105C5B.67|21ur-1441,0,0
CELE_Y105C5B.212|21ur-2967,0,0
CELE_Y105C5B.1088|21ur-14212,0,0
CELE_Y105C5B.1385|21ur-7561,0,0
CELE_Y105C5B.1249|21ur-9111,0,0
CELE_Y105C5B.617|21ur-8247,0,0
CELE_Y105C5B.103|21ur-2530,0,0
CELE_Y105C5B.1122|21ur-14512,0,0
CELE_Y7A9A.78|21ur-8125,0,0
CELE_Y7A9A.45|21ur-8280,0,0
CELE_Y7A9A.73|21ur-6446,0,0
CELE_Y7A9A.51|21ur-11502,0,0
CELE_Y7A9A.11|21ur-4383,0,0
CELE_Y7A9A.26|21ur-1137,0,0
CELE_Y7A9A.53|21ur-7245,0,0
CELE_Y7A9A.72|21ur-5513,0,0
CELE_Y7A9A.29|21ur-10022,0,0
CELE_Y7A9A.24|21ur-1773,0,0
CELE_Y7A9A.23|21ur-3222,0,0
CELE_Y7A9A.46|21ur-7547,0,0
CELE_Y7A9A.47|21ur-6761,0,0
CELE_Y7A9A.52|21ur-8760,0,0
CELE_Y7A9A.36|21ur-6974,0,0
CELE_Y7A9A.12|21ur-3711,0,0
CELE_Y7A9A.17|21ur-1343,0,0
CELE_Y7A9A.62|21ur-5990,0,0
CELE_Y7A9A.58|21ur-15134,0,0
CELE_Y7A9A.63|21ur-12691,0,0
CELE_Y7A9A.50|21ur-12630,0,0
CELE_Y7A9A.42|21ur-15316,0,0
CELE_Y7A9A.18|21ur-595,0,0
CELE_Y7A9A.56|21ur-10118,0,0
CELE_Y7A9A.21|21ur-1394,0,0
CELE_Y7A9A.41|21ur-11093,0,0
CELE_Y7A9A.75|21ur-11425,0,0
CELE_Y7A9A.44|21ur-11749,0,0
CELE_Y7A9A.10|21ur-3348,0,0
CELE_Y7A9A.27|21ur-10162,0,0
CELE_Y7A9A.71|21ur-10730,0,0
CELE_Y7A9A.66|21ur-6885,0,0
CELE_Y7A9A.49|21ur-6021,0,0
CELE_Y7A9A.13|21ur-2566,0,0
CELE_Y7A9A.39|21ur-12598,0,0
CELE_Y7A9A.48|21ur-11616,0,0
CELE_Y7A9A.77|21ur-12338,0,0
CELE_Y7A9A.7|21ur-1919,0,0
CELE_Y7A9A.22|21ur-5371,0,0
CELE_Y7A9A.57|21ur-11032,0,0
CELE_Y7A9A.67|21ur-8018,0,0
CELE_Y7A9A.74|21ur-7302,0,0
CELE_Y7A9A.14|21ur-2210,0,0
CELE_Y7A9A.31|21ur-9020,0,0
CELE_Y7A9A.25|21ur-3033,0,0
CELE_Y7A9A.28|21ur-13551,0,0
CELE_Y7A9A.69|21ur-13855,0,0
CELE_Y7A9A.8|21ur-1751,0,0
CELE_Y7A9A.61|21ur-13711,0,0
CELE_Y7A9A.9|21ur-4209,0,0
CELE_Y7A9A.15|21ur-1945,0,0
CELE_Y7A9A.76|21ur-12406,0,0
CELE_Y7A9A.68|21ur-14835,0,0
CELE_Y7A9A.38|21ur-7972,0,0
CELE_H25K10.18|21ur-4591,0,0
CELE_H25K10.61|21ur-6378,0,0
CELE_H25K10.100|21ur-10619,0,0
CELE_H25K10.72|21ur-15237,0,0
CELE_H25K10.79|21ur-14619,0,0
CELE_H25K10.14|21ur-597,0,0
CELE_H25K10.47|21ur-5379,0,0
CELE_H25K10.35|21ur-996,0,0
CELE_H25K10.91|21ur-6199,0,0
CELE_H25K10.13|21ur-1120,0,0
CELE_H25K10.126|21ur-14442,0,0
CELE_H25K10.21|21ur-3537,0,0
CELE_H25K10.78|21ur-12451,0,0
CELE_H25K10.30|21ur-5143,0,0
CELE_H25K10.77|21ur-7112,0,0
CELE_H25K10.99|21ur-8751,0,0
CELE_H25K10.134|21ur-11600,0,0
CELE_H25K10.89|21ur-7654,0,0
CELE_H25K10.16|21ur-4193,0,0
CELE_H25K10.39|21ur-1771,0,0
CELE_H25K10.93|21ur-11693,0,0
CELE_H25K10.115|21ur-9920,0,0
CELE_H25K10.94|21ur-13315,0,0
CELE_H25K10.27|21ur-2699,0,0
CELE_H25K10.116|21ur-12656,0,0
CELE_H25K10.53|21ur-3505,0,0
CELE_H25K10.63|21ur-13179,0,0
CELE_H25K10.117|21ur-7777,0,0
CELE_H25K10.82|21ur-13821,0,0
CELE_H25K10.44|21ur-650,0,0
CELE_H25K10.84|21ur-10344,0,0
CELE_H25K10.132|21ur-6879,0,0
CELE_H25K10.107|21ur-9377,0,0
CELE_H25K10.10|21ur-1628,0,0
CELE_H25K10.119|21ur-10072,0,0
CELE_H25K10.19|21ur-999,0,0
CELE_H25K10.57|21ur-4218,0,0
CELE_H25K10.56|21ur-748,0,0
CELE_H25K10.62|21ur-6991,0,0
CELE_H25K10.142|mir-8198,0,0
CELE_H25K10.34|21ur-5348,0,0
CELE_H25K10.37|21ur-5102,0,0
CELE_H25K10.69|21ur-7526,0,0
CELE_H25K10.54|21ur-1306,0,0
CELE_H25K10.137|21ur-13010,0,0
CELE_H25K10.24|21ur-3282,0,0
CELE_H25K10.139|21ur-7028,0,0
CELE_H25K10.113|21ur-10566,0,0
CELE_H25K10.55|21ur-282,0,0
CELE_H25K10.96|21ur-6047,0,0
CELE_H25K10.108|21ur-11027,0,0
CELE_H25K10.51|21ur-3889,0,0
CELE_H25K10.124|21ur-14422,0,0
CELE_H25K10.112|21ur-9292,0,0
CELE_H25K10.28|21ur-3724,0,0
CELE_H25K10.22|21ur-382,0,0
CELE_H25K10.97|21ur-8794,0,0
CELE_H25K10.42|21ur-2791,0,0
CELE_H25K10.85|21ur-8707,0,0
CELE_H25K10.74|21ur-8520,0,0
CELE_H25K10.70|21ur-8621,0,0
CELE_H25K10.102|21ur-12403,0,0
CELE_H25K10.65|21ur-8619,0,0
CELE_H25K10.80|21ur-10698,0,0
CELE_H25K10.50|21ur-3555,0,0
CELE_H25K10.114|21ur-6867,0,0
CELE_H25K10.138|21ur-15429,0,0
CELE_H25K10.88|21ur-9291,0,0
CELE_H25K10.90|21ur-14205,0,0
CELE_H25K10.49|21ur-1429,0,0
CELE_H25K10.87|21ur-8816,0,0
CELE_H25K10.41|21ur-942,0,0
CELE_H25K10.59|21ur-8489,0,0
CELE_H25K10.40|21ur-1416,0,0
CELE_H25K10.109|21ur-11719,0,0
CELE_H25K10.3|srv-11,0,0
CELE_H25K10.127|21ur-15169,0,0
CELE_H25K10.83|21ur-14754,0,0
CELE_H25K10.25|21ur-1054,0,0
CELE_H25K10.129|21ur-9575,0,0
CELE_H25K10.122|21ur-11162,0,0
CELE_H25K10.26|21ur-4482,0,0
CELE_H25K10.17|21ur-4015,0,0
CELE_H25K10.118|21ur-5612,0,0
CELE_H25K10.135|21ur-7818,0,0
CELE_H25K10.131|21ur-5718,0,0
CELE_H25K10.11|21ur-938,0,0
CELE_H25K10.23|21ur-3000,0,0
CELE_H25K10.133|21ur-12841,0,0
CELE_H25K10.123|21ur-8381,0,0
CELE_H25K10.36|21ur-3794,0,0
CELE_H25K10.71|21ur-13211,0,0
CELE_H25K10.52|21ur-373,0,0
CELE_H25K10.130|21ur-8206,0,0
CELE_H25K10.64|21ur-9490,0,0
CELE_H25K10.29|21ur-4350,0,0
CELE_H25K10.66|21ur-14447,0,0
CELE_H25K10.105|21ur-8749,0,0
CELE_H25K10.125|21ur-6060,0,0
CELE_H25K10.140|21ur-15408,0,0
CELE_H25K10.60|21ur-7886,0,0
CELE_H25K10.106|21ur-10639,0,0
CELE_H25K10.73|21ur-11925,0,0
CELE_H25K10.31|21ur-537,0,0
CELE_H25K10.120|21ur-11913,0,0
CELE_H25K10.103|21ur-10317,0,0
CELE_H25K10.5|hpa-1,0,0
CELE_H25K10.98|21ur-13243,0,0
CELE_H25K10.32|21ur-2290,0,0
CELE_H25K10.46|21ur-3821,0,0
CELE_H25K10.6|irld-39,0,0
CELE_H25K10.92|21ur-13157,0,0
CELE_H25K10.7|srw-61,0,0
CELE_H25K10.104|21ur-8522,0,0
CELE_H25K10.81|21ur-13997,0,0
CELE_H25K10.101|21ur-6697,0,0
CELE_H25K10.86|21ur-9532,0,0
CELE_H25K10.68|21ur-13892,0,0
CELE_H25K10.95|21ur-14998,0,0
CELE_H25K10.15|21ur-3919,0,0
CELE_Y7A9B.8|21ur-11761,0,0
CELE_Y7A9B.1|21ur-2750,0,0
CELE_Y7A9B.4|21ur-4678,0,0
CELE_Y7A9B.9|21ur-5566,0,0
CELE_Y7A9B.6|21ur-7524,0,0
CELE_Y7A9B.3|21ur-4952,0,0
CELE_Y7A9B.5|21ur-80,0,0
CELE_Y7A9B.7|21ur-10535,0,0
CELE_Y7A9B.2|21ur-1619,0,0
CELE_F38C2.13|21ur-2870,0,0
CELE_F38C2.19|21ur-1864,0,0
CELE_F38C2.73|21ur-8969,0,0
CELE_F38C2.15|21ur-4924,0,0
CELE_F38C2.52|21ur-8977,0,0
CELE_F38C2.42|21ur-2706,0,0
CELE_F38C2.78|21ur-12349,0,0
CELE_F38C2.86|21ur-5494,0,0
CELE_F38C2.46|21ur-2989,0,0
CELE_F38C2.92|21ur-12473,0,0
CELE_F38C2.16|21ur-2487,0,0
CELE_F38C2.66|21ur-14133,0,0
CELE_F38C2.93|21ur-12956,0,0
CELE_F38C2.28|21ur-3735,0,0
CELE_F38C2.56|21ur-6456,0,0
CELE_F38C2.8|hlh-31,0,0
CELE_F38C2.80|21ur-9662,0,0
CELE_F38C2.77|21ur-14157,0,0
CELE_F38C2.21|21ur-2956,0,0
CELE_F38C2.50|21ur-11754,0,0
CELE_F38C2.79|21ur-13263,0,0
CELE_F38C2.36|21ur-4405,0,0
CELE_F38C2.29|21ur-2896,0,0
CELE_F38C2.43|21ur-5157,0,0
CELE_F38C2.37|21ur-5147,0,0
CELE_F38C2.31|21ur-2815,0,0
CELE_F38C2.53|21ur-11553,0,0
CELE_F38C2.10|21ur-2386,0,0
CELE_F38C2.20|21ur-1225,0,0
CELE_F38C2.58|21ur-11620,0,0
CELE_F38C2.84|21ur-6926,0,0
CELE_F38C2.41|21ur-714,0,0
CELE_F38C2.90|21ur-7134,0,0
CELE_F38C2.63|21ur-7447,0,0
CELE_F38C2.33|21ur-2608,0,0
CELE_F38C2.75|21ur-15468,0,0
CELE_F38C2.44|21ur-1533,0,0
CELE_F38C2.67|21ur-14369,0,0
CELE_F38C2.82|21ur-12545,0,0
CELE_F38C2.47|21ur-3278,0,0
CELE_F38C2.64|21ur-11666,0,0
CELE_F38C2.24|21ur-478,0,0
CELE_F38C2.95|21ur-6333,0,0
CELE_F38C2.38|21ur-3765,0,0
CELE_F38C2.71|21ur-12590,0,0
CELE_F38C2.91|21ur-9001,0,0
CELE_F38C2.18|21ur-4994,0,0
CELE_F38C2.70|21ur-11758,0,0
CELE_F38C2.88|21ur-11086,0,0
CELE_F38C2.72|21ur-14131,0,0
CELE_F38C2.34|21ur-4989,0,0
CELE_F38C2.30|21ur-2165,0,0
CELE_F38C2.49|21ur-9033,0,0
CELE_F38C2.81|21ur-7270,0,0
CELE_F38C2.27|21ur-2033,0,0
CELE_F38C2.39|21ur-4036,0,0
CELE_F38C2.83|21ur-15332,0,0
CELE_F38C2.22|21ur-4307,0,0
CELE_F38C2.65|21ur-6753,0,0
CELE_F38C2.6|clec-191,0,0
CELE_F38C2.87|21ur-10096,0,0
CELE_F38C2.26|21ur-2056,0,0
CELE_F38C2.89|21ur-12811,0,0
CELE_Y7A9C.18|21ur-6272,0,0
CELE_Y7A9C.10|Y7A9C.10,0,0
CELE_Y7A9C.19|21ur-6968,0,0
CELE_Y7A9C.14|21ur-3107,0,0
CELE_Y7A9C.29|21ur-8171,0,0
CELE_Y7A9C.28|21ur-8822,0,0
CELE_Y7A9C.30|21ur-9622,0,0
CELE_Y7A9C.16|21ur-5442,0,0
CELE_Y7A9C.22|21ur-11491,0,0
CELE_Y7A9C.23|21ur-10839,0,0
CELE_Y7A9C.31|21ur-7489,0,0
CELE_Y7A9C.27|21ur-6656,0,0
CELE_Y7A9C.15|21ur-4728,0,0
CELE_Y7A9C.25|21ur-14189,0,0
CELE_Y7A9C.24|21ur-6149,0,0
CELE_Y7A9C.20|21ur-8384,0,0
CELE_Y7A9C.5|srz-40,0,0
CELE_Y7A9C.11|Y7A9C.11,0,0
CELE_Y7A9C.12|Y7A9C.12,0,0
CELE_Y7A9C.13|Y7A9C.13,0,0
CELE_Y7A9C.7|srz-72,0,0
CELE_Y7A9C.6|srz-41,0,0
CELE_Y7A9C.2|Y7A9C.2,0,0
CELE_Y7A9C.21|21ur-11095,0,0
CELE_Y7A9C.4|srz-39,0,0
CELE_K03D3.5|K03D3.5,0,0
CELE_K03D3.4|srz-61,0,0
CELE_K03D3.11|srz-104,0,0
CELE_K03D3.12|srz-105,0,0
CELE_K03D3.18|21ur-14124,0,0
CELE_K03D3.3|srz-21,0,0
CELE_K03D3.1|srz-74,0,0
CELE_K03D3.14|K03D3.14,0,0
CELE_C35D6.10|srz-71,0,0
CELE_C35D6.101|21ur-15455,0,0
CELE_C35D6.66|21ur-8932,0,0
CELE_C35D6.9|srz-38,0,0
CELE_C35D6.58|21ur-1803,0,0
CELE_C35D6.93|21ur-14732,0,0
CELE_C35D6.6|C35D6.6,0,0
CELE_C35D6.13|C35D6.13,0,0
CELE_C35D6.7|C35D6.7,0,0
CELE_C35D6.12|C35D6.12,0,0
CELE_C35D6.1|srh-228,0,0
CELE_C35D6.8|srh-224,0,0
CELE_C35D6.30|21ur-1243,0,0
CELE_C35D6.76|21ur-9250,0,0
CELE_C35D6.51|21ur-3031,0,0
CELE_C35D6.2|srh-227,0,0
CELE_C35D6.50|21ur-2108,0,0
CELE_C35D6.15|21ur-2515,0,0
CELE_C35D6.78|21ur-13980,0,0
CELE_C35D6.3|C35D6.3,0,0
CELE_C35D6.11|C35D6.11,0,0
CELE_C35D6.36|21ur-3703,0,0
CELE_C35D6.104|21ur-11980,0,0
CELE_C35D6.106|21ur-10757,0,0
CELE_C35D6.49|21ur-1955,0,0
CELE_C35D6.70|21ur-8650,0,0
CELE_C35D6.86|21ur-12819,0,0
CELE_C35D6.29|21ur-3330,0,0
CELE_C35D6.59|21ur-1614,0,0
CELE_C35D6.115|21ur-8647,0,0
CELE_C35D6.54|21ur-3474,0,0
CELE_C35D6.27|21ur-1327,0,0
CELE_C35D6.77|21ur-11289,0,0
CELE_C35D6.25|21ur-1201,0,0
CELE_C35D6.55|21ur-301,0,0
CELE_C35D6.19|21ur-3599,0,0
CELE_C35D6.82|21ur-13763,0,0
CELE_C35D6.65|21ur-8613,0,0
CELE_C35D6.75|21ur-12908,0,0
CELE_C35D6.42|21ur-668,0,0
CELE_C35D6.100|21ur-9445,0,0
CELE_C35D6.102|21ur-7002,0,0
CELE_C35D6.98|21ur-8891,0,0
CELE_C35D6.21|21ur-1153,0,0
CELE_C35D6.17|21ur-3137,0,0
CELE_C35D6.57|21ur-1068,0,0
CELE_C35D6.34|21ur-914,0,0
CELE_C35D6.46|21ur-5337,0,0
CELE_C35D6.84|21ur-8441,0,0
CELE_C35D6.38|21ur-4735,0,0
CELE_C35D6.95|21ur-9638,0,0
CELE_C35D6.40|21ur-2428,0,0
CELE_C35D6.89|21ur-13914,0,0
CELE_C35D6.62|21ur-10921,0,0
CELE_C35D6.23|21ur-1228,0,0
CELE_C35D6.92|21ur-12486,0,0
CELE_C35D6.81|21ur-6252,0,0
CELE_C35D6.105|21ur-13148,0,0
CELE_C35D6.113|21ur-8415,0,0
CELE_C35D6.26|21ur-4388,0,0
CELE_C35D6.116|21ur-11781,0,0
CELE_C35D6.67|21ur-11021,0,0
CELE_C35D6.33|21ur-1152,0,0
CELE_C35D6.32|21ur-4339,0,0
CELE_C35D6.71|21ur-15413,0,0
CELE_C35D6.28|21ur-4968,0,0
CELE_C35D6.79|21ur-13729,0,0
CELE_C35D6.43|21ur-1575,0,0
CELE_C35D6.85|21ur-12024,0,0
CELE_C35D6.99|21ur-7696,0,0
CELE_C35D6.37|21ur-3139,0,0
CELE_C35D6.41|21ur-2336,0,0
CELE_C35D6.80|21ur-14600,0,0
CELE_C35D6.114|21ur-12150,0,0
CELE_C35D6.52|21ur-64,0,0
CELE_C35D6.64|21ur-10795,0,0
CELE_C35D6.45|21ur-4149,0,0
CELE_C35D6.61|21ur-14003,0,0
CELE_C35D6.112|21ur-15503,0,0
CELE_C35D6.72|21ur-13719,0,0
CELE_C35D6.56|21ur-3299,0,0
CELE_C35D6.68|21ur-8769,0,0
CELE_C35D6.53|21ur-5168,0,0
CELE_C35D6.39|21ur-1632,0,0
CELE_C35D6.83|21ur-7721,0,0
CELE_C35D6.60|21ur-4941,0,0
CELE_C35D6.48|21ur-1744,0,0
CELE_C35D6.90|21ur-12210,0,0
CELE_C35D6.91|21ur-9538,0,0
CELE_C35D6.16|21ur-620,0,0
CELE_C35D6.111|21ur-10549,0,0
CELE_C35D6.94|21ur-8390,0,0
CELE_C35D6.110|21ur-13448,0,0
CELE_C35D6.18|21ur-2018,0,0
CELE_C35D6.103|21ur-15235,0,0
CELE_C35D6.74|21ur-5872,0,0
CELE_C35D6.108|21ur-6306,0,0
CELE_C35D6.109|21ur-11586,0,0
CELE_C35D6.107|21ur-11013,0,0
CELE_C35D6.117|21ur-11817,0,0
CELE_C35D6.96|21ur-6881,0,0
CELE_C35D6.73|21ur-9210,0,0
CELE_C35D6.44|21ur-4367,0,0
CELE_C35D6.31|21ur-3320,0,0
CELE_C35D6.69|21ur-14556,0,0
CELE_C35D6.88|21ur-10910,0,0
CELE_Y7A9D.15|21ur-3230,0,0
CELE_Y7A9D.14|21ur-1403,0,0
CELE_Y7A9D.32|21ur-5694,0,0
CELE_Y7A9D.50|21ur-11590,0,0
CELE_Y7A9D.55|21ur-6568,0,0
CELE_Y7A9D.29|21ur-11441,0,0
CELE_Y7A9D.3|21ur-5434,0,0
CELE_Y7A9D.47|21ur-13920,0,0
CELE_Y7A9D.20|21ur-5034,0,0
CELE_Y7A9D.58|21ur-15449,0,0
CELE_Y7A9D.6|21ur-3434,0,0
CELE_Y7A9D.48|21ur-9501,0,0
CELE_Y7A9D.39|21ur-8374,0,0
CELE_Y7A9D.40|21ur-6665,0,0
CELE_Y7A9D.46|21ur-8648,0,0
CELE_Y7A9D.42|21ur-6469,0,0
CELE_Y7A9D.38|21ur-8019,0,0
CELE_Y7A9D.60|21ur-5908,0,0
CELE_Y7A9D.26|21ur-11959,0,0
CELE_Y7A9D.9|21ur-2410,0,0
CELE_Y7A9D.59|21ur-10763,0,0
CELE_Y7A9D.13|21ur-3706,0,0
CELE_Y7A9D.30|21ur-14044,0,0
CELE_Y7A9D.44|21ur-11461,0,0
CELE_Y7A9D.7|21ur-3425,0,0
CELE_Y7A9D.66|Y7A9D.66,0,0
CELE_Y7A9D.T3|Y7A9D.t3,0,0
CELE_Y7A9D.19|21ur-3939,0,0
CELE_Y7A9D.28|21ur-9329,0,0
CELE_Y7A9D.25|21ur-5331,0,0
CELE_Y7A9D.45|21ur-15176,0,0
CELE_Y7A9D.18|21ur-1139,0,0
CELE_Y7A9D.35|21ur-8844,0,0
CELE_Y7A9D.43|21ur-11058,0,0
CELE_Y7A9D.51|21ur-9299,0,0
CELE_Y7A9D.12|21ur-3457,0,0
CELE_Y7A9D.27|21ur-8558,0,0
CELE_Y7A9D.49|21ur-12405,0,0
CELE_Y7A9D.37|21ur-10469,0,0
CELE_Y7A9D.36|21ur-13191,0,0
CELE_Y7A9D.8|21ur-2903,0,0
CELE_Y7A9D.31|21ur-9216,0,0
CELE_Y7A9D.34|21ur-6227,0,0
CELE_Y7A9D.22|21ur-3849,0,0
CELE_Y7A9D.33|21ur-12761,0,0
CELE_Y7A9D.41|21ur-6212,0,0
CELE_Y7A9D.4|21ur-1530,0,0
CELE_Y7A9D.17|21ur-5439,0,0
CELE_Y7A9D.23|21ur-4035,0,0
CELE_Y7A9D.10|21ur-2142,0,0
CELE_Y7A9D.61|21ur-5640,0,0
CELE_Y7A9D.65|Y7A9D.65,0,0
CELE_Y7A9D.63|Y7A9D.63,0,0
CELE_Y7A9D.T1|Y7A9D.t1,0,0
CELE_Y7A9D.64|Y7A9D.64,0,0
CELE_Y7A9D.62|Y7A9D.62,0,0
CELE_Y7A9D.T2|Y7A9D.t2,0,0
CELE_Y7A9D.21|21ur-3718,0,0
CELE_Y7A9D.57|21ur-6749,0,0
CELE_Y7A9D.53|21ur-5867,0,0
CELE_Y7A9D.5|21ur-5257,0,0
CELE_Y7A9D.16|21ur-2978,0,0
CELE_Y7A9D.54|21ur-14904,0,0
CELE_Y7A9D.56|21ur-7276,0,0
CELE_Y7A9D.2|21ur-770,0,0
CELE_Y7A9D.24|21ur-3117,0,0
CELE_Y65A5A.14|21ur-12867,0,0
CELE_Y65A5A.19|21ur-9234,0,0
CELE_Y65A5A.20|21ur-8504,0,0
CELE_Y65A5A.7|21ur-1497,0,0
CELE_Y65A5A.13|21ur-512,0,0
CELE_Y65A5A.4|21ur-1995,0,0
CELE_Y65A5A.22|21ur-15265,0,0
CELE_Y65A5A.21|21ur-9989,0,0
CELE_Y65A5A.16|21ur-8012,0,0
CELE_Y65A5A.23|21ur-11081,0,0
CELE_Y65A5A.18|21ur-15581,0,0
CELE_Y65A5A.8|21ur-2686,0,0
CELE_Y65A5A.17|21ur-9424,0,0
CELE_Y65A5A.24|Y65A5A.24,0,0
CELE_Y65A5A.5|21ur-4316,0,0
CELE_Y65A5A.11|21ur-4366,0,0
CELE_Y65A5A.12|21ur-970,0,0
CELE_Y65A5A.10|21ur-2527,0,0
CELE_Y65A5A.9|21ur-3392,0,0
CELE_Y65A5A.15|21ur-9615,0,0
CELE_Y65A5A.6|21ur-983,0,0
CELE_Y65A5A.27|Y65A5A.27,0,0
CELE_Y65A5A.T1|Y65A5A.t1,0,0
CELE_Y65A5A.25|Y65A5A.25,0,0
CELE_Y10G11A.44|21ur-9880,0,0
CELE_Y10G11A.43|21ur-5912,0,0
CELE_Y10G11A.25|21ur-1280,0,0
CELE_Y10G11A.12|21ur-4601,0,0
CELE_Y10G11A.62|21ur-15440,0,0
CELE_Y10G11A.17|21ur-3123,0,0
CELE_Y10G11A.81|21ur-5572,0,0
CELE_Y10G11A.34|21ur-9095,0,0
CELE_Y10G11A.42|21ur-15432,0,0
CELE_Y10G11A.77|21ur-9457,0,0
CELE_Y10G11A.76|21ur-6632,0,0
CELE_Y10G11A.83|21ur-7925,0,0
CELE_Y10G11A.89|21ur-7670,0,0
CELE_Y10G11A.92|Y10G11A.92,0,0
CELE_Y10G11A.75|21ur-6062,0,0
CELE_Y10G11A.78|21ur-12519,0,0
CELE_Y10G11A.69|21ur-7349,0,0
CELE_Y10G11A.6|21ur-289,0,0
CELE_Y10G11A.70|21ur-5972,0,0
CELE_Y10G11A.30|21ur-4294,0,0
CELE_Y10G11A.54|21ur-15633,0,0
CELE_Y10G11A.15|21ur-202,0,0
CELE_Y10G11A.85|21ur-7372,0,0
CELE_Y10G11A.10|21ur-854,0,0
CELE_Y10G11A.65|21ur-8950,0,0
CELE_Y10G11A.48|21ur-13585,0,0
CELE_Y10G11A.11|21ur-2578,0,0
CELE_Y10G11A.40|21ur-6091,0,0
CELE_Y10G11A.33|21ur-15045,0,0
CELE_Y10G11A.7|21ur-1954,0,0
CELE_Y10G11A.14|21ur-4465,0,0
CELE_Y10G11A.52|21ur-12055,0,0
CELE_Y10G11A.39|21ur-9963,0,0
CELE_Y10G11A.19|21ur-4867,0,0
CELE_Y10G11A.50|21ur-7154,0,0
CELE_Y10G11A.32|21ur-12332,0,0
CELE_Y10G11A.8|21ur-2169,0,0
CELE_Y10G11A.57|21ur-7038,0,0
CELE_Y10G11A.49|21ur-15512,0,0
CELE_Y10G11A.71|21ur-6546,0,0
CELE_Y10G11A.26|21ur-110,0,0
CELE_Y10G11A.67|21ur-12727,0,0
CELE_Y10G11A.82|21ur-15171,0,0
CELE_Y10G11A.16|21ur-3763,0,0
CELE_Y10G11A.63|21ur-8308,0,0
CELE_Y10G11A.51|21ur-10196,0,0
CELE_Y10G11A.4|21ur-909,0,0
CELE_Y10G11A.73|21ur-14725,0,0
CELE_Y10G11A.47|21ur-15663,0,0
CELE_VY10G11R.48|21ur-11390,0,0
CELE_VY10G11R.56|21ur-6809,0,0
CELE_VY10G11R.37|21ur-10853,0,0
CELE_VY10G11R.42|21ur-6996,0,0
CELE_VY10G11R.63|21ur-6553,0,0
CELE_VY10G11R.13|21ur-1109,0,0
CELE_VY10G11R.8|21ur-1546,0,0
CELE_VY10G11R.47|21ur-10245,0,0
CELE_VY10G11R.41|21ur-9825,0,0
CELE_VY10G11R.44|21ur-5584,0,0
CELE_VY10G11R.60|21ur-12383,0,0
CELE_VY10G11R.40|21ur-8432,0,0
CELE_VY10G11R.65|21ur-13065,0,0
CELE_VY10G11R.58|21ur-5704,0,0
CELE_VY10G11R.35|21ur-15117,0,0
CELE_VY10G11R.24|21ur-430,0,0
CELE_VY10G11R.52|21ur-10295,0,0
CELE_VY10G11R.22|21ur-2266,0,0
CELE_VY10G11R.6|21ur-188,0,0
CELE_VY10G11R.4|VY10G11R.4,0,0
CELE_VY10G11R.45|21ur-6172,0,0
CELE_VY10G11R.39|21ur-14579,0,0
CELE_VY10G11R.16|21ur-1789,0,0
CELE_VY10G11R.27|21ur-4304,0,0
CELE_VY10G11R.71|21ur-12758,0,0
CELE_VY10G11R.33|21ur-14869,0,0
CELE_VY10G11R.30|21ur-1281,0,0
CELE_VY10G11R.69|21ur-11488,0,0
CELE_VY10G11R.23|21ur-842,0,0
CELE_VY10G11R.54|21ur-8150,0,0
CELE_VY10G11R.14|21ur-2264,0,0
CELE_VY10G11R.38|21ur-9399,0,0
CELE_VY10G11R.9|21ur-765,0,0
CELE_VY10G11R.68|21ur-14862,0,0
CELE_VY10G11R.28|21ur-3161,0,0
CELE_VY10G11R.50|21ur-5849,0,0
CELE_VY10G11R.12|21ur-2640,0,0
CELE_VY10G11R.43|21ur-14714,0,0
CELE_VY10G11R.20|21ur-4527,0,0
CELE_VY10G11R.59|21ur-13345,0,0
CELE_VY10G11R.29|21ur-219,0,0
CELE_VY10G11R.51|21ur-9417,0,0
CELE_VY10G11R.19|21ur-474,0,0
CELE_VY10G11R.49|21ur-5945,0,0
CELE_VY10G11R.53|21ur-8731,0,0
CELE_VY10G11R.10|21ur-1465,0,0
CELE_VY10G11R.18|21ur-1959,0,0
CELE_VY10G11R.61|21ur-13413,0,0
CELE_VY10G11R.25|21ur-2905,0,0
CELE_VY10G11R.55|21ur-14050,0,0
CELE_VY10G11R.62|21ur-6462,0,0
CELE_VY10G11R.15|21ur-3109,0,0
CELE_VY10G11R.32|21ur-12938,0,0
CELE_VY10G11R.17|21ur-4657,0,0
CELE_VY10G11R.5|21ur-2712,0,0
CELE_VY10G11R.67|21ur-14352,0,0
CELE_VY10G11R.11|21ur-1693,0,0
CELE_VY10G11R.21|21ur-1983,0,0
CELE_VY10G11R.70|21ur-14440,0,0
CELE_VY10G11R.64|21ur-13481,0,0
CELE_VY10G11R.66|21ur-6703,0,0
CELE_VY10G11R.46|21ur-15109,0,0
CELE_VY10G11R.36|21ur-10458,0,0
CELE_VY10G11R.57|21ur-10432,0,0
CELE_VY10G11R.7|21ur-3464,0,0
CELE_Y51H4A.850|21ur-8255,0,0
CELE_Y51H4A.267|21ur-209,0,0
CELE_Y51H4A.402|mir-1021,0,0
CELE_Y51H4A.184|21ur-3304,0,0
CELE_Y51H4A.895|21ur-6291,0,0
CELE_Y51H4A.910|21ur-6420,0,0
CELE_Y51H4A.843|21ur-14708,0,0
CELE_Y51H4A.131|21ur-123,0,0
CELE_Y51H4A.390|21ur-686,0,0
CELE_Y51H4A.793|21ur-12412,0,0
CELE_Y51H4A.603|21ur-10375,0,0
CELE_Y51H4A.437|21ur-9182,0,0
CELE_Y51H4A.432|21ur-11989,0,0
CELE_Y51H4A.257|21ur-2366,0,0
CELE_Y51H4A.407|21ur-10350,0,0
CELE_Y51H4A.530|21ur-10930,0,0
CELE_Y51H4A.332|21ur-2835,0,0
CELE_Y51H4A.631|21ur-7964,0,0
CELE_Y51H4A.896|21ur-13238,0,0
CELE_Y51H4A.627|21ur-13045,0,0
CELE_Y51H4A.750|21ur-5465,0,0
CELE_Y51H4A.599|21ur-14229,0,0
CELE_Y51H4A.64|21ur-1881,0,0
CELE_Y51H4A.441|21ur-8768,0,0
CELE_Y51H4A.365|21ur-4666,0,0
CELE_Y51H4A.575|21ur-5999,0,0
CELE_Y51H4A.923|21ur-7050,0,0
CELE_Y51H4A.939|Y51H4A.939,0,0
CELE_Y51H4A.828|21ur-7589,0,0
CELE_Y51H4A.434|21ur-8302,0,0
CELE_Y51H4A.846|21ur-14980,0,0
CELE_Y51H4A.696|21ur-5926,0,0
CELE_Y51H4A.929|21ur-12982,0,0
CELE_Y51H4A.550|21ur-5792,0,0
CELE_Y51H4A.422|21ur-8323,0,0
CELE_Y51H4A.708|21ur-14206,0,0
CELE_Y51H4A.876|21ur-6045,0,0
CELE_Y51H4A.143|21ur-1276,0,0
CELE_Y51H4A.187|21ur-4696,0,0
CELE_Y51H4A.453|21ur-7364,0,0
CELE_Y51H4A.885|21ur-8829,0,0
CELE_Y51H4A.817|21ur-8736,0,0
CELE_Y51H4A.326|21ur-1648,0,0
CELE_Y51H4A.112|21ur-4722,0,0
CELE_Y51H4A.683|21ur-11633,0,0
CELE_Y51H4A.39|21ur-310,0,0
CELE_Y51H4A.610|21ur-8086,0,0
CELE_Y51H4A.375|21ur-2653,0,0
CELE_Y51H4A.638|21ur-6585,0,0
CELE_Y51H4A.200|21ur-3899,0,0
CELE_Y51H4A.247|21ur-1024,0,0
CELE_Y51H4A.608|21ur-8770,0,0
CELE_Y51H4A.274|21ur-2526,0,0
CELE_Y51H4A.716|21ur-11880,0,0
CELE_Y51H4A.270|21ur-921,0,0
CELE_Y51H4A.310|21ur-3946,0,0
CELE_Y51H4A.539|21ur-7634,0,0
CELE_Y51H4A.922|21ur-15417,0,0
CELE_Y51H4A.788|21ur-6257,0,0
CELE_Y51H4A.249|21ur-2901,0,0
CELE_Y51H4A.121|21ur-2126,0,0
CELE_Y51H4A.395|21ur-4333,0,0
CELE_Y51H4A.937|Y51H4A.937,0,0
CELE_Y51H4A.323|21ur-4282,0,0
CELE_Y51H4A.91|21ur-5280,0,0
CELE_Y51H4A.431|21ur-13691,0,0
CELE_Y51H4A.265|21ur-3784,0,0
CELE_Y51H4A.455|21ur-10972,0,0
CELE_Y51H4A.154|21ur-2601,0,0
CELE_Y51H4A.727|21ur-9791,0,0
CELE_Y51H4A.596|21ur-8465,0,0
CELE_Y51H4A.926|21ur-12299,0,0
CELE_Y51H4A.497|21ur-5861,0,0
CELE_Y51H4A.327|21ur-37,0,0
CELE_Y51H4A.114|21ur-889,0,0
CELE_Y51H4A.353|21ur-4884,0,0
CELE_Y51H4A.349|21ur-3486,0,0
CELE_Y51H4A.291|21ur-4871,0,0
CELE_Y51H4A.159|21ur-2959,0,0
CELE_Y51H4A.398|21ur-1551,0,0
CELE_Y51H4A.6|Y51H4A.6,0,0
CELE_Y51H4A.182|21ur-1565,0,0
CELE_Y51H4A.104|21ur-5193,0,0
CELE_Y51H4A.33|Y51H4A.33,0,0
CELE_Y51H4A.863|21ur-8562,0,0
CELE_Y51H4A.507|21ur-6572,0,0
CELE_Y51H4A.357|21ur-633,0,0
CELE_Y51H4A.413|21ur-11339,0,0
CELE_Y51H4A.496|21ur-11117,0,0
CELE_Y51H4A.582|21ur-10240,0,0
CELE_Y51H4A.386|21ur-1518,0,0
CELE_Y51H4A.72|21ur-1236,0,0
CELE_Y51H4A.784|21ur-14403,0,0
CELE_Y51H4A.128|21ur-4466,0,0
CELE_Y51H4A.474|21ur-14202,0,0
CELE_Y51H4A.909|21ur-10996,0,0
CELE_Y51H4A.488|21ur-12397,0,0
CELE_Y51H4A.139|21ur-991,0,0
CELE_Y51H4A.822|21ur-14601,0,0
CELE_Y51H4A.198|21ur-5050,0,0
CELE_Y51H4A.67|21ur-4480,0,0
CELE_Y51H4A.54|21ur-4420,0,0
CELE_Y51H4A.543|21ur-6935,0,0
CELE_Y51H4A.568|21ur-13479,0,0
CELE_Y51H4A.76|21ur-2455,0,0
CELE_Y51H4A.645|21ur-12635,0,0
CELE_Y51H4A.868|21ur-7877,0,0
CELE_Y51H4A.35|21ur-4491,0,0
CELE_Y51H4A.777|21ur-8508,0,0
CELE_Y51H4A.710|21ur-6671,0,0
CELE_Y51H4A.264|21ur-1331,0,0
CELE_Y51H4A.221|21ur-1050,0,0
CELE_Y51H4A.665|21ur-13784,0,0
CELE_Y51H4A.74|21ur-1264,0,0
CELE_Y51H4A.148|21ur-5206,0,0
CELE_Y51H4A.831|21ur-6687,0,0
CELE_Y51H4A.740|21ur-7433,0,0
CELE_Y51H4A.317|21ur-2668,0,0
CELE_Y51H4A.232|21ur-5289,0,0
CELE_Y51H4A.659|21ur-10814,0,0
CELE_Y51H4A.311|21ur-1422,0,0
CELE_Y51H4A.41|21ur-1303,0,0
CELE_Y51H4A.328|21ur-46,0,0
CELE_Y51H4A.598|21ur-14098,0,0
CELE_Y51H4A.658|21ur-11023,0,0
CELE_Y51H4A.774|21ur-8620,0,0
CELE_Y51H4A.320|21ur-56,0,0
CELE_Y51H4A.126|21ur-1312,0,0
CELE_Y51H4A.594|21ur-14107,0,0
CELE_Y51H4A.900|21ur-5847,0,0
CELE_Y51H4A.71|21ur-2672,0,0
CELE_Y51H4A.714|21ur-12051,0,0
CELE_Y51H4A.52|21ur-3422,0,0
CELE_Y51H4A.607|21ur-11089,0,0
CELE_Y51H4A.614|21ur-15602,0,0
CELE_Y51H4A.749|21ur-8159,0,0
CELE_Y51H4A.748|21ur-13334,0,0
CELE_Y51H4A.796|21ur-10880,0,0
CELE_Y51H4A.127|21ur-3586,0,0
CELE_Y51H4A.842|21ur-12503,0,0
CELE_Y51H4A.467|21ur-9444,0,0
CELE_Y51H4A.758|21ur-6828,0,0
CELE_Y51H4A.734|21ur-5886,0,0
CELE_Y51H4A.833|21ur-7141,0,0
CELE_Y51H4A.798|21ur-14239,0,0
CELE_Y51H4A.439|21ur-6031,0,0
CELE_Y51H4A.655|21ur-7137,0,0
CELE_Y51H4A.669|21ur-6737,0,0
CELE_Y51H4A.309|21ur-2721,0,0
CELE_Y51H4A.771|21ur-10483,0,0
CELE_Y51H4A.899|21ur-7940,0,0
CELE_Y51H4A.87|21ur-4508,0,0
CELE_Y51H4A.181|21ur-1016,0,0
CELE_Y51H4A.676|21ur-10049,0,0
CELE_Y51H4A.797|21ur-12401,0,0
CELE_Y51H4A.163|21ur-695,0,0
CELE_Y51H4A.227|21ur-3241,0,0
CELE_Y51H4A.694|21ur-15433,0,0
CELE_Y51H4A.144|21ur-228,0,0
CELE_Y51H4A.739|21ur-5680,0,0
CELE_Y51H4A.220|21ur-4369,0,0
CELE_Y51H4A.203|21ur-3904,0,0
CELE_Y51H4A.827|21ur-12593,0,0
CELE_Y51H4A.782|21ur-13730,0,0
CELE_Y51H4A.523|21ur-14907,0,0
CELE_Y51H4A.171|21ur-2822,0,0
CELE_Y51H4A.858|21ur-6251,0,0
CELE_Y51H4A.670|21ur-14950,0,0
CELE_Y51H4A.544|21ur-6838,0,0
CELE_Y51H4A.512|21ur-12615,0,0
CELE_Y51H4A.904|21ur-13261,0,0
CELE_Y51H4A.729|21ur-8724,0,0
CELE_Y51H4A.612|21ur-7791,0,0
CELE_Y51H4A.421|21ur-8510,0,0
CELE_Y51H4A.42|21ur-946,0,0
CELE_Y51H4A.560|21ur-13543,0,0
CELE_Y51H4A.639|21ur-13694,0,0
CELE_Y51H4A.245|21ur-2184,0,0
CELE_Y51H4A.202|21ur-4155,0,0
CELE_Y51H4A.352|21ur-2144,0,0
CELE_Y51H4A.760|21ur-5978,0,0
CELE_Y51H4A.233|21ur-171,0,0
CELE_Y51H4A.675|21ur-12609,0,0
CELE_Y51H4A.924|21ur-7324,0,0
CELE_Y51H4A.531|21ur-9773,0,0
CELE_Y51H4A.84|21ur-1154,0,0
CELE_Y51H4A.812|21ur-14674,0,0
CELE_Y51H4A.452|21ur-11005,0,0
CELE_Y51H4A.887|21ur-5933,0,0
CELE_Y51H4A.713|21ur-10294,0,0
CELE_Y51H4A.94|21ur-4359,0,0
CELE_Y51H4A.881|21ur-6801,0,0
CELE_Y51H4A.660|21ur-7142,0,0
CELE_Y51H4A.684|21ur-11051,0,0
CELE_Y51H4A.348|21ur-1208,0,0
CELE_Y51H4A.366|21ur-862,0,0
CELE_Y51H4A.687|21ur-15222,0,0
CELE_Y51H4A.901|21ur-14487,0,0
CELE_Y51H4A.918|21ur-14118,0,0
CELE_Y51H4A.457|21ur-5708,0,0
CELE_Y51H4A.698|21ur-10496,0,0
CELE_Y51H4A.338|21ur-612,0,0
CELE_Y51H4A.113|21ur-611,0,0
CELE_Y51H4A.92|21ur-4475,0,0
CELE_Y51H4A.632|21ur-12858,0,0
CELE_Y51H4A.102|21ur-2109,0,0
CELE_Y51H4A.318|21ur-1415,0,0
CELE_Y51H4A.492|21ur-14577,0,0
CELE_Y51H4A.742|21ur-9687,0,0
CELE_Y51H4A.781|21ur-5995,0,0
CELE_Y51H4A.513|21ur-10982,0,0
CELE_Y51H4A.851|21ur-7098,0,0
CELE_Y51H4A.805|21ur-12843,0,0
CELE_Y51H4A.47|21ur-4567,0,0
CELE_Y51H4A.836|21ur-14634,0,0
CELE_Y51H4A.692|21ur-15697,0,0
CELE_Y51H4A.213|21ur-3355,0,0
CELE_Y51H4A.574|21ur-7866,0,0
CELE_Y51H4A.911|21ur-9372,0,0
CELE_Y51H4A.695|21ur-8149,0,0
CELE_Y51H4A.219|21ur-5350,0,0
CELE_Y51H4A.903|21ur-8240,0,0
CELE_Y51H4A.893|21ur-11098,0,0
CELE_Y51H4A.653|21ur-10983,0,0
CELE_Y51H4A.419|21ur-14014,0,0
CELE_Y51H4A.70|21ur-2746,0,0
CELE_Y51H4A.549|21ur-11558,0,0
CELE_Y51H4A.471|21ur-14186,0,0
CELE_Y51H4A.841|21ur-12325,0,0
CELE_Y51H4A.236|21ur-244,0,0
CELE_Y51H4A.830|21ur-10268,0,0
CELE_Y51H4A.350|21ur-3149,0,0
CELE_Y51H4A.814|21ur-11380,0,0
CELE_Y51H4A.867|21ur-5838,0,0
CELE_Y51H4A.204|21ur-576,0,0
CELE_Y51H4A.538|21ur-12005,0,0
CELE_Y51H4A.393|21ur-3051,0,0
CELE_Y51H4A.304|21ur-4290,0,0
CELE_Y51H4A.845|21ur-10752,0,0
CELE_Y51H4A.333|21ur-2723,0,0
CELE_Y51H4A.495|21ur-10141,0,0
CELE_Y51H4A.721|21ur-6088,0,0
CELE_Y51H4A.649|21ur-14965,0,0
CELE_Y51H4A.515|21ur-6655,0,0
CELE_Y51H4A.605|21ur-8607,0,0
CELE_Y51H4A.262|21ur-2628,0,0
CELE_Y51H4A.478|21ur-8924,0,0
CELE_Y51H4A.141|21ur-702,0,0
CELE_Y51H4A.912|21ur-14613,0,0
CELE_Y51H4A.757|21ur-7350,0,0
CELE_Y51H4A.826|21ur-5658,0,0
CELE_Y51H4A.573|21ur-9125,0,0
CELE_Y51H4A.288|21ur-2399,0,0
CELE_Y51H4A.152|21ur-993,0,0
CELE_Y51H4A.443|21ur-7013,0,0
CELE_Y51H4A.701|21ur-10794,0,0
CELE_Y51H4A.525|21ur-7441,0,0
CELE_Y51H4A.884|21ur-11302,0,0
CELE_Y51H4A.65|21ur-4741,0,0
CELE_Y51H4A.364|21ur-105,0,0
CELE_Y51H4A.533|21ur-14274,0,0
CELE_Y51H4A.891|21ur-6411,0,0
CELE_Y51H4A.461|21ur-10515,0,0
CELE_Y51H4A.416|21ur-12619,0,0
CELE_Y51H4A.287|21ur-2145,0,0
CELE_Y51H4A.620|21ur-14397,0,0
CELE_Y51H4A.914|21ur-13415,0,0
CELE_Y51H4A.886|21ur-6277,0,0
CELE_Y51H4A.519|21ur-9392,0,0
CELE_Y51H4A.56|21ur-274,0,0
CELE_Y51H4A.905|21ur-14606,0,0
CELE_Y51H4A.400|21ur-3483,0,0
CELE_Y51H4A.133|21ur-1352,0,0
CELE_Y51H4A.651|21ur-6641,0,0
CELE_Y51H4A.591|21ur-13776,0,0
CELE_Y51H4A.919|21ur-5602,0,0
CELE_Y51H4A.389|21ur-652,0,0
CELE_Y51H4A.772|21ur-6108,0,0
CELE_Y51H4A.406|21ur-13773,0,0
CELE_Y51H4A.569|21ur-5810,0,0
CELE_Y51H4A.T6|Y51H4A.t6,0,0
CELE_Y51H4A.791|21ur-11861,0,0
CELE_Y51H4A.409|21ur-7598,0,0
CELE_Y51H4A.418|21ur-6114,0,0
CELE_Y51H4A.652|21ur-15367,0,0
CELE_Y51H4A.751|21ur-7285,0,0
CELE_Y51H4A.176|21ur-4049,0,0
CELE_Y51H4A.838|21ur-13609,0,0
CELE_Y51H4A.819|21ur-6140,0,0
CELE_Y51H4A.765|21ur-12261,0,0
CELE_Y51H4A.147|21ur-1975,0,0
CELE_Y51H4A.57|21ur-3384,0,0
CELE_Y51H4A.717|21ur-15357,0,0
CELE_Y51H4A.585|21ur-12185,0,0
CELE_Y51H4A.183|21ur-3138,0,0
CELE_Y51H4A.252|21ur-5103,0,0
CELE_Y51H4A.172|21ur-4594,0,0
CELE_Y51H4A.601|21ur-9598,0,0
CELE_Y51H4A.718|21ur-9005,0,0
CELE_Y51H4A.844|21ur-10176,0,0
CELE_Y51H4A.839|21ur-15498,0,0
CELE_Y51H4A.281|21ur-1563,0,0
CELE_Y51H4A.166|21ur-433,0,0
CELE_Y51H4A.940|Y51H4A.940,0,0
CELE_Y51H4A.493|21ur-9660,0,0
CELE_Y51H4A.96|21ur-1545,0,0
CELE_Y51H4A.85|21ur-2871,0,0
CELE_Y51H4A.293|21ur-2561,0,0
CELE_Y51H4A.170|21ur-3122,0,0
CELE_Y51H4A.334|21ur-354,0,0
CELE_Y51H4A.808|21ur-8885,0,0
CELE_Y51H4A.451|21ur-12351,0,0
CELE_Y51H4A.711|21ur-7014,0,0
CELE_Y51H4A.908|21ur-11050,0,0
CELE_Y51H4A.256|21ur-3536,0,0
CELE_Y51H4A.45|21ur-3704,0,0
CELE_Y51H4A.852|21ur-8635,0,0
CELE_Y51H4A.279|21ur-4978,0,0
CELE_Y51H4A.207|21ur-636,0,0
CELE_Y51H4A.545|21ur-9801,0,0
CELE_Y51H4A.663|21ur-15197,0,0
CELE_Y51H4A.540|21ur-11211,0,0
CELE_Y51H4A.481|21ur-6786,0,0
CELE_Y51H4A.156|21ur-2332,0,0
CELE_Y51H4A.786|21ur-13289,0,0
CELE_Y51H4A.882|21ur-11451,0,0
CELE_Y51H4A.768|21ur-5713,0,0
CELE_Y51H4A.730|21ur-12212,0,0
CELE_Y51H4A.801|21ur-9002,0,0
CELE_Y51H4A.237|21ur-5164,0,0
CELE_Y51H4A.485|21ur-11838,0,0
CELE_Y51H4A.800|21ur-15442,0,0
CELE_Y51H4A.454|21ur-13942,0,0
CELE_Y51H4A.371|21ur-1710,0,0
CELE_Y51H4A.593|21ur-9011,0,0
CELE_Y51H4A.761|21ur-11711,0,0
CELE_Y51H4A.564|21ur-10737,0,0
CELE_Y51H4A.726|21ur-7059,0,0
CELE_Y51H4A.647|21ur-7446,0,0
CELE_Y51H4A.554|21ur-7893,0,0
CELE_Y51H4A.804|21ur-12826,0,0
CELE_Y51H4A.137|21ur-4215,0,0
CELE_Y51H4A.813|21ur-13814,0,0
CELE_Y51H4A.483|21ur-12287,0,0
CELE_Y51H4A.762|21ur-12066,0,0
CELE_Y51H4A.925|21ur-8744,0,0
CELE_Y51H4A.642|21ur-9272,0,0
CELE_Y51H4A.874|21ur-13935,0,0
CELE_Y51H4A.142|21ur-2255,0,0
CELE_Y51H4A.173|21ur-1372,0,0
CELE_Y51H4A.794|21ur-13690,0,0
CELE_Y51H4A.823|21ur-9669,0,0
CELE_Y51H4A.376|21ur-2104,0,0
CELE_Y51H4A.120|21ur-4576,0,0
CELE_Y51H4A.138|21ur-2930,0,0
CELE_Y51H4A.657|21ur-9700,0,0
CELE_Y51H4A.613|21ur-12070,0,0
CELE_Y51H4A.373|21ur-1478,0,0
CELE_Y51H4A.89|21ur-5287,0,0
CELE_Y51H4A.319|21ur-2074,0,0
CELE_Y51H4A.157|21ur-4202,0,0
CELE_Y51H4A.494|21ur-8902,0,0
CELE_Y51H4A.424|21ur-11177,0,0
CELE_Y51H4A.738|21ur-7655,0,0
CELE_Y51H4A.101|21ur-5395,0,0
CELE_Y51H4A.720|21ur-7296,0,0
CELE_Y51H4A.38|21ur-1584,0,0
CELE_Y51H4A.752|21ur-10199,0,0
CELE_Y51H4A.737|21ur-14091,0,0
CELE_Y51H4A.53|21ur-4711,0,0
CELE_Y51H4A.218|21ur-4433,0,0
CELE_Y51H4A.837|21ur-7031,0,0
CELE_Y51H4A.346|21ur-1315,0,0
CELE_Y51H4A.51|21ur-2141,0,0
CELE_Y51H4A.261|21ur-4651,0,0
CELE_Y51H4A.307|21ur-190,0,0
CELE_Y51H4A.604|21ur-14224,0,0
CELE_Y51H4A.907|21ur-6830,0,0
CELE_Y51H4A.301|21ur-634,0,0
CELE_Y51H4A.370|21ur-4473,0,0
CELE_Y51H4A.197|21ur-1962,0,0
CELE_Y51H4A.769|21ur-12187,0,0
CELE_Y51H4A.883|21ur-14651,0,0
CELE_Y51H4A.555|21ur-5802,0,0
CELE_Y51H4A.667|21ur-8319,0,0
CELE_Y51H4A.487|21ur-8795,0,0
CELE_Y51H4A.136|21ur-365,0,0
CELE_Y51H4A.299|21ur-4227,0,0
CELE_Y51H4A.95|21ur-937,0,0
CELE_Y51H4A.49|21ur-3060,0,0
CELE_Y51H4A.871|21ur-15472,0,0
CELE_Y51H4A.681|21ur-7525,0,0
CELE_Y51H4A.898|21ur-6137,0,0
CELE_Y51H4A.399|21ur-5039,0,0
CELE_Y51H4A.106|21ur-328,0,0
CELE_Y51H4A.188|21ur-366,0,0
CELE_Y51H4A.44|21ur-4706,0,0
CELE_Y51H4A.640|21ur-10474,0,0
CELE_Y51H4A.167|21ur-78,0,0
CELE_Y51H4A.634|21ur-11866,0,0
CELE_Y51H4A.255|21ur-173,0,0
CELE_Y51H4A.290|21ur-1471,0,0
CELE_Y51H4A.292|21ur-2039,0,0
CELE_Y51H4A.192|21ur-887,0,0
CELE_Y51H4A.97|21ur-2555,0,0
CELE_Y51H4A.158|21ur-4493,0,0
CELE_Y51H4A.59|21ur-463,0,0
CELE_Y51H4A.526|21ur-8818,0,0
CELE_Y51H4A.117|21ur-1292,0,0
CELE_Y51H4A.662|21ur-11511,0,0
CELE_Y51H4A.767|21ur-13518,0,0
CELE_Y51H4A.209|21ur-3782,0,0
CELE_Y51H4A.677|21ur-13635,0,0
CELE_Y51H4A.537|21ur-13549,0,0
CELE_Y51H4A.559|21ur-14602,0,0
CELE_Y51H4A.337|21ur-1759,0,0
CELE_Y51H4A.75|21ur-410,0,0
CELE_Y51H4A.440|21ur-11592,0,0
CELE_Y51H4A.420|21ur-6328,0,0
CELE_Y51H4A.442|21ur-9301,0,0
CELE_Y51H4A.385|21ur-3198,0,0
CELE_Y51H4A.160|21ur-4111,0,0
CELE_Y51H4A.263|21ur-730,0,0
CELE_Y51H4A.579|21ur-9009,0,0
CELE_Y51H4A.930|21ur-9057,0,0
CELE_Y51H4A.577|21ur-14974,0,0
CELE_Y51H4A.902|21ur-11068,0,0
CELE_Y51H4A.479|21ur-10455,0,0
CELE_Y51H4A.438|21ur-14676,0,0
CELE_Y51H4A.789|21ur-6549,0,0
CELE_Y51H4A.401|21ur-5381,0,0
CELE_Y51H4A.778|21ur-5667,0,0
CELE_Y51H4A.706|21ur-9502,0,0
CELE_Y51H4A.816|21ur-13831,0,0
CELE_Y51H4A.260|21ur-1313,0,0
CELE_Y51H4A.849|21ur-8537,0,0
CELE_Y51H4A.928|21ur-12488,0,0
CELE_Y51H4A.330|21ur-1586,0,0
CELE_Y51H4A.671|21ur-7254,0,0
CELE_Y51H4A.68|21ur-5404,0,0
CELE_Y51H4A.305|21ur-4559,0,0
CELE_Y51H4A.300|21ur-1452,0,0
CELE_Y51H4A.587|21ur-13523,0,0
CELE_Y51H4A.848|21ur-13797,0,0
CELE_Y51H4A.282|21ur-2271,0,0
CELE_Y51H4A.646|21ur-14070,0,0
CELE_Y51H4A.63|21ur-4221,0,0
CELE_Y51H4A.340|21ur-1728,0,0
CELE_Y51H4A.522|21ur-10143,0,0
CELE_Y51H4A.116|21ur-4727,0,0
CELE_Y51H4A.10|fip-7,0,0
CELE_Y51H4A.565|21ur-8420,0,0
CELE_Y51H4A.783|21ur-10507,0,0
CELE_Y51H4A.869|21ur-9162,0,0
CELE_Y51H4A.273|21ur-2463,0,0
CELE_Y51H4A.61|21ur-2997,0,0
CELE_Y51H4A.509|21ur-8892,0,0
CELE_Y51H4A.936|Y51H4A.936,0,0
CELE_Y51H4A.815|21ur-12648,0,0
CELE_Y51H4A.238|21ur-2235,0,0
CELE_Y51H4A.189|21ur-4631,0,0
CELE_Y51H4A.403|21ur-13442,0,0
CELE_Y51H4A.303|21ur-1344,0,0
CELE_Y51H4A.153|21ur-4774,0,0
CELE_Y51H4A.500|21ur-5611,0,0
CELE_Y51H4A.32|fipr-27,0,0
CELE_Y51H4A.302|21ur-857,0,0
CELE_Y51H4A.135|21ur-20,0,0
CELE_Y51H4A.703|21ur-15482,0,0
CELE_Y51H4A.201|21ur-4613,0,0
CELE_Y51H4A.322|21ur-3751,0,0
CELE_Y51H4A.916|21ur-9120,0,0
CELE_Y51H4A.704|21ur-7911,0,0
CELE_Y51H4A.130|21ur-5420,0,0
CELE_Y51H4A.889|21ur-7731,0,0
CELE_Y51H4A.285|21ur-2980,0,0
CELE_Y51H4A.581|21ur-6471,0,0
CELE_Y51H4A.865|21ur-12470,0,0
CELE_Y51H4A.666|21ur-13067,0,0
CELE_Y51H4A.107|21ur-1798,0,0
CELE_Y51H4A.110|21ur-3977,0,0
CELE_Y51H4A.387|21ur-4692,0,0
CELE_Y51H4A.628|21ur-9678,0,0
CELE_Y51H4A.506|21ur-12214,0,0
CELE_Y51H4A.592|21ur-7588,0,0
CELE_Y51H4A.186|21ur-3068,0,0
CELE_Y51H4A.756|21ur-15320,0,0
CELE_Y51H4A.295|21ur-315,0,0
CELE_Y51H4A.362|21ur-3413,0,0
CELE_Y51H4A.433|21ur-14548,0,0
CELE_Y51H4A.278|21ur-4768,0,0
CELE_Y51H4A.286|21ur-4528,0,0
CELE_Y51H4A.195|21ur-482,0,0
CELE_Y51H4A.60|21ur-700,0,0
CELE_Y51H4A.77|21ur-2338,0,0
CELE_Y51H4A.563|21ur-9546,0,0
CELE_Y51H4A.689|21ur-7905,0,0
CELE_Y51H4A.551|21ur-5779,0,0
CELE_Y51H4A.447|21ur-13682,0,0
CELE_Y51H4A.240|21ur-1133,0,0
CELE_Y51H4A.397|21ur-4709,0,0
CELE_Y51H4A.705|21ur-14611,0,0
CELE_Y51H4A.380|21ur-1488,0,0
CELE_Y51H4A.336|21ur-4556,0,0
CELE_Y51H4A.180|21ur-4579,0,0
CELE_Y51H4A.583|21ur-9202,0,0
CELE_Y51H4A.672|21ur-13104,0,0
CELE_Y51H4A.132|21ur-596,0,0
CELE_Y51H4A.534|21ur-12143,0,0
CELE_Y51H4A.570|21ur-15239,0,0
CELE_Y51H4A.773|21ur-6907,0,0
CELE_Y51H4A.763|21ur-7752,0,0
CELE_Y51H4A.878|21ur-11504,0,0
CELE_Y51H4A.641|21ur-5601,0,0
CELE_Y51H4A.532|21ur-13626,0,0
CELE_Y51H4A.445|21ur-13633,0,0
CELE_Y51H4A.511|21ur-8850,0,0
CELE_Y51H4A.277|21ur-129,0,0
CELE_Y51H4A.518|21ur-11047,0,0
CELE_Y51H4A.872|21ur-10148,0,0
CELE_Y51H4A.505|21ur-11006,0,0
CELE_Y51H4A.854|21ur-9991,0,0
CELE_Y51H4A.314|21ur-307,0,0
CELE_Y51H4A.215|21ur-2327,0,0
CELE_Y51H4A.897|21ur-6104,0,0
CELE_Y51H4A.686|21ur-13746,0,0
CELE_Y51H4A.36|21ur-783,0,0
CELE_Y51H4A.656|21ur-12298,0,0
CELE_Y51H4A.297|21ur-3605,0,0
CELE_Y51H4A.118|21ur-4569,0,0
CELE_Y51H4A.378|21ur-1527,0,0
CELE_Y51H4A.625|21ur-15021,0,0
CELE_Y51H4A.637|21ur-7899,0,0
CELE_Y51H4A.276|21ur-5389,0,0
CELE_Y51H4A.725|21ur-6000,0,0
CELE_Y51H4A.635|21ur-13550,0,0
CELE_Y51H4A.284|21ur-3838,0,0
CELE_Y51H4A.847|21ur-8609,0,0
CELE_Y51H4A.298|21ur-4999,0,0
CELE_Y51H4A.266|21ur-4129,0,0
CELE_Y51H4A.473|21ur-5827,0,0
CELE_Y51H4A.466|21ur-13696,0,0
CELE_Y51H4A.448|21ur-8579,0,0
CELE_Y51H4A.124|21ur-5339,0,0
CELE_Y51H4A.372|21ur-2299,0,0
CELE_Y51H4A.504|21ur-8939,0,0
CELE_Y51H4A.477|21ur-9735,0,0
CELE_Y51H4A.475|21ur-8809,0,0
CELE_Y51H4A.810|21ur-10912,0,0
CELE_Y51H4A.861|21ur-7842,0,0
CELE_Y51H4A.832|21ur-10690,0,0
CELE_Y51H4A.339|21ur-5003,0,0
CELE_Y51H4A.355|21ur-4691,0,0
CELE_Y51H4A.280|21ur-3350,0,0
CELE_Y51H4A.58|21ur-4551,0,0
CELE_Y51H4A.776|21ur-10418,0,0
CELE_Y51H4A.408|21ur-5880,0,0
CELE_Y51H4A.892|21ur-9714,0,0
CELE_Y51H4A.69|21ur-734,0,0
CELE_Y51H4A.857|21ur-14396,0,0
CELE_Y51H4A.20|Y51H4A.20,0,0
CELE_Y51H4A.T3|Y51H4A.t3,0,0
CELE_Y51H4A.40|21ur-3191,0,0
CELE_Y51H4A.226|21ur-4742,0,0
CELE_Y51H4A.860|21ur-12501,0,0
CELE_Y51H4A.766|21ur-10914,0,0
CELE_Y51H4A.679|21ur-9209,0,0
CELE_Y51H4A.146|21ur-655,0,0
CELE_Y51H4A.417|21ur-11584,0,0
CELE_Y51H4A.920|21ur-13735,0,0
CELE_Y51H4A.217|21ur-3679,0,0
CELE_Y51H4A.T4|Y51H4A.t4,0,0
CELE_Y51H4A.98|21ur-2860,0,0
CELE_Y51H4A.174|21ur-2140,0,0
CELE_Y51H4A.429|21ur-9580,0,0
CELE_Y51H4A.547|21ur-12759,0,0
CELE_Y51H4A.835|21ur-7009,0,0
CELE_Y51H4A.619|21ur-13029,0,0
CELE_Y51H4A.736|21ur-9042,0,0
CELE_Y51H4A.472|21ur-8627,0,0
CELE_Y51H4A.917|21ur-5743,0,0
CELE_Y51H4A.648|21ur-6370,0,0
CELE_Y51H4A.682|21ur-7742,0,0
CELE_Y51H4A.196|21ur-3286,0,0
CELE_Y51H4A.48|21ur-1,0,0
CELE_Y51H4A.446|21ur-15371,0,0
CELE_Y51H4A.66|21ur-3761,0,0
CELE_Y51H4A.744|21ur-13272,0,0
CELE_Y51H4A.258|21ur-17,0,0
CELE_Y51H4A.150|21ur-4093,0,0
CELE_Y51H4A.294|21ur-4296,0,0
CELE_Y51H4A.145|21ur-3512,0,0
CELE_Y51H4A.283|21ur-5025,0,0
CELE_Y51H4A.129|21ur-3783,0,0
CELE_Y51H4A.712|21ur-15170,0,0
CELE_Y51H4A.597|21ur-8343,0,0
CELE_Y51H4A.719|21ur-6723,0,0
CELE_Y51H4A.46|21ur-4437,0,0
CELE_Y51H4A.661|21ur-12030,0,0
CELE_Y51H4A.818|21ur-7382,0,0
CELE_Y51H4A.499|21ur-15345,0,0
CELE_Y51H4A.109|21ur-4092,0,0
CELE_Y51H4A.561|21ur-13834,0,0
CELE_Y51H4A.629|21ur-7202,0,0
CELE_Y51H4A.122|21ur-3936,0,0
CELE_Y51H4A.486|21ur-12943,0,0
CELE_Y51H4A.754|21ur-8700,0,0
CELE_Y51H4A.223|21ur-475,0,0
CELE_Y51H4A.685|21ur-8923,0,0
CELE_Y51H4A.707|21ur-10151,0,0
CELE_Y51H4A.915|21ur-10588,0,0
CELE_Y51H4A.941|Y51H4A.941,0,0
CELE_Y51H4A.216|21ur-2483,0,0
CELE_Y51H4A.520|21ur-13781,0,0
CELE_Y51H4A.316|21ur-3938,0,0
CELE_Y51H4A.194|21ur-5210,0,0
CELE_Y51H4A.572|21ur-14884,0,0
CELE_Y51H4A.811|21ur-15038,0,0
CELE_Y51H4A.414|21ur-12876,0,0
CELE_Y51H4A.212|21ur-3205,0,0
CELE_Y51H4A.140|21ur-1704,0,0
CELE_Y51H4A.93|21ur-4401,0,0
CELE_Y51H4A.427|21ur-14638,0,0
CELE_Y51H4A.177|21ur-1496,0,0
CELE_Y51H4A.527|21ur-11365,0,0
CELE_Y51H4A.411|21ur-8717,0,0
CELE_Y51H4A.193|21ur-3559,0,0
CELE_Y51H4A.436|21ur-6899,0,0
CELE_Y51H4A.410|21ur-7398,0,0
CELE_Y51H4A.743|21ur-13097,0,0
CELE_Y51H4A.932|21ur-13835,0,0
CELE_Y51H4A.747|21ur-11297,0,0
CELE_Y51H4A.155|21ur-1536,0,0
CELE_Y51H4A.535|21ur-10482,0,0
CELE_Y51H4A.306|21ur-1917,0,0
CELE_Y51H4A.799|21ur-10015,0,0
CELE_Y51H4A.821|21ur-14692,0,0
CELE_Y51H4A.164|21ur-2514,0,0
CELE_Y51H4A.529|21ur-13204,0,0
CELE_Y51H4A.510|21ur-12433,0,0
CELE_Y51H4A.514|21ur-15212,0,0
CELE_Y51H4A.921|21ur-6268,0,0
CELE_Y51H4A.82|21ur-245,0,0
CELE_Y51H4A.501|21ur-5456,0,0
CELE_Y51H4A.913|21ur-13090,0,0
CELE_Y51H4A.567|21ur-6791,0,0
CELE_Y51H4A.650|21ur-6170,0,0
CELE_Y51H4A.235|21ur-142,0,0
CELE_Y51H4A.78|21ur-1650,0,0
CELE_Y51H4A.722|21ur-11740,0,0
CELE_Y51H4A.449|21ur-12282,0,0
CELE_Y51H4A.880|21ur-12901,0,0
CELE_Y51H4A.553|21ur-12101,0,0
CELE_Y51H4A.335|21ur-2094,0,0
CELE_Y51H4A.516|21ur-7146,0,0
CELE_Y51H4A.566|21ur-14749,0,0
CELE_Y51H4A.55|21ur-1495,0,0
CELE_Y51H4A.239|21ur-2618,0,0
CELE_Y51H4A.894|21ur-14660,0,0
CELE_Y51H4A.369|21ur-2532,0,0
CELE_Y51H4A.864|21ur-11938,0,0
CELE_Y51H4A.546|21ur-10298,0,0
CELE_Y51H4A.315|21ur-4264,0,0
CELE_Y51H4A.384|21ur-1997,0,0
CELE_Y51H4A.115|21ur-4740,0,0
CELE_Y51H4A.482|21ur-9303,0,0
CELE_Y51H4A.456|21ur-9759,0,0
CELE_Y51H4A.351|21ur-2544,0,0
CELE_Y51H4A.906|21ur-6173,0,0
CELE_Y51H4A.185|21ur-4715,0,0
CELE_Y51H4A.161|21ur-3579,0,0
CELE_Y51H4A.79|21ur-3809,0,0
CELE_Y51H4A.289|21ur-4248,0,0
CELE_Y51H4A.296|21ur-72,0,0
CELE_Y51H4A.425|21ur-9784,0,0
CELE_Y51H4A.678|21ur-6729,0,0
CELE_Y51H4A.312|21ur-4048,0,0
CELE_Y51H4A.469|21ur-9587,0,0
CELE_Y51H4A.208|21ur-3671,0,0
CELE_Y51H4A.259|21ur-120,0,0
CELE_Y51H4A.498|21ur-12115,0,0
CELE_Y51H4A.875|21ur-5698,0,0
CELE_Y51H4A.927|21ur-14208,0,0
CELE_Y51H4A.855|21ur-11188,0,0
CELE_Y51H4A.251|21ur-732,0,0
CELE_Y51H4A.241|21ur-2983,0,0
CELE_Y51H4A.888|21ur-7874,0,0
CELE_Y51H4A.254|21ur-1617,0,0
CELE_Y51H4A.325|21ur-4066,0,0
CELE_Y51H4A.489|21ur-12553,0,0
CELE_Y51H4A.731|21ur-13966,0,0
CELE_Y51H4A.248|21ur-5300,0,0
CELE_Y51H4A.50|21ur-646,0,0
CELE_Y51H4A.528|21ur-10135,0,0
CELE_Y51H4A.463|21ur-9803,0,0
CELE_Y51H4A.205|21ur-2368,0,0
CELE_Y51H4A.363|21ur-1630,0,0
CELE_Y51H4A.623|21ur-15593,0,0
CELE_Y51H4A.693|21ur-5780,0,0
CELE_Y51H4A.795|21ur-5512,0,0
CELE_Y51H4A.602|21ur-6115,0,0
CELE_Y51H4A.552|21ur-12681,0,0
CELE_Y51H4A.732|21ur-5551,0,0
CELE_Y51H4A.775|21ur-12700,0,0
CELE_Y51H4A.214|21ur-1634,0,0
CELE_Y51H4A.741|21ur-13000,0,0
CELE_Y51H4A.746|21ur-9969,0,0
CELE_Y51H4A.162|21ur-3710,0,0
CELE_Y51H4A.361|21ur-1214,0,0
CELE_Y51H4A.105|21ur-256,0,0
CELE_Y51H4A.90|21ur-3642,0,0
CELE_Y51H4A.165|21ur-3445,0,0
CELE_Y51H4A.588|21ur-5710,0,0
CELE_Y51H4A.27|Y51H4A.27,0,0
CELE_Y51H4A.37|21ur-2768,0,0
CELE_Y51H4A.342|21ur-1073,0,0
CELE_Y51H4A.86|21ur-3062,0,0
CELE_Y51H4A.616|21ur-11385,0,0
CELE_Y51H4A.464|21ur-5464,0,0
CELE_Y51H4A.462|21ur-11920,0,0
CELE_Y51H4A.81|21ur-1913,0,0
CELE_Y51H4A.345|21ur-3007,0,0
CELE_Y51H4A.222|21ur-1711,0,0
CELE_Y51H4A.62|21ur-1621,0,0
CELE_Y51H4A.853|21ur-10234,0,0
CELE_Y51H4A.691|21ur-6097,0,0
CELE_Y51H4A.341|21ur-3498,0,0
CELE_Y51H4A.356|21ur-1653,0,0
CELE_Y51H4A.392|21ur-1114,0,0
CELE_Y51H4A.23|Y51H4A.23,0,0
CELE_Y51H4A.360|21ur-2234,0,0
CELE_Y51H4A.735|21ur-9897,0,0
CELE_Y51H4A.377|21ur-1558,0,0
CELE_Y51H4A.668|21ur-9534,0,0
CELE_Y51H4A.242|21ur-5161,0,0
CELE_Y51H4A.787|21ur-12715,0,0
CELE_Y51H4A.700|21ur-8440,0,0
CELE_Y51H4A.168|21ur-3906,0,0
CELE_Y51H4A.673|21ur-11882,0,0
CELE_Y51H4A.428|21ur-12709,0,0
CELE_Y51H4A.576|21ur-11161,0,0
CELE_Y51H4A.571|21ur-6324,0,0
CELE_Y51H4A.702|21ur-11325,0,0
CELE_Y51H4A.99|21ur-3963,0,0
CELE_Y51H4A.491|21ur-14248,0,0
CELE_Y51H4A.450|21ur-6383,0,0
CELE_Y51H4A.609|21ur-8375,0,0
CELE_Y51H4A.502|21ur-9376,0,0
CELE_Y51H4A.125|21ur-3121,0,0
CELE_Y51H4A.269|21ur-1262,0,0
CELE_Y51H4A.934|21ur-12978,0,0
CELE_Y51H4A.88|21ur-2720,0,0
CELE_Y51H4A.383|21ur-5078,0,0
CELE_Y51H4A.149|21ur-1965,0,0
CELE_Y51H4A.654|21ur-9581,0,0
CELE_Y51H4A.476|21ur-14264,0,0
CELE_Y51H4A.606|21ur-5866,0,0
CELE_Y51H4A.785|21ur-13446,0,0
CELE_Y51H4A.866|21ur-11295,0,0
CELE_Y51H4A.753|21ur-14658,0,0
CELE_Y51H4A.468|21ur-7904,0,0
CELE_Y51H4A.354|21ur-507,0,0
CELE_Y51H4A.877|21ur-9582,0,0
CELE_Y51H4A.250|21ur-90,0,0
CELE_Y51H4A.622|21ur-7404,0,0
CELE_Y51H4A.230|21ur-1424,0,0
CELE_Y51H4A.83|21ur-4319,0,0
CELE_Y51H4A.80|21ur-2915,0,0
CELE_Y51H4A.358|21ur-3142,0,0
CELE_Y51H4A.931|21ur-9407,0,0
CELE_Y51H4A.224|21ur-3090,0,0
CELE_Y51H4A.435|21ur-12046,0,0
CELE_Y51H4A.199|21ur-4122,0,0
CELE_Y51H4A.225|21ur-4424,0,0
CELE_Y43D4A.10|Y43D4A.10,0,0
CELE_Y43D4A.128|21ur-11906,0,0
CELE_Y43D4A.81|21ur-9607,0,0
CELE_Y43D4A.120|21ur-6902,0,0
CELE_Y43D4A.75|21ur-12964,0,0
CELE_Y43D4A.102|21ur-8886,0,0
CELE_Y43D4A.89|21ur-7835,0,0
CELE_Y43D4A.93|21ur-15305,0,0
CELE_Y43D4A.134|21ur-7644,0,0
CELE_Y43D4A.60|21ur-4865,0,0
CELE_Y43D4A.135|21ur-10572,0,0
CELE_Y43D4A.72|21ur-12522,0,0
CELE_Y43D4A.45|21ur-2379,0,0
CELE_Y43D4A.43|21ur-4474,0,0
CELE_Y43D4A.31|21ur-3168,0,0
CELE_Y43D4A.98|21ur-12484,0,0
CELE_Y43D4A.96|21ur-7509,0,0
CELE_Y43D4A.154|21ur-8119,0,0
CELE_Y43D4A.107|21ur-11455,0,0
CELE_Y43D4A.39|21ur-1939,0,0
CELE_Y43D4A.30|21ur-53,0,0
CELE_Y43D4A.T1|Y43D4A.t1,0,0
CELE_Y43D4A.99|21ur-6670,0,0
CELE_Y43D4A.68|21ur-119,0,0
CELE_Y43D4A.71|21ur-6663,0,0
CELE_Y43D4A.36|21ur-5276,0,0
CELE_Y43D4A.149|21ur-13887,0,0
CELE_Y43D4A.118|21ur-9395,0,0
CELE_Y43D4A.23|21ur-578,0,0
CELE_Y43D4A.90|21ur-6067,0,0
CELE_Y43D4A.95|21ur-12817,0,0
CELE_Y43D4A.147|21ur-5461,0,0
CELE_Y43D4A.14|21ur-38,0,0
CELE_Y43D4A.142|21ur-10663,0,0
CELE_Y43D4A.25|21ur-2645,0,0
CELE_Y43D4A.79|21ur-15467,0,0
CELE_Y43D4A.24|21ur-725,0,0
CELE_Y43D4A.115|21ur-12240,0,0
CELE_Y43D4A.73|21ur-8029,0,0
CELE_Y43D4A.140|21ur-12588,0,0
CELE_Y43D4A.50|21ur-4796,0,0
CELE_Y43D4A.44|21ur-2445,0,0
CELE_Y43D4A.121|21ur-14535,0,0
CELE_Y43D4A.49|21ur-179,0,0
CELE_Y43D4A.127|21ur-9845,0,0
CELE_Y43D4A.47|21ur-324,0,0
CELE_Y43D4A.78|21ur-9570,0,0
CELE_Y43D4A.112|21ur-11016,0,0
CELE_Y43D4A.161|21ur-8208,0,0
CELE_Y43D4A.67|21ur-3701,0,0
CELE_Y43D4A.62|21ur-2232,0,0
CELE_Y43D4A.65|21ur-2897,0,0
CELE_Y43D4A.32|21ur-799,0,0
CELE_Y43D4A.17|21ur-3921,0,0
CELE_Y43D4A.119|21ur-10001,0,0
CELE_Y43D4A.156|21ur-8110,0,0
CELE_Y43D4A.56|21ur-1499,0,0
CELE_Y43D4A.35|21ur-2562,0,0
CELE_Y43D4A.85|21ur-15072,0,0
CELE_Y43D4A.70|21ur-10728,0,0
CELE_Y43D4A.61|21ur-548,0,0
CELE_Y43D4A.21|21ur-3272,0,0
CELE_Y43D4A.123|21ur-7356,0,0
CELE_Y43D4A.58|21ur-1827,0,0
CELE_Y43D4A.97|21ur-8356,0,0
CELE_Y43D4A.101|21ur-9944,0,0
CELE_Y43D4A.106|21ur-7873,0,0
CELE_Y43D4A.22|21ur-3452,0,0
CELE_Y43D4A.19|21ur-212,0,0
CELE_Y43D4A.105|21ur-7951,0,0
CELE_Y43D4A.138|21ur-7425,0,0
CELE_Y43D4A.159|21ur-7230,0,0
CELE_Y43D4A.137|21ur-9010,0,0
CELE_Y43D4A.145|21ur-10125,0,0
CELE_Y43D4A.91|21ur-10655,0,0
CELE_Y43D4A.69|21ur-12650,0,0
CELE_Y43D4A.38|21ur-207,0,0
CELE_Y43D4A.34|21ur-4890,0,0
CELE_Y43D4A.100|21ur-15609,0,0
CELE_Y43D4A.153|21ur-8074,0,0
CELE_Y43D4A.124|21ur-14433,0,0
CELE_Y43D4A.55|21ur-4476,0,0
CELE_Y43D4A.83|21ur-15470,0,0
CELE_Y43D4A.155|21ur-10236,0,0
CELE_Y43D4A.84|21ur-7863,0,0
CELE_Y43D4A.132|21ur-14553,0,0
CELE_Y43D4A.82|21ur-13249,0,0
CELE_Y43D4A.63|21ur-4675,0,0
CELE_Y43D4A.111|21ur-5605,0,0
CELE_Y43D4A.74|21ur-11569,0,0
CELE_Y43D4A.94|21ur-11983,0,0
CELE_Y43D4A.27|21ur-3656,0,0
CELE_Y43D4A.129|21ur-12049,0,0
CELE_Y43D4A.64|21ur-4262,0,0
CELE_Y43D4A.18|21ur-5254,0,0
CELE_Y43D4A.114|21ur-15120,0,0
CELE_Y43D4A.158|21ur-10557,0,0
CELE_Y43D4A.15|21ur-4629,0,0
CELE_Y43D4A.53|21ur-18,0,0
CELE_Y43D4A.57|21ur-691,0,0
CELE_Y43D4A.117|21ur-11515,0,0
CELE_Y43D4A.151|21ur-6933,0,0
CELE_Y43D4A.92|21ur-10620,0,0
CELE_Y116A8A.74|21ur-7974,0,0
CELE_Y116A8A.83|21ur-8711,0,0
CELE_Y116A8A.32|21ur-3973,0,0
CELE_Y116A8A.82|21ur-14616,0,0
CELE_Y116A8A.99|21ur-9499,0,0
CELE_Y116A8A.33|21ur-2909,0,0
CELE_Y116A8A.67|21ur-6541,0,0
CELE_Y116A8A.35|21ur-387,0,0
CELE_Y116A8A.135|21ur-10514,0,0
CELE_Y116A8A.112|21ur-5740,0,0
CELE_Y116A8A.56|21ur-3099,0,0
CELE_Y116A8A.132|21ur-9323,0,0
CELE_Y116A8A.151|anr-55,0,0
CELE_Y116A8A.37|21ur-176,0,0
CELE_Y116A8A.110|21ur-11770,0,0
CELE_Y116A8A.111|21ur-8876,0,0
CELE_Y116A8A.1|clec-192,0,0
CELE_Y116A8A.115|21ur-8740,0,0
CELE_Y116A8A.75|21ur-12152,0,0
CELE_Y116A8A.133|21ur-7326,0,0
CELE_Y116A8A.34|21ur-3462,0,0
CELE_Y116A8A.92|21ur-15183,0,0
CELE_Y116A8A.19|21ur-2495,0,0
CELE_Y116A8A.71|21ur-14142,0,0
CELE_Y116A8A.91|21ur-10781,0,0
CELE_Y116A8A.79|21ur-11540,0,0
CELE_Y116A8A.95|21ur-6215,0,0
CELE_Y116A8A.54|21ur-1295,0,0
CELE_Y116A8A.98|21ur-14286,0,0
CELE_Y116A8A.114|21ur-10788,0,0
CELE_Y116A8A.12|21ur-3313,0,0
CELE_Y116A8A.138|21ur-13570,0,0
CELE_Y116A8A.52|21ur-3793,0,0
CELE_Y116A8A.88|21ur-13569,0,0
CELE_Y116A8A.145|21ur-7335,0,0
CELE_Y116A8A.48|21ur-2738,0,0
CELE_Y116A8A.90|21ur-14350,0,0
CELE_Y116A8A.121|21ur-7506,0,0
CELE_Y116A8A.127|21ur-11464,0,0
CELE_Y116A8A.57|21ur-3277,0,0
CELE_Y116A8A.109|21ur-13135,0,0
CELE_Y116A8A.124|21ur-6126,0,0
CELE_Y116A8A.86|21ur-15636,0,0
CELE_Y116A8A.16|21ur-3106,0,0
CELE_Y116A8A.38|21ur-477,0,1
CELE_Y116A8A.141|21ur-11191,0,0
CELE_Y116A8A.13|21ur-3683,0,0
CELE_Y116A8A.134|21ur-7522,0,0
CELE_Y116A8A.40|21ur-2912,0,0
CELE_Y116A8A.55|21ur-706,0,0
CELE_Y116A8A.39|21ur-4298,0,0
CELE_Y116A8A.21|21ur-888,0,0
CELE_Y116A8A.122|21ur-9288,0,0
CELE_Y116A8A.130|21ur-9971,0,0
CELE_Y116A8A.50|21ur-1616,0,0
CELE_Y116A8A.65|21ur-4526,0,0
CELE_Y116A8A.27|21ur-4150,0,0
CELE_Y116A8A.29|21ur-1887,0,0
CELE_Y116A8A.64|21ur-4883,0,0
CELE_Y116A8A.126|21ur-9173,0,0
CELE_Y116A8A.118|21ur-6153,0,0
CELE_Y116A8A.47|21ur-1088,0,0
CELE_Y116A8A.137|21ur-8235,0,0
CELE_Y116A8A.31|21ur-775,0,0
CELE_Y116A8A.143|21ur-6191,0,0
CELE_Y116A8A.123|21ur-13695,0,0
CELE_Y116A8A.87|21ur-13278,0,0
CELE_Y116A8A.53|21ur-2457,0,0
CELE_Y116A8A.148|21ur-10744,0,0
CELE_Y116A8A.146|21ur-12234,0,0
CELE_Y116A8A.144|21ur-11333,0,0
CELE_Y116A8A.61|21ur-917,0,0
CELE_Y116A8A.23|21ur-4426,0,0
CELE_Y116A8A.76|21ur-14182,0,0
CELE_Y116A8A.59|21ur-1389,0,0
CELE_T06A10.51|21ur-8082,0,0
CELE_T06A10.36|21ur-2473,0,0
CELE_T06A10.63|21ur-11405,0,0
CELE_T06A10.90|21ur-8540,0,0
CELE_T06A10.34|21ur-1992,0,0
CELE_T06A10.37|21ur-2659,0,0
CELE_T06A10.40|21ur-170,0,0
CELE_T06A10.84|21ur-6718,0,0
CELE_T06A10.71|21ur-9000,0,0
CELE_T06A10.75|21ur-11459,0,0
CELE_T06A10.9|21ur-3584,0,0
CELE_T06A10.94|21ur-6562,0,0
CELE_T06A10.85|21ur-9326,0,0
CELE_T06A10.91|21ur-12368,0,0
CELE_T06A10.69|21ur-7657,0,0
CELE_T06A10.27|21ur-5009,0,0
CELE_T06A10.60|21ur-8567,0,0
CELE_T06A10.42|21ur-1432,0,0
CELE_T06A10.61|21ur-8084,0,0
CELE_T06A10.23|21ur-564,0,1
CELE_T06A10.82|21ur-7511,0,0
CELE_T06A10.44|21ur-13152,0,1
CELE_T06A10.78|21ur-7981,0,0
CELE_T06A10.80|21ur-7806,0,0
CELE_T06A10.70|21ur-13141,0,0
CELE_T06A10.13|21ur-4442,0,0
CELE_T06A10.26|21ur-3226,0,0
CELE_T06A10.97|21ur-14901,0,0
CELE_T06A10.57|21ur-9327,0,0
CELE_T06A10.103|21ur-6336,0,0
CELE_T06A10.53|21ur-8637,0,0
CELE_T06A10.59|21ur-9268,0,0
CELE_T06A10.35|21ur-3437,0,0
CELE_T06A10.8|21ur-1769,0,0
CELE_T06A10.79|21ur-9263,0,0
CELE_T06A10.83|21ur-12547,0,0
CELE_T06A10.39|21ur-4940,0,0
CELE_T06A10.92|21ur-12184,0,0
CELE_T06A10.32|21ur-4130,0,0
CELE_T06A10.24|21ur-2700,0,0
CELE_T06A10.55|21ur-9754,0,0
CELE_T06A10.76|21ur-5891,0,0
CELE_T06A10.45|21ur-5814,0,0
CELE_T06A10.88|21ur-9835,0,0
CELE_T06A10.22|21ur-2828,0,0
CELE_T06A10.43|21ur-2986,0,0
CELE_T06A10.99|21ur-7730,0,0
CELE_T06A10.93|21ur-11765,0,0
CELE_T06A10.28|21ur-285,0,0
CELE_T06A10.46|21ur-8625,0,0
CELE_T06A10.20|21ur-2658,0,0
CELE_T06A10.89|21ur-12054,0,0
CELE_T06A10.11|21ur-3779,0,0
CELE_T06A10.58|21ur-7673,0,0
CELE_T06A10.14|21ur-2657,0,0
CELE_T06A10.33|21ur-2572,0,0
CELE_T06A10.17|21ur-5088,0,0
CELE_T06A10.49|21ur-11075,0,0
CELE_T06A10.48|21ur-15349,0,0
CELE_T06A10.30|21ur-3879,0,0
CELE_T06A10.54|21ur-6493,0,0
CELE_T06A10.101|21ur-12430,0,0
CELE_T06A10.81|21ur-11804,0,0
CELE_T06A10.5|21ur-338,0,0
CELE_T06A10.65|21ur-11995,0,0
CELE_T06A10.41|21ur-1333,0,0
CELE_T06A10.7|21ur-3621,0,0
CELE_T06A10.96|21ur-14193,0,0
CELE_T06A10.16|21ur-1494,0,0
CELE_T06A10.15|21ur-1279,0,0
CELE_T06A10.18|21ur-10,0,0
CELE_T06A10.10|21ur-1701,0,0
CELE_T06A10.19|21ur-486,0,0
CELE_T06A10.64|21ur-11377,0,0
CELE_T06A10.56|21ur-6415,0,0
CELE_T06A10.50|21ur-14148,0,0
CELE_T06A10.62|21ur-6727,0,0
CELE_T06A10.100|21ur-11140,0,0
CELE_T06A10.25|21ur-2200,0,0
CELE_T06A10.87|21ur-13541,0,1
CELE_T06A10.68|21ur-13058,0,0
CELE_T06A10.77|21ur-8043,0,0
CELE_T06A10.66|21ur-9746,0,0
CELE_T06A10.38|21ur-1500,0,0
CELE_T06A10.31|21ur-5340,0,0
CELE_T06A10.73|21ur-9882,0,0
CELE_T06A10.95|21ur-12042,0,0
CELE_T06A10.6|21ur-380,0,0
CELE_T06A10.29|21ur-1186,0,0
CELE_T06A10.21|21ur-1367,0,0
CELE_T06A10.104|21ur-11667,0,0
CELE_T06A10.12|21ur-1395,0,0
CELE_T06A10.98|21ur-8550,0,0
CELE_T06A10.86|21ur-8453,0,0
CELE_T06A10.52|21ur-11035,0,0
CELE_T06A10.67|21ur-7135,0,0
CELE_T06A10.47|21ur-6454,0,0
CELE_C26C9.9|21ur-7530,0,0
CELE_C26C9.10|21ur-13786,0,0
CELE_C26C9.11|21ur-14415,0,0
CELE_C26C9.4|21ur-2329,0,0
CELE_C26C9.15|21ur-9611,0,0
CELE_C26C9.6|21ur-4453,0,0
CELE_C26C9.7|21ur-5294,0,0
CELE_C26C9.14|21ur-7630,0,0
CELE_C26C9.3|21ur-4606,0,0
CELE_C26C9.5|21ur-572,0,0
CELE_C26C9.12|21ur-6458,0,0
CELE_C26C9.8|21ur-14341,0,0
CELE_C26C9.13|21ur-7443,0,0
CELE_Y116A8C.1|Y116A8C.1,0,0
CELE_Y116A8C.373|21ur-5553,0,0
CELE_Y116A8C.231|21ur-10877,0,0
CELE_Y116A8C.429|21ur-10404,0,0
CELE_Y116A8C.146|21ur-1216,0,0
CELE_Y116A8C.382|21ur-8668,0,0
CELE_Y116A8C.253|21ur-6560,0,0
CELE_Y116A8C.313|21ur-9433,0,0
CELE_Y116A8C.411|21ur-11986,0,0
CELE_Y116A8C.86|21ur-52,0,0
CELE_Y116A8C.360|21ur-8011,0,0
CELE_Y116A8C.430|21ur-13420,0,0
CELE_Y116A8C.165|21ur-3534,0,0
CELE_Y116A8C.122|21ur-1338,0,0
CELE_Y116A8C.457|21ur-11764,0,0
CELE_Y116A8C.114|21ur-2006,0,0
CELE_Y116A8C.369|21ur-7785,0,0
CELE_Y116A8C.321|21ur-5701,0,0
CELE_Y116A8C.415|21ur-13166,0,0
CELE_Y116A8C.105|21ur-2089,0,0
CELE_Y116A8C.201|21ur-6785,0,0
CELE_Y116A8C.441|21ur-9629,0,0
CELE_Y116A8C.292|21ur-12453,0,0
CELE_Y116A8C.246|21ur-9280,0,0
CELE_Y116A8C.60|21ur-3545,0,0
CELE_Y116A8C.291|21ur-8565,0,0
CELE_Y116A8C.408|21ur-7177,0,0
CELE_Y116A8C.150|21ur-1278,0,0
CELE_Y116A8C.84|21ur-5089,0,0
CELE_Y116A8C.158|21ur-461,0,0
CELE_Y116A8C.424|21ur-14372,0,0
CELE_Y116A8C.419|21ur-6760,0,0
CELE_Y116A8C.280|21ur-7298,0,0
CELE_Y116A8C.75|21ur-115,0,0
CELE_Y116A8C.423|21ur-15680,0,0
CELE_Y116A8C.132|21ur-3417,0,0
CELE_Y116A8C.240|21ur-7935,0,0
CELE_Y116A8C.296|21ur-13637,0,0
CELE_Y116A8C.433|21ur-7164,0,0
CELE_Y116A8C.242|21ur-10754,0,0
CELE_Y116A8C.99|21ur-2780,0,0
CELE_Y116A8C.443|21ur-14167,0,0
CELE_Y116A8C.192|21ur-5311,0,0
CELE_Y116A8C.452|21ur-15478,0,0
CELE_Y116A8C.191|21ur-659,0,0
CELE_Y116A8C.271|21ur-6209,0,0
CELE_Y116A8C.144|21ur-3693,0,0
CELE_Y116A8C.177|21ur-4640,0,0
CELE_Y116A8C.381|21ur-12137,0,0
CELE_Y116A8C.394|21ur-7355,0,0
CELE_Y116A8C.183|21ur-959,0,0
CELE_Y116A8C.294|21ur-14144,0,0
CELE_Y116A8C.128|21ur-5307,0,0
CELE_Y116A8C.134|21ur-2950,0,0
CELE_Y116A8C.213|21ur-10081,0,0
CELE_Y116A8C.376|21ur-5768,0,0
CELE_Y116A8C.261|21ur-13819,0,0
CELE_Y116A8C.202|21ur-14406,0,0
CELE_Y116A8C.239|21ur-15683,0,0
CELE_Y116A8C.330|21ur-5790,0,0
CELE_Y116A8C.370|21ur-15558,0,0
CELE_Y116A8C.341|21ur-10459,0,0
CELE_Y116A8C.371|21ur-14128,0,0
CELE_Y116A8C.416|21ur-6884,0,0
CELE_Y116A8C.463|Y116A8C.463,0,0
CELE_Y116A8C.365|21ur-8866,0,0
CELE_Y116A8C.471|Y116A8C.471,0,0
CELE_Y116A8C.49|Y116A8C.49,0,0
CELE_Y116A8C.14|rom-3,0,0
CELE_Y116A8C.208|21ur-9547,0,0
CELE_Y116A8C.388|21ur-11174,0,0
CELE_Y116A8C.322|21ur-11835,0,0
CELE_Y116A8C.267|21ur-13905,0,0
CELE_Y116A8C.332|21ur-6242,0,0
CELE_Y116A8C.350|21ur-8834,0,0
CELE_Y116A8C.194|21ur-5159,0,0
CELE_Y116A8C.199|Y116A8C.199,0,0
CELE_Y116A8C.303|21ur-9980,0,0
CELE_Y116A8C.438|21ur-11846,0,0
CELE_Y116A8C.221|21ur-7498,0,0
CELE_Y116A8C.275|21ur-12448,0,0
CELE_Y116A8C.181|21ur-3529,0,0
CELE_Y116A8C.447|21ur-14687,0,0
CELE_Y116A8C.431|21ur-10339,0,0
CELE_Y116A8C.357|21ur-8971,0,0
CELE_Y116A8C.287|21ur-11912,0,0
CELE_Y116A8C.402|21ur-11547,0,0
CELE_Y116A8C.235|21ur-5949,0,0
CELE_Y116A8C.215|21ur-8243,0,0
CELE_Y116A8C.94|21ur-4373,0,0
CELE_Y116A8C.250|21ur-14506,0,0
CELE_Y116A8C.121|21ur-1660,0,0
CELE_Y116A8C.317|21ur-12169,0,0
CELE_Y116A8C.251|21ur-8823,0,0
CELE_Y116A8C.312|21ur-8516,0,0
CELE_Y116A8C.91|21ur-3232,0,0
CELE_Y116A8C.186|21ur-1132,0,0
CELE_Y116A8C.398|21ur-14357,0,0
CELE_Y116A8C.399|21ur-8372,0,0
CELE_Y116A8C.344|21ur-6948,0,0
CELE_Y116A8C.442|21ur-11725,0,0
CELE_Y116A8C.396|21ur-13208,0,0
CELE_Y116A8C.406|21ur-7923,0,0
CELE_Y116A8C.130|21ur-3807,0,0
CELE_Y116A8C.338|21ur-13129,0,0
CELE_Y116A8C.195|21ur-4583,0,0
CELE_Y116A8C.69|21ur-3408,0,0
CELE_Y116A8C.57|21ur-3347,0,0
CELE_Y116A8C.148|21ur-2718,0,0
CELE_Y116A8C.85|21ur-235,0,0
CELE_Y116A8C.281|21ur-5864,0,0
CELE_Y116A8C.339|21ur-12909,0,0
CELE_Y116A8C.418|21ur-10356,0,0
CELE_Y116A8C.305|21ur-6240,0,0
CELE_Y116A8C.461|21ur-6709,0,0
CELE_Y116A8C.170|21ur-1526,0,0
CELE_Y116A8C.220|21ur-11030,0,0
CELE_Y116A8C.196|21ur-1733,0,0
CELE_Y116A8C.185|21ur-4725,0,0
CELE_Y116A8C.269|21ur-7389,0,0
CELE_Y116A8C.327|21ur-14168,0,0
CELE_Y116A8C.264|21ur-11262,0,0
CELE_Y116A8C.364|21ur-9916,0,0
CELE_Y116A8C.169|21ur-4570,0,0
CELE_Y116A8C.446|21ur-8610,0,0
CELE_Y116A8C.160|21ur-4360,0,0
CELE_Y116A8C.356|21ur-8242,0,0
CELE_Y116A8C.166|21ur-3436,0,0
CELE_Y116A8C.410|21ur-12683,0,0
CELE_Y116A8C.226|21ur-12322,0,0
CELE_Y116A8C.272|21ur-6197,0,0
CELE_Y116A8C.352|21ur-14237,0,0
CELE_Y116A8C.229|21ur-8463,0,0
CELE_Y116A8C.167|21ur-2681,0,0
CELE_Y116A8C.361|21ur-14679,0,0
CELE_Y116A8C.55|21ur-4925,0,0
CELE_Y116A8C.111|21ur-291,0,0
CELE_Y116A8C.456|21ur-12078,0,0
CELE_Y116A8C.386|21ur-10583,0,0
CELE_Y116A8C.212|21ur-7957,0,0
CELE_Y116A8C.403|21ur-9359,0,0
CELE_Y116A8C.366|21ur-13575,0,0
CELE_Y116A8C.308|21ur-11566,0,0
CELE_Y116A8C.77|21ur-3812,0,0
CELE_Y116A8C.270|21ur-7022,0,0
CELE_Y116A8C.298|21ur-13125,0,0
CELE_Y116A8C.205|21ur-11697,0,0
CELE_Y116A8C.383|21ur-13492,0,0
CELE_Y116A8C.414|21ur-12121,0,0
CELE_Y116A8C.67|21ur-3035,0,0
CELE_Y116A8C.346|21ur-5532,0,0
CELE_Y116A8C.233|21ur-14404,0,0
CELE_Y116A8C.101|21ur-1370,0,0
CELE_Y116A8C.156|21ur-1356,0,0
CELE_Y116A8C.315|21ur-10774,0,0
CELE_Y116A8C.210|21ur-10171,0,0
CELE_Y116A8C.297|21ur-11335,0,0
CELE_Y116A8C.256|21ur-6719,0,0
CELE_Y116A8C.413|21ur-15677,0,0
CELE_Y116A8C.138|21ur-4982,0,0
CELE_Y116A8C.133|21ur-2349,0,0
CELE_Y116A8C.11|nccd-1,0,0
CELE_Y116A8C.404|21ur-13962,0,0
CELE_Y116A8C.283|21ur-5955,0,0
CELE_Y116A8C.140|21ur-43,0,0
CELE_Y116A8C.426|21ur-10070,0,0
CELE_Y116A8C.76|21ur-3075,0,0
CELE_Y116A8C.311|21ur-6365,0,0
CELE_Y116A8C.435|21ur-7580,0,0
CELE_Y116A8C.377|21ur-12732,0,0
CELE_Y116A8C.164|21ur-1861,0,0
CELE_Y116A8C.120|21ur-2866,0,0
CELE_Y116A8C.368|21ur-5741,0,0
CELE_Y116A8C.351|21ur-14448,0,0
CELE_Y116A8C.329|21ur-9874,0,0
CELE_Y116A8C.318|21ur-14475,0,0
CELE_Y116A8C.395|21ur-14533,0,0
CELE_Y116A8C.328|21ur-9697,0,0
CELE_Y116A8C.184|21ur-3777,0,0
CELE_Y116A8C.100|21ur-4123,0,0
CELE_Y116A8C.349|21ur-9199,0,0
CELE_Y116A8C.340|21ur-14413,0,0
CELE_Y116A8C.422|21ur-6079,0,0
CELE_Y116A8C.316|21ur-8401,0,0
CELE_Y116A8C.407|21ur-8657,0,0
CELE_Y116A8C.282|21ur-15661,0,0
CELE_Y116A8C.237|21ur-6245,0,0
CELE_Y116A8C.324|21ur-10373,0,0
CELE_Y116A8C.173|21ur-2854,0,0
CELE_Y116A8C.81|21ur-3404,0,0
CELE_Y116A8C.72|21ur-3143,0,0
CELE_Y116A8C.355|21ur-6870,0,0
CELE_Y116A8C.109|21ur-3651,0,0
CELE_Y116A8C.289|21ur-13382,0,0
CELE_Y116A8C.206|21ur-7124,0,0
CELE_Y116A8C.378|21ur-14474,0,0
CELE_Y116A8C.260|21ur-11777,0,0
CELE_Y116A8C.56|21ur-1986,0,0
CELE_Y116A8C.331|21ur-5565,0,0
CELE_Y116A8C.273|21ur-14921,0,0
CELE_Y116A8C.432|21ur-8486,0,0
CELE_Y116A8C.277|21ur-6554,0,0
CELE_Y116A8C.227|21ur-14392,0,0
CELE_Y116A8C.124|21ur-5186,0,0
CELE_Y116A8C.98|21ur-1170,0,0
CELE_Y116A8C.379|21ur-11552,0,0
CELE_Y116A8C.391|21ur-9928,0,0
CELE_Y116A8C.258|21ur-9208,0,0
CELE_Y116A8C.198|21ur-5023,0,0
CELE_Y116A8C.163|21ur-5170,0,0
CELE_Y116A8C.454|21ur-12526,0,0
CELE_Y116A8C.123|21ur-5203,0,0
CELE_Y116A8C.362|21ur-10248,0,0
CELE_Y116A8C.174|21ur-3649,0,0
CELE_Y116A8C.190|21ur-2053,0,0
CELE_Y116A8C.335|21ur-10476,0,0
CELE_Y116A8C.385|21ur-8092,0,0
CELE_Y116A8C.103|21ur-349,0,0
CELE_Y116A8C.161|21ur-4972,0,0
CELE_Y116A8C.363|21ur-7039,0,0
CELE_Y116A8C.52|Y116A8C.52,0,0
CELE_Y116A8C.232|21ur-8017,0,0
CELE_Y116A8C.420|21ur-9954,0,0
CELE_Y116A8C.107|21ur-5014,0,0
CELE_Y116A8C.207|21ur-14236,0,0
CELE_Y116A8C.59|21ur-986,0,0
CELE_Y116A8C.157|21ur-3352,0,0
CELE_Y116A8C.279|21ur-13271,0,0
CELE_Y116A8C.436|21ur-5702,0,0
CELE_Y116A8C.178|21ur-5297,0,0
CELE_Y116A8C.320|21ur-9722,0,0
CELE_Y116A8C.285|21ur-5474,0,0
CELE_Y116A8C.288|21ur-8629,0,0
CELE_Y116A8C.180|21ur-2091,0,0
CELE_Y116A8C.245|21ur-9123,0,0
CELE_Y116A8C.68|21ur-3184,0,0
CELE_Y116A8C.439|21ur-8311,0,0
CELE_Y116A8C.295|21ur-11041,0,0
CELE_Y116A8C.230|21ur-15597,0,0
CELE_Y116A8C.409|21ur-9525,0,0
CELE_Y116A8C.389|21ur-11541,0,0
CELE_Y116A8C.18|nhr-229,0,0
CELE_Y116A8C.323|21ur-13680,0,0
CELE_Y116A8C.234|21ur-7807,0,0
CELE_Y116A8C.375|21ur-12010,0,0
CELE_Y116A8C.118|21ur-566,0,0
CELE_Y116A8C.219|21ur-9691,0,0
CELE_Y116A8C.175|21ur-1788,0,0
CELE_Y116A8C.238|21ur-8470,0,0
CELE_Y116A8C.372|21ur-10157,0,0
CELE_Y116A8C.299|21ur-9112,0,0
CELE_Y116A8C.126|21ur-3023,0,0
CELE_Y116A8C.223|21ur-12289,0,0
CELE_Y116A8C.203|21ur-14394,0,0
CELE_Y116A8C.359|21ur-10172,0,0
CELE_Y116A8C.90|21ur-3620,0,0
CELE_Y116A8C.66|21ur-5165,0,0
CELE_Y116A8C.142|21ur-2464,0,0
CELE_Y116A8C.222|21ur-8487,0,0
CELE_Y116A8C.154|21ur-1814,0,0
CELE_Y116A8C.445|21ur-7189,0,0
CELE_Y116A8C.131|21ur-4037,0,0
CELE_Y116A8C.83|21ur-3952,0,0
CELE_Y116A8C.159|21ur-1851,0,0
CELE_Y116A8C.153|21ur-813,0,0
CELE_Y116A8C.116|21ur-4131,0,0
CELE_Y116A8C.384|21ur-11994,0,0
CELE_Y116A8C.92|21ur-1448,0,0
CELE_Y116A8C.400|21ur-13646,0,0
CELE_Y116A8C.88|21ur-11,0,0
CELE_Y116A8C.301|21ur-7468,0,0
CELE_Y116A8C.425|21ur-10396,0,0
CELE_Y116A8C.257|21ur-8398,0,0
CELE_Y116A8C.450|21ur-8525,0,0
CELE_Y116A8C.387|21ur-11416,0,0
CELE_Y116A8C.453|21ur-12512,0,0
CELE_Y116A8C.78|21ur-5064,0,0
CELE_Y116A8C.345|21ur-9556,0,0
CELE_Y116A8C.200|21ur-13838,0,0
CELE_Y116A8C.314|21ur-15158,0,0
CELE_Y116A8C.63|21ur-41,0,0
CELE_Y116A8C.448|21ur-6971,0,0
CELE_Y116A8C.135|21ur-1806,0,0
CELE_Y116A8C.336|21ur-15596,0,0
CELE_Y116A8C.255|21ur-6381,0,0
CELE_Y116A8C.137|21ur-4603,0,0
CELE_Y116A8C.187|21ur-2010,0,0
CELE_Y116A8C.127|21ur-2683,0,0
CELE_Y116A8C.155|21ur-5056,0,0
CELE_Y116A8C.278|21ur-13167,0,0
CELE_Y116A8C.152|21ur-1188,0,0
CELE_Y116A8C.417|21ur-11904,0,0
CELE_Y116A8C.307|21ur-10465,0,0
CELE_Y116A8C.21|clec-195,0,0
CELE_Y116A8C.74|21ur-2711,0,0
CELE_Y116A8C.459|21ur-10094,0,0
CELE_Y116A8C.214|21ur-10275,0,0
CELE_Y116A8C.354|21ur-7482,0,0
CELE_Y116A8C.119|21ur-1517,0,0
CELE_Y116A8C.390|21ur-9507,0,0
CELE_Y116A8C.358|21ur-7758,0,0
CELE_Y116A8C.188|21ur-5322,0,0
CELE_Y116A8C.65|21ur-3654,0,0
CELE_Y116A8C.82|21ur-1316,0,0
CELE_Y116A8C.179|21ur-2726,0,0
CELE_Y116A8C.189|21ur-4697,0,0
CELE_Y116A8C.243|21ur-11379,0,0
CELE_Y116A8C.309|21ur-8993,0,0
CELE_Y116A8C.286|21ur-10095,0,0
CELE_Y116A8C.284|21ur-6035,0,0
CELE_Y116A8C.392|21ur-9305,0,0
CELE_Y116A8C.71|21ur-1640,0,0
CELE_Y116A8C.421|21ur-13257,0,0
CELE_Y116A8C.259|21ur-9031,0,0
CELE_Y116A8C.70|21ur-197,0,0
CELE_Y116A8C.182|21ur-1455,0,0
CELE_Y116A8C.172|21ur-4582,0,0
CELE_Y116A8C.97|21ur-3251,0,0
CELE_Y116A8C.380|21ur-11940,0,0
CELE_Y116A8C.440|21ur-10616,0,0
CELE_Y116A8C.337|21ur-15241,0,0
CELE_Y116A8C.249|21ur-10640,0,0
CELE_Y116A8C.236|21ur-11964,0,0
CELE_Y116A8C.80|21ur-1825,0,0
CELE_Y116A8C.241|21ur-13553,0,0
CELE_Y116A8C.58|21ur-1620,0,0
CELE_Y116A8C.95|21ur-3289,0,0
CELE_Y116A8C.117|21ur-389,0,0
CELE_Y116A8C.224|21ur-15192,0,0
CELE_Y116A8C.87|21ur-5037,0,0
CELE_Y116A8C.168|21ur-674,0,0
CELE_Y116A8C.427|21ur-11612,0,0
CELE_Y116A8C.290|21ur-8102,0,0
CELE_Y116A8C.434|21ur-7049,0,0
CELE_Y116A8C.353|21ur-5524,0,0
CELE_Y116A8C.263|21ur-10232,0,0
CELE_Y116A8C.106|21ur-4497,0,0
CELE_Y116A8C.397|21ur-8455,0,0
CELE_Y116A8C.401|21ur-11445,0,0
CELE_Y116A8C.176|21ur-1294,0,0
CELE_Y116A8C.367|21ur-12036,0,0
CELE_Y116A8C.145|21ur-2055,0,0
CELE_Y116A8C.460|21ur-10383,0,0
CELE_Y116A8C.112|21ur-3905,0,0
CELE_Y116A8C.393|21ur-11238,0,0
CELE_Y116A8C.374|21ur-11399,0,0
CELE_Y116A8C.244|21ur-10762,0,0
CELE_Y116A8C.310|21ur-7102,0,0
CELE_Y116A8C.248|21ur-9620,0,0
CELE_Y116A8C.113|21ur-470,0,0
CELE_Y116A8C.162|21ur-2434,0,0
CELE_Y116A8C.147|21ur-3091,0,0
CELE_Y116A8C.136|21ur-3583,0,0
CELE_Y116A8C.319|21ur-12416,0,0
CELE_Y116A8C.428|21ur-11231,0,0
CELE_Y116A8C.449|21ur-7452,0,0
CELE_Y116A8C.247|21ur-9711,0,0
CELE_Y116A8C.125|21ur-8,0,0
CELE_Y116A8C.254|21ur-12399,0,0
CELE_Y116A8C.228|21ur-10261,0,0
CELE_Y116A8C.276|21ur-5889,0,0
CELE_Y116A8C.302|21ur-5666,0,0
CELE_Y116A8C.412|21ur-8721,0,0
CELE_Y116A8C.216|21ur-10000,0,0
CELE_Y116A8C.54|21ur-4032,0,0
CELE_Y116A8C.139|21ur-1932,0,0
CELE_Y116A8C.129|21ur-2965,0,0
CELE_Y116A8C.225|21ur-9388,0,0
CELE_Y116A8C.458|21ur-12062,0,0
CELE_Y116A8C.304|21ur-6699,0,0
CELE_Y116A8C.306|21ur-11332,0,0
CELE_Y116A8C.79|21ur-3755,0,0
CELE_Y116A8C.141|21ur-3972,0,0
CELE_Y116A8C.197|21ur-671,0,0
CELE_Y116A8C.73|21ur-769,0,0
CELE_Y116A8C.217|21ur-9066,0,0
CELE_Y116A8C.347|21ur-14395,0,0
CELE_Y116A8C.93|21ur-2911,0,0
CELE_Y116A8C.252|21ur-10924,0,0
CELE_Y116A8C.193|21ur-1365,0,0
CELE_Y116A8C.149|21ur-1666,0,0
CELE_Y116A8C.89|21ur-3081,0,0
CELE_Y116A8C.96|21ur-2291,0,0
CELE_Y116A8C.102|21ur-125,0,0
CELE_Y116A8C.325|21ur-5932,0,0
CELE_Y116A8C.444|21ur-7603,0,0
CELE_Y116A8C.108|21ur-360,0,0
CELE_C52D10.65|21ur-14114,0,0
CELE_C52D10.94|21ur-11708,0,0
CELE_C52D10.86|21ur-6979,0,0
CELE_C52D10.49|21ur-2829,0,0
CELE_C52D10.125|21ur-10030,0,0
CELE_C52D10.23|21ur-3332,0,0
CELE_C52D10.122|21ur-12834,0,0
CELE_C52D10.70|21ur-10470,0,0
CELE_C52D10.55|21ur-3548,0,0
CELE_C52D10.71|21ur-14058,0,0
CELE_C52D10.78|21ur-14074,0,0
CELE_C52D10.117|21ur-13119,0,0
CELE_C52D10.59|21ur-7474,0,0
CELE_C52D10.54|21ur-3102,0,0
CELE_C52D10.33|21ur-3774,0,0
CELE_C52D10.14|21ur-248,0,0
CELE_C52D10.91|21ur-6488,0,0
CELE_C52D10.46|21ur-2272,0,0
CELE_C52D10.48|21ur-2722,0,0
CELE_C52D10.22|21ur-81,0,0
CELE_C52D10.34|21ur-3210,0,0
CELE_C52D10.19|21ur-3658,0,0
CELE_C52D10.47|21ur-3097,0,0
CELE_C52D10.62|21ur-6650,0,0
CELE_C52D10.115|21ur-7280,0,0
CELE_C52D10.51|21ur-2031,0,0
CELE_C52D10.69|21ur-10355,0,0
CELE_C52D10.44|21ur-2241,0,0
CELE_C52D10.104|21ur-9464,0,0
CELE_C52D10.79|21ur-6071,0,0
CELE_C52D10.101|21ur-11286,0,0
CELE_C52D10.108|21ur-15412,0,0
CELE_C52D10.110|21ur-11704,0,0
CELE_C52D10.67|21ur-8541,0,0
CELE_C52D10.24|21ur-3778,0,0
CELE_C52D10.118|21ur-15430,0,0
CELE_C52D10.107|21ur-6075,0,0
CELE_C52D10.68|21ur-5682,0,0
CELE_C52D10.129|21ur-13070,0,0
CELE_C52D10.66|21ur-8087,0,0
CELE_C52D10.75|21ur-15016,0,0
CELE_C52D10.130|C52D10.130,0,0
CELE_C52D10.41|21ur-2633,0,0
CELE_C52D10.97|21ur-6735,0,0
CELE_C52D10.100|21ur-10107,0,0
CELE_C52D10.82|21ur-10168,0,0
CELE_C52D10.35|21ur-846,0,0
CELE_C52D10.102|21ur-5916,0,0
CELE_Y116A8B.65|21ur-14378,0,0
CELE_Y116A8B.22|21ur-3685,0,0
CELE_Y116A8B.58|21ur-5989,0,0
CELE_Y116A8B.60|21ur-9634,0,0
CELE_Y116A8B.34|21ur-13449,0,0
CELE_Y116A8B.31|21ur-4920,0,0
CELE_Y116A8B.79|21ur-12454,0,0
CELE_Y116A8B.51|21ur-7303,0,0
CELE_Y116A8B.66|21ur-15283,0,0
CELE_Y116A8B.18|21ur-4198,0,0
CELE_Y116A8B.33|21ur-3450,0,0
CELE_Y116A8B.49|21ur-7920,0,0
CELE_Y116A8B.95|21ur-14645,0,0
CELE_Y116A8B.24|21ur-4241,0,0
CELE_Y116A8B.37|21ur-7562,0,0
CELE_Y116A8B.47|21ur-15416,0,0
CELE_Y116A8B.73|21ur-5794,0,0
CELE_Y116A8B.8|21ur-1746,0,0
CELE_Y116A8B.90|21ur-15660,0,0
CELE_Y116A8B.36|21ur-10467,0,0
CELE_Y116A8B.40|21ur-14683,0,0
CELE_Y116A8B.77|21ur-5685,0,0
CELE_Y116A8B.67|21ur-10444,0,0
CELE_Y116A8B.46|21ur-8563,0,0
CELE_Y116A8B.61|21ur-14311,0,0
CELE_Y116A8B.62|21ur-6472,0,0
CELE_Y116A8B.53|21ur-15549,0,0
CELE_Y116A8B.91|21ur-14599,0,0
CELE_Y116A8B.39|21ur-15382,0,0
CELE_Y116A8B.81|21ur-15669,0,0
CELE_Y116A8B.27|21ur-3004,0,0
CELE_Y116A8B.23|21ur-2910,0,0
CELE_Y116A8B.72|21ur-14810,0,0
CELE_Y116A8B.87|21ur-12532,0,0
CELE_Y116A8B.32|21ur-632,0,1
CELE_Y116A8B.9|21ur-57,0,0
CELE_Y116A8B.20|21ur-593,0,0
CELE_Y116A8B.94|21ur-9307,0,0
CELE_Y116A8B.83|21ur-11563,0,0
CELE_Y116A8B.14|21ur-2795,0,0
CELE_Y116A8B.71|21ur-15348,0,0
CELE_Y116A8B.52|21ur-6507,0,0
CELE_Y116A8B.42|21ur-6964,0,0
CELE_Y116A8B.44|21ur-13218,0,0
CELE_ZK550.28|21ur-6004,0,0
CELE_ZK550.12|21ur-3037,0,0
CELE_ZK550.35|21ur-11767,0,0
CELE_ZK550.26|21ur-6615,0,0
CELE_ZK550.17|21ur-4345,0,0
CELE_ZK550.30|21ur-10269,0,0
CELE_ZK550.37|21ur-6322,0,0
CELE_ZK550.11|21ur-2800,0,0
CELE_ZK550.15|21ur-540,0,0
CELE_ZK550.13|21ur-330,0,0
CELE_ZK550.8|21ur-4617,0,0
CELE_ZK550.36|21ur-11125,0,0
CELE_ZK550.34|21ur-6580,0,0
CELE_ZK550.40|21ur-14361,0,0
CELE_ZK550.9|21ur-4773,0,0
CELE_ZK550.31|21ur-9172,0,0
CELE_ZK550.10|21ur-5066,0,0
CELE_ZK550.41|21ur-11705,0,0
CELE_ZK550.25|21ur-14513,0,0
CELE_ZK550.24|21ur-8477,0,0
CELE_ZK550.32|21ur-8203,0,0
CELE_ZK550.23|21ur-9371,0,0
CELE_F26D10.21|21ur-8653,0,0
CELE_F26D10.19|21ur-8851,0,0
CELE_F26D10.8|str-187,0,0
CELE_F26D10.20|21ur-12651,0,0
CELE_F26D10.22|F26D10.22,0,0
CELE_T28F3.7|T28F3.7,0,0
CELE_C30H6.4|clec-202,0,0
CELE_C30H6.18|21ur-12628,0,0
CELE_C30H6.15|21ur-15377,0,0
CELE_C30H6.16|21ur-14644,0,0
CELE_T02D1.11|21ur-15017,0,0
CELE_T02D1.2|sru-14,0,0
CELE_T02D1.3|sru-15,0,0
CELE_T02D1.10|21ur-9474,0,0
CELE_T02D1.7|T02D1.7,0,0
CELE_C06A12.17|C06A12.17,0,0
CELE_T02D1.9|T02D1.9,0,0
CELE_C06A12.10|21ur-11014,0,0
CELE_C06A12.18|C06A12.18,0,0
CELE_C06A12.15|21ur-15229,0,0
CELE_C06A12.9|21ur-7751,0,0
CELE_C06A12.14|21ur-10450,0,0
CELE_C06A12.8|C06A12.8,0,0
CELE_C06A12.20|C06A12.20,0,0
CELE_F11E6.20|F11E6.20,0,0
CELE_F11E6.12|21ur-14842,0,0
CELE_F11E6.21|F11E6.21,0,0
CELE_CTEL79B.1|cTel79B.1,0,0
CELE_CTEL79B.2|cTel79B.2,0,0
CELE_CTEL3X.2|cTel3X.2,0,0
CELE_CTEL3X.3|cTel3X.3,0,0
CELE_B0348.10|B0348.10,0,0
CELE_B0348.1|B0348.1,0,0
CELE_Y38C9B.2|srt-52,0,0
CELE_Y38C9B.3|Y38C9B.3,0,0
CELE_F56E10.6|F56E10.6,0,0
CELE_F56E10.7|F56E10.7,0,0
CELE_F56E10.5|21ur-15058,0,0
CELE_W03F9.8|W03F9.8,0,0
CELE_W03F9.7|srh-81,0,0
CELE_W03F9.12|21ur-13870,0,0
CELE_DC2.2|srh-78,0,0
CELE_DC2.1|srh-80,0,0
CELE_ZK6.5|nhr-254,0,0
CELE_ZK6.4|nhr-253,0,0
CELE_ZK6.9|srh-62,0,0
CELE_ZK6.2|nhr-252,0,0
CELE_ZK6.1|nhr-278,0,0
CELE_ZK6.12|linc-32,0,0
CELE_B0554.2|B0554.2,0,0
CELE_B0554.8|21ur-15502,0,0
CELE_M02H5.12|srbc-57,0,0
CELE_M02H5.2|srt-31,0,0
CELE_T01G6.3|str-196,0,0
CELE_T01G6.1|T01G6.1,0,0
CELE_R11G11.8|srw-104,0,0
CELE_R11G11.9|srh-37,0,0
CELE_R11G11.10|srw-105,0,0
CELE_R11G11.11|srw-106,0,0
CELE_R11G11.16|R11G11.16,0,0
CELE_R11G11.15|str-54,0,0
CELE_R11G11.5|srw-108,0,0
CELE_R11G11.4|srj-12,0,0
CELE_R11G11.3|R11G11.3,0,0
CELE_C14C6.4|nhr-155,0,0
CELE_C14C6.3|C14C6.3,0,0
CELE_C14C6.7|C14C6.7,0,0
CELE_C14C6.9|srx-8,0,0
CELE_C14C6.1|srx-7,0,0
CELE_C14C6.11|sri-72,0,0
CELE_C14C6.13|C14C6.13,0,0
CELE_K06H6.5|K06H6.5,0,0
CELE_K06H6.4|gtnt-34,0,0
CELE_K06H6.3|nstp-7,0,0
CELE_K06H6.8|K06H6.8,0,0
CELE_K06H6.6|K06H6.6,0,0
CELE_ZK488.6|gtnt-57,0,0
CELE_ZK488.5|gtnt-56,0,0
CELE_ZK488.8|srw-110,0,0
CELE_ZK488.9|srw-109,0,0
CELE_ZK488.3|ZK488.3,0,0
CELE_F48G7.6|srt-17,0,0
CELE_F48G7.7|F48G7.7,0,0
CELE_F48G7.1|srj-37,0,0
CELE_F31F4.16|srj-5,0,0
CELE_F31F4.18|srh-246,0,0
CELE_F31F4.17|F31F4.17,0,0
CELE_F31F4.10|srh-101,0,0
CELE_F31F4.11|F31F4.11,0,0
CELE_F31F4.13|sru-24,0,0
CELE_F31F4.3|srx-22,0,0
CELE_F31F4.2|srx-23,0,0
CELE_Y49C4A.5|srx-4,0,0
CELE_Y49C4A.3|srbc-37,0,0
CELE_C05E4.10|srj-25,0,0
CELE_C05E4.11|srj-24,0,0
CELE_C05E4.7|C05E4.7,0,0
CELE_C05E4.6|str-134,0,0
CELE_C05E4.5|str-133,0,0
CELE_C05E4.4|sri-4,0,0
CELE_C05E4.2|str-20,0,0
CELE_R09E12.4|str-238,0,0
CELE_R09E12.2|srbc-58,0,0
CELE_R09E12.1|srbc-59,0,0
CELE_R13D11.5|srab-15,0,0
CELE_R13D11.3|R13D11.3,0,0
CELE_R13D11.9|srx-32,0,0
CELE_F41H8.4|srx-31,0,0
CELE_F41H8.3|srx-30,0,0
CELE_F41H8.1|F41H8.1,0,0
CELE_F41H8.5|F41H8.5,0,0
CELE_K09C6.6|K09C6.6,0,0
CELE_K09C6.11|K09C6.11,0,0
CELE_K09C6.5|srbc-13,0,0
CELE_K09C6.3|K09C6.3,0,0
CELE_T02B11.2|str-53,0,0
CELE_T02B11.1|srg-53,0,0
CELE_T02B11.5|srj-38,0,0
CELE_T02B11.11|srlf-21,0,0
CELE_T02B11.12|srlf-22,0,0
CELE_T02B11.13|srlf-23,0,0
CELE_T02B11.10|srlf-20,0,0
CELE_H24K24.6|21ur-11651,0,0
CELE_Y50D4C.10|Y50D4C.10,0,0
CELE_Y50D4C.9|Y50D4C.9,0,0
CELE_R09A1.6|R09A1.6,0,0
CELE_K10C9.10|21ur-13596,0,0
CELE_Y50D4B.10|Y50D4B.10,0,0
CELE_Y50D4B.9|Y50D4B.9,0,0
CELE_Y50D4B.7|Y50D4B.7,0,0
CELE_Y50D4B.5|clec-203,0,0
CELE_T21H3.9|T21H3.9,0,0
CELE_T21H3.8|T21H3.8,0,0
CELE_Y50D4A.3|Y50D4A.3,0,0
CELE_Y50D4A.8|Y50D4A.8,0,0
CELE_Y50D4A.7|Y50D4A.7,0,0
CELE_Y50D4A.11|mir-8194,0,0
CELE_C39F7.6|C39F7.6,0,0
CELE_C39F7.7|C39F7.7,0,0
CELE_Y75B7B.2|Y75B7B.2,0,0
CELE_Y75B7AL.9|Y75B7AL.9,0,0
CELE_Y75B7AL.5|Y75B7AL.5,0,0
CELE_T10B5.13|T10B5.13,0,0
CELE_Y32G9A.5|Y32G9A.5,0,0
CELE_Y32G9A.14|21ur-11702,0,0
CELE_T06A1.8|T06A1.8,0,0
CELE_T06A1.10|T06A1.10,0,0
CELE_T08B1.8|T08B1.8,0,0
CELE_F59A7.10|F59A7.10,0,0
CELE_F59A7.3|srab-13,0,0
CELE_Y40B10A.3|srab-23,0,0
CELE_Y40B10A.11|Y40B10A.11,0,0
CELE_F22F7.11|F22F7.11,0,0
CELE_F22F7.12|F22F7.12,0,0
CELE_C45H4.12|str-52,0,0
CELE_C45H4.13|C45H4.13,0,0
CELE_C45H4.19|21ur-15659,0,0
CELE_C45H4.9|srbc-23,0,0
CELE_C45H4.7|srbc-21,0,0
CELE_C45H4.8|srbc-22,0,0
CELE_C45H4.20|21ur-11644,0,0
CELE_C45H4.15|str-255,0,0
CELE_C45H4.16|srbc-19,0,0
CELE_C45H4.6|srbc-18,0,0
CELE_C45H4.5|sru-46,0,0
CELE_C45H4.18|C45H4.18,0,0
CELE_C45H4.3|srbc-17,0,0
CELE_Y5H2B.4|srbc-42,0,0
CELE_F41B5.8|str-253,0,0
CELE_F41B5.12|F41B5.12,0,0
CELE_Y5H2A.1|Y5H2A.1,0,0
CELE_T27B7.8|21ur-7342,0,0
CELE_Y19D10B.8|Y19D10B.8,0,0
CELE_Y19D10B.4|Y19D10B.4,0,0
CELE_Y19D10B.1|Y19D10B.1,0,0
CELE_F15E11.3|irld-29,0,0
CELE_F15E11.5|irld-31,0,0
CELE_F56A4.1|nas-2,0,0
CELE_F56A4.11|F56A4.11,0,0
CELE_C01B4.10|str-76,0,0
CELE_C01B4.2|C01B4.2,0,0
CELE_Y45G12C.8|srbc-81,0,0
CELE_Y45G12C.9|srd-72,0,0
CELE_Y45G12C.6|Y45G12C.6,0,0
CELE_Y45G12C.5|srt-2,0,0
CELE_Y45G12C.11|Y45G12C.11,0,0
CELE_Y45G12C.15|srj-20,0,0
CELE_C29G2.7|C29G2.7,0,0
CELE_C29G2.4|srt-4,0,0
CELE_F53E10.8|F53E10.8,0,0
CELE_F53E10.3|F53E10.3,0,0
CELE_C24B9.4|srt-28,0,0
CELE_C24B9.2|srt-26,0,0
CELE_C24B9.5|srt-29,0,0
CELE_C24B9.6|srt-27,0,0
CELE_C24B9.15|srg-60,0,0
CELE_C24B9.7|srg-59,0,0
CELE_C24B9.8|str-13,0,0
CELE_C24B9.1|str-33,0,0
CELE_C24B9.14|srg-57,0,0
CELE_C24B9.10|srg-56,0,0
CELE_C24B9.11|srg-61,0,0
CELE_C24B9.12|srg-62,0,0
CELE_C24B9.13|srx-25,0,0
CELE_C24B9.18|C24B9.18,0,0
CELE_C24B9.16|srx-24,0,0
CELE_R05D8.4|srx-26,0,0
CELE_R05D8.12|srx-27,0,0
CELE_R05D8.5|srx-28,0,0
CELE_R05D8.6|srg-58,0,0
CELE_R05D8.3|srh-56,0,0
CELE_R05D8.2|srj-18,0,0
CELE_F54E2.6|srt-34,0,0
CELE_T03D3.4|srh-36,0,0
CELE_T03D3.2|srj-50,0,0
CELE_T03D3.6|srj-45,0,0
CELE_T03D3.7|T03D3.7,0,0
CELE_T03D3.8|T03D3.8,0,0
CELE_T03D3.10|T03D3.10,0,0
CELE_T03D3.12|srj-49,0,0
CELE_T03D3.13|T03D3.13,0,0
CELE_T03D3.14|srj-57,0,0
CELE_Y45G12A.1|srj-55,0,0
CELE_F37B4.11|srj-54,0,0
CELE_F37B4.4|srh-272,0,0
CELE_F37B4.13|srh-240,0,0
CELE_F37B4.6|srh-241,0,0
CELE_F37B4.3|srh-243,0,0
CELE_F37B4.12|str-39,0,0
CELE_F37B4.9|sre-24,0,0
CELE_F37B4.14|F37B4.14,0,0
CELE_C31B8.9|C31B8.9,0,0
CELE_C31B8.3|srh-146,0,0
CELE_C31B8.2|C31B8.2,0,0
CELE_C31B8.10|srj-51,0,0
CELE_C31B8.11|srh-38,0,0
CELE_C31B8.17|mir-2219,0,0
CELE_C31B8.13|srh-247,0,0
CELE_C31B8.14|srh-249,0,0
CELE_H27D07.3|srw-143,0,0
CELE_H27D07.4|srw-137,0,0
CELE_H27D07.1|srw-128,0,0
CELE_H27D07.5|srw-122,0,0
CELE_H05B21.1|srw-126,0,0
CELE_H05B21.4|srw-144,0,0
CELE_C44C3.3|srw-138,0,0
CELE_C44C3.9|srh-88,0,0
CELE_C44C3.11|srw-123,0,0
CELE_C44C3.1|srw-124,0,0
CELE_C44C3.5|srw-118,0,0
CELE_C44C3.6|srw-117,0,0
CELE_C44C3.7|srw-139,0,0
CELE_K12D9.2|srh-84,0,0
CELE_K12D9.3|srw-121,0,0
CELE_K12D9.4|srw-115,0,0
CELE_K12D9.5|srw-120,0,0
CELE_K12D9.6|srw-125,0,0
CELE_K12D9.7|srw-119,0,0
CELE_K12D9.8|srw-114,0,0
CELE_K12D9.9|srw-112,0,0
CELE_K12D9.13|srw-131,0,0
CELE_K12D9.10|srw-136,0,0
CELE_K12D9.11|srw-135,0,0
CELE_K12D9.16|linc-3,0,0
CELE_K12D9.15|21ur-12334,0,0
CELE_K12D9.14|irld-12,0,0
CELE_K12D9.12|irld-46,0,0
CELE_F59D6.5|srw-8,0,0
CELE_F59D6.6|irld-10,0,0
CELE_F59D6.8|mir-792,0,0
CELE_F59D6.9|mir-1821,0,0
CELE_F59D6.10|F59D6.10,0,0
CELE_F59D6.11|F59D6.11,0,0
CELE_C50H11.19|mir-8200,0,0
CELE_C50H11.10|srt-15,0,0
CELE_C50H11.12|str-40,0,0
CELE_C50H11.13|C50H11.13,0,0
CELE_C50H11.18|21ur-14628,0,0
CELE_C50H11.6|srt-10,0,0
CELE_C50H11.5|srt-9,0,0
CELE_C50H11.14|srt-5,0,0
CELE_C50H11.4|srt-7,0,0
CELE_C50H11.3|srt-71,0,0
CELE_C50H11.2|srt-8,0,0
CELE_C50H11.17|C50H11.17,0,0
CELE_Y73C8C.4|Y73C8C.4,0,0
CELE_Y73C8C.5|str-66,0,0
CELE_Y73C8C.11|str-69,0,0
CELE_Y73C8C.6|str-68,0,0
CELE_Y73C8C.7|sdz-34,0,0
CELE_Y73C8C.1|str-242,0,0
CELE_Y73C8C.12|Y73C8C.12,0,0
CELE_F02C9.2|F02C9.2,0,0
CELE_C36C5.8|srab-11,0,0
CELE_C36C5.9|srt-72,0,0
CELE_C36C5.10|srab-6,0,0
CELE_C36C5.11|srab-7,0,0
CELE_C36C5.4|C36C5.4,0,0
CELE_C36C5.3|srbc-6,0,0
CELE_C36C5.2|srab-8,0,0
CELE_C36C5.1|srab-5,0,0
CELE_Y73C8B.8|linc-160,0,0
CELE_K08D9.8|K08D9.8,0,0
CELE_K08D9.7|K08D9.7,0,0
CELE_K08D9.5|K08D9.5,0,0
CELE_K08D9.10|K08D9.10,0,0
CELE_T28A11.12|srj-11,0,0
CELE_T28A11.10|srj-7,0,0
CELE_T28A11.24|T28A11.24,0,0
CELE_T28A11.8|str-58,0,0
CELE_T28A11.7|srbc-5,0,0
CELE_T28A11.6|T28A11.6,0,0
CELE_T28A11.18|T28A11.18,0,0
CELE_T28A11.20|T28A11.20,0,0
CELE_T28A11.4|T28A11.4,0,0
CELE_T28A11.23|21ur-12191,0,0
CELE_T28A11.1|str-64,0,0
CELE_F35F10.8|srx-122,0,0
CELE_F35F10.9|srbc-1,0,0
CELE_F35F10.10|F35F10.10,0,0
CELE_F35F10.16|mir-4922.2,0,0
CELE_F35F10.2|srbc-3,0,0
CELE_T20D4.17|T20D4.17,0,0
CELE_T20D4.20|T20D4.20,0,0
CELE_T20D4.8|T20D4.8,0,0
CELE_T20D4.18|srab-21,0,0
CELE_T20D4.2|srab-22,0,0
CELE_T20D4.1|srab-20,0,0
CELE_F27E11.5|21ur-15093,0,0
CELE_F27E11.6|F27E11.6,0,0
CELE_F27E11.T1|F27E11.t1,0,0
CELE_F27E11.4|21ur-8722,0,0
CELE_C02A12.2|srbc-29,0,0
CELE_C02A12.8|oac-2,0,0
CELE_C02A12.9|srbc-31,0,0
CELE_C02A12.3|srbc-30,0,0
CELE_C02A12.10|srbc-33,0,0
CELE_C02A12.5|srbc-32,0,0
CELE_C02A12.6|srbc-36,0,0
CELE_C07G3.7|srbc-35,0,0
CELE_C07G3.5|str-228,0,0
CELE_C07G3.4|str-226,0,0
CELE_C07G3.12|21ur-11956,0,0
CELE_C07G3.11|srh-191,0,0
CELE_T24A6.6|str-260,0,0
CELE_T24A6.12|srbc-69,0,0
CELE_T24A6.13|srbc-68,0,0
CELE_T24A6.14|srw-130,0,0
CELE_T24A6.15|grl-28,0,0
CELE_T24A6.18|grl-29,0,0
CELE_T24A6.3|grl-30,0,0
CELE_T24A6.19|grl-31,0,0
CELE_T24A6.23|T24A6.23,0,0
CELE_T22F3.6|srh-212,0,27
CELE_F59B1.3|srx-93,0,0
CELE_F59B1.5|srx-94,0,0
CELE_Y39H10B.1|str-113,0,0
CELE_W08A12.5|W08A12.5,0,0
CELE_C17E7.10|irld-22,0,0
CELE_C17E7.11|str-229,0,0
CELE_C17E7.2|srh-190,0,0
CELE_T20C7.1|srx-61,0,0
CELE_K07C6.10|srx-67,0,0
CELE_K07C6.9|srx-66,0,0
CELE_K07C6.8|srx-65,0,0
CELE_K07C6.13|srx-69,0,0
CELE_K07C6.7|srx-64,0,0
CELE_K07C6.6|srx-63,0,0
CELE_K07C6.15|srx-70,0,0
CELE_K07C6.2|cyp-35B3,0,0
CELE_K07C6.17|K07C6.17,0,0
CELE_K07C6.1|srz-89,0,0
CELE_B0213.9|str-247,0,0
CELE_B0213.19|21ur-12341,0,0
CELE_B0213.8|str-82,0,0
CELE_B0213.7|str-83,0,0
CELE_K09D9.9|K09D9.9,0,0
CELE_K09D9.10|srx-62,0,0
CELE_K09D9.7|srh-7,0,0
CELE_K09D9.5|str-42,0,0
CELE_K09D9.4|srh-6,0,0
CELE_K09D9.3|K09D9.3,0,0
CELE_K09D9.14|K09D9.14,0,0
CELE_C49G7.2|srh-169,0,0
CELE_C49G7.14|C49G7.14,0,0
CELE_F38H12.2|srj-40,0,0
CELE_F38H12.1|srj-39,0,0
CELE_T05B4.5|srw-132,0,0
CELE_T05B4.7|srw-134,0,0
CELE_T05B4.6|srw-133,0,0
CELE_T05B4.18|T05B4.18,0,0
CELE_T05B4.9|T05B4.9,0,0
CELE_T05B4.10|T05B4.10,0,0
CELE_Y45G5AM.11|Y45G5AM.11,0,0
CELE_Y45G5AM.10|Y45G5AM.10,0,0
CELE_Y45G5AM.4|Y45G5AM.4,0,0
CELE_E03D2.5|21ur-9143,0,0
CELE_E03D2.6|21ur-15340,0,0
CELE_E03D2.7|21ur-15336,0,1
CELE_E03D2.3|srh-204,0,0
CELE_E03D2.4|srt-12,0,0
CELE_ZC142.3|21ur-13832,0,0
CELE_F47D2.3|srt-3,0,0
CELE_F47D2.4|srt-35,0,0
CELE_F47D2.6|srt-38,0,0
CELE_F47D2.2|srt-60,0,0
CELE_F47D2.12|F47D2.12,0,0
CELE_F47D2.9|srh-193,0,0
CELE_F47D2.10|srh-194,0,0
CELE_ZC132.7|srh-192,0,0
CELE_ZC132.8|ZC132.8,0,0
CELE_F32D1.4|grl-13,0,0
CELE_F13A2.10|F13A2.10,0,0
CELE_F13A2.13|F13A2.13,0,0
CELE_F13A2.12|F13A2.12,0,0
CELE_F13A2.9|F13A2.9,0,7
CELE_F13A2.5|F13A2.5,0,0
CELE_F13A2.6|F13A2.6,0,0
CELE_F13A2.8|nhr-118,0,0
CELE_Y47D7A.3|Y47D7A.3,0,0
CELE_Y47D7A.17|Y47D7A.17,0,0
CELE_Y47D7A.18|Y47D7A.18,0,0
CELE_Y47D7A.2|Y47D7A.2,0,0
CELE_Y47D7A.9|Y47D7A.9,0,0
CELE_Y47D7A.19|Y47D7A.19,0,0
CELE_Y47D7A.10|hpo-37,0,0
CELE_T08H10.2|str-35,0,0
CELE_T08H10.5|str-34,0,0
CELE_T08H10.4|oac-60,0,0
CELE_F41F3.9|F41F3.9,0,0
CELE_F41F3.5|srx-75,0,0
CELE_F41F3.7|srx-73,0,0
CELE_C18G1.10|linc-65,0,0
CELE_Y60C6A.T1|Y60C6A.t1,0,0
CELE_R02F11.10|R02F11.10,0,0
CELE_R02F11.12|R02F11.12,0,0
CELE_R02F11.7|R02F11.7,0,0
CELE_C37H5.10|cwp-1,0,0
CELE_C37H5.11|cwp-2,0,0
CELE_C37H5.4|cwp-3,0,0
CELE_T19H12.7|str-32,0,0
CELE_T19H12.12|T19H12.12,0,0
CELE_C02E7.17|C02E7.17,0,0
CELE_C02E7.8|C02E7.8,0,0
CELE_C02E7.3|srh-20,0,0
CELE_C02E7.9|str-205,0,0
CELE_C02E7.11|str-213,0,0
CELE_C02E7.12|str-212,0,0
CELE_C02E7.13|str-211,0,0
CELE_C02E7.15|21ur-15266,0,0
CELE_F26G5.11|str-210,0,0
CELE_F26G5.5|str-209,0,0
CELE_F26G5.4|str-207,0,0
CELE_F26G5.3|srd-22,0,0
CELE_F26G5.2|str-208,0,0
CELE_F26G5.10|srsx-9,0,0
CELE_F26G5.12|srsx-10,0,0
CELE_C13D9.4|srsx-11,0,0
CELE_C13D9.5|srsx-12,0,0
CELE_C13D9.6|srsx-13,0,0
CELE_C13D9.12|21ur-12877,0,0
CELE_C13D9.3|srr-8,0,0
CELE_C13D9.2|srr-5,0,0
CELE_C13D9.10|21ur-13377,0,1
CELE_Y58A7A.10|Y58A7A.10,0,0
CELE_Y58A7A.11|Y58A7A.11,0,0
CELE_C04F5.4|srab-1,0,0
CELE_C04F5.5|srab-2,0,0
CELE_F14F9.2|F14F9.2,0,0
CELE_F14F9.1|srh-130,0,0
CELE_C03A7.6|srx-39,0,0
CELE_Y49G5B.5|Y49G5B.5,0,0
CELE_Y49G5B.2|Y49G5B.2,0,0
CELE_Y49G5B.3|Y49G5B.3,0,0
CELE_B0238.14|srt-66,0,0
CELE_B0238.3|srt-68,0,0
CELE_B0238.7|cest-30,0,0
CELE_B0238.17|21ur-13827,0,0
CELE_C10G8.9|C10G8.9,0,0
CELE_C10G8.T1|C10G8.t1,0,0
CELE_C10G8.1|srg-26,0,0
CELE_T09D3.2|srg-28,0,0
CELE_T09D3.6|srg-29,0,0
CELE_T09D3.10|T09D3.10,0,0
CELE_T09D3.11|T09D3.11,0,0
CELE_T09D3.12|T09D3.12,0,0
CELE_T09D3.8|T09D3.8,0,0
CELE_T09D3.9|T09D3.9,0,0
CELE_C35A11.3|C35A11.3,0,0
CELE_C35A11.11|C35A11.11,0,0
CELE_C35A11.10|C35A11.10,0,0
CELE_C35A11.7|C35A11.7,0,0
CELE_C35A11.6|C35A11.6,0,0
CELE_C35A11.8|C35A11.8,0,0
CELE_F08F3.15|F08F3.15,0,0
CELE_F08F3.16|F08F3.16,0,0
CELE_F08F3.14|F08F3.14,0,0
CELE_ZC317.8|ZC317.8,0,0
CELE_ZC317.4|srg-67,0,0
CELE_ZC317.5|srg-68,0,0
CELE_T05C3.7|srg-66,0,0
CELE_T05C3.8|srg-65,0,0
CELE_C24G6.12|C24G6.12,0,0
CELE_C24G6.11|C24G6.11,0,0
CELE_C18C4.4|C18C4.4,0,0
CELE_C18C4.15|C18C4.15,0,0
CELE_C18C4.16|C18C4.16,0,0
CELE_C18C4.17|C18C4.17,0,0
CELE_CD4.15|CD4.15,0,0
CELE_M03E7.9|M03E7.9,0,0
CELE_M03E7.8|M03E7.8,0,0
CELE_M03E7.7|M03E7.7,0,0
CELE_T01C2.4|T01C2.4,0,0
CELE_T01C2.5|T01C2.5,0,0
CELE_T01C2.2|21ur-14278,0,0
CELE_C14C11.11|C14C11.11,0,0
CELE_C14C11.10|C14C11.10,0,0
CELE_F25B4.3|F25B4.3,0,0
CELE_F25B4.14|F25B4.14,0,0
CELE_F25B4.13|F25B4.13,0,0
CELE_F25B4.11|F25B4.11,0,0
CELE_F25B4.16|F25B4.16,0,0
CELE_K09H11.8|srx-124,0,0
CELE_K09H11.15|K09H11.15,0,0
CELE_K09H11.12|K09H11.12,0,0
CELE_C53A3.3|C53A3.3,0,0
CELE_F44E7.6|fbxa-183,0,0
CELE_ZC250.10|ZC250.10,0,0
CELE_ZC250.8|ZC250.8,0,0
CELE_ZC250.9|ZC250.9,0,0
CELE_F26F12.6|srh-76,0,0
CELE_F26F12.10|F26F12.10,0,0
CELE_F26F12.13|F26F12.13,0,0
CELE_F26F12.16|F26F12.16,0,0
CELE_F26F12.17|F26F12.17,0,0
CELE_F26F12.19|F26F12.19,0,0
CELE_F26F12.20|F26F12.20,0,0
CELE_F26F12.9|F26F12.9,0,0
CELE_M03F8.7|M03F8.7,0,0
CELE_M03F8.9|M03F8.9,0,0
CELE_M03F8.10|M03F8.10,0,0
CELE_C10F3.12|C10F3.12,0,0
CELE_C10F3.13|C10F3.13,0,0
CELE_C10F3.14|C10F3.14,0,0
CELE_C10F3.17|C10F3.17,0,0
CELE_C10F3.10|C10F3.10,0,0
CELE_C10F3.11|C10F3.11,0,0
CELE_C10F3.9|C10F3.9,0,0
CELE_C10F3.8|21ur-12141,0,0
CELE_C10F3.16|C10F3.16,0,0
CELE_C10F3.18|linc-55,0,0
CELE_F29G9.10|F29G9.10,0,0
CELE_W06H8.11|W06H8.11,0,0
CELE_W06H8.9|W06H8.9,0,0
CELE_W06H8.10|W06H8.10,0,0
CELE_W06H8.7|str-206,0,0
CELE_K08B12.10|K08B12.10,0,0
CELE_K08B12.11|K08B12.11,0,0
CELE_K08B12.9|K08B12.9,0,0
CELE_K08B12.8|K08B12.8,0,0
CELE_K08B12.6|K08B12.6,0,0
CELE_K08B12.7|K08B12.7,0,0
CELE_K08B12.12|K08B12.12,0,0
CELE_F31F7.6|F31F7.6,0,0
CELE_F31F7.8|F31F7.8,0,0
CELE_F31F7.5|F31F7.5,0,0
CELE_F31F7.4|F31F7.4,0,0
CELE_F31F7.7|F31F7.7,0,0
CELE_K12B6.10|21ur-15384,0,0
CELE_T28C12.5|T28C12.5,0,0
CELE_T28C12.13|T28C12.13,0,0
CELE_T28C12.9|T28C12.9,0,0
CELE_T28C12.14|T28C12.14,0,0
CELE_T28C12.12|T28C12.12,0,0
CELE_T28C12.8|T28C12.8,0,0
CELE_T28C12.7|T28C12.7,0,0
CELE_F13H6.7|F13H6.7,0,0
CELE_F13H6.14|F13H6.14,0,0
CELE_F13H6.11|F13H6.11,0,0
CELE_F13H6.15|F13H6.15,0,0
CELE_F13H6.19|F13H6.19,0,0
CELE_F13H6.18|F13H6.18,0,0
CELE_F13H6.23|F13H6.23,0,0
CELE_F13H6.20|F13H6.20,0,0
CELE_F13H6.22|F13H6.22,0,0
CELE_F13H6.6|F13H6.6,0,0
CELE_F13H6.27|F13H6.27,0,0
CELE_F13H6.9|F13H6.9,0,0
CELE_F13H6.8|F13H6.8,0,0
CELE_F13H6.21|F13H6.21,0,0
CELE_F57F4.6|F57F4.6,0,0
CELE_F57F4.7|F57F4.7,0,0
CELE_T05H4.16|T05H4.16,0,0
CELE_ZK40.4|ZK40.4,0,0
CELE_ZK40.5|ZK40.5,0,0
CELE_ZK40.3|ZK40.3,0,0
CELE_ZK40.6|ZK40.6,0,0
CELE_ZK40.8|ZK40.8,0,0
CELE_ZK40.7|ZK40.7,0,0
CELE_K04A8.12|K04A8.12,0,0
CELE_K04A8.14|K04A8.14,0,0
CELE_F44C4.10|F44C4.10,0,0
CELE_F44C4.11|F44C4.11,0,0
CELE_F44C4.12|F44C4.12,0,0
CELE_F44C4.7|21ur-13417,0,0
CELE_T10H9.10|T10H9.10,0,0
CELE_T10H9.9|T10H9.9,0,0
CELE_K11G9.8|K11G9.8,0,0
CELE_K11G9.7|K11G9.7,0,0
CELE_K11G9.10|K11G9.10,0,0
CELE_K11G9.9|K11G9.9,0,0
CELE_W02F12.10|W02F12.10,0,0
CELE_W02F12.11|W02F12.11,0,0
CELE_W02F12.7|srg-30,0,0
CELE_ZC487.6|ZC487.6,0,0
CELE_ZC487.7|ZC487.7,0,0
CELE_T25F10.8|T25F10.8,0,0
CELE_T25F10.10|T25F10.10,0,0
CELE_T25F10.7|T25F10.7,0,0
CELE_T25F10.9|T25F10.9,0,0
CELE_ZC404.6|srh-29,0,0
CELE_ZC404.17|ZC404.17,0,0
CELE_ZC404.14|21ur-13378,0,0
CELE_ZC404.10|dmsr-10,0,0
CELE_ZC404.11|dmsr-11,0,0
CELE_T15B7.11|dmsr-14,0,0
CELE_T15B7.13|dmsr-15,0,0
CELE_T15B7.18|T15B7.18,0,0
CELE_T15B7.19|T15B7.19,0,0
CELE_C55H1.5|C55H1.5,0,0
CELE_C55H1.3|21ur-14826,0,0
CELE_C55H1.1|C55H1.1,0,0
CELE_C55H1.4|C55H1.4,0,0
CELE_T19F4.7|T19F4.7,0,0
CELE_T19F4.2|T19F4.2,0,0
CELE_T19F4.3|T19F4.3,0,0
CELE_T19F4.5|T19F4.5,0,0
CELE_T19F4.6|T19F4.6,0,0
CELE_T19F4.8|T19F4.8,0,0
CELE_T19F4.4|T19F4.4,0,0
CELE_K11C4.10|K11C4.10,0,0
CELE_K11C4.13|K11C4.13,0,0
CELE_K11C4.12|K11C4.12,0,0
CELE_Y57E12B.7|Y57E12B.7,0,0
CELE_Y57E12B.8|Y57E12B.8,0,0
CELE_Y57E12B.5|Y57E12B.5,0,0
CELE_Y57E12B.1|Y57E12B.1,0,0
CELE_T07H8.11|T07H8.11,0,0
CELE_T07H8.5|srg-31,0,0
CELE_T07H8.8|mir-256,0,0
CELE_T07H8.3|srx-59,0,0
CELE_T07H8.9|21ur-10923,0,0
CELE_T07H8.2|srx-138,0,0
CELE_T07H8.1|srx-16,0,0
CELE_T07H8.7|sre-12,0,0
CELE_C33G8.14|21ur-15462,0,0
CELE_C33G8.15|21ur-12056,0,0
CELE_F20A1.11|21ur-12361,0,0
CELE_F20A1.14|F20A1.14,0,0
CELE_Y57E12AL.4|spig-8,0,0
CELE_F27B10.3|F27B10.3,0,0
CELE_F27B10.T1|F27B10.t1,0,0
CELE_F27B10.2|F27B10.2,0,0
CELE_VC5.18|linc-117,0,0
CELE_VC5.17|VC5.17,0,0
CELE_VC5.16|VC5.16,0,0
CELE_VC5.14|VC5.14,0,0
CELE_VC5.13|VC5.13,0,0
CELE_VC5.10|VC5.10,0,0
CELE_VC5.9|VC5.9,0,0
CELE_VC5.8|VC5.8,0,0
CELE_VC5.15|VC5.15,0,0
CELE_VC5.11|VC5.11,0,0
CELE_VC5.12|VC5.12,0,0
CELE_T01C4.3|srx-33,0,0
CELE_T01C4.4|srx-34,0,0
CELE_T01C4.5|srx-35,0,0
CELE_T01C4.6|srx-36,0,0
CELE_T01C4.7|srx-37,0,0
CELE_F10D2.3|sre-10,0,0
CELE_F09G2.7|srh-83,0,0
CELE_F09G2.12|F09G2.12,0,0
CELE_F09G2.13|F09G2.13,0,0
CELE_F09G2.10|F09G2.10,0,0
CELE_F09G2.14|F09G2.14,0,9
CELE_C13A2.8|C13A2.8,0,0
CELE_C13A2.6|gtnt-6,0,0
CELE_C13A2.10|C13A2.10,0,0
CELE_C13A2.11|C13A2.11,0,0
CELE_C13A2.2|C13A2.2,0,0
CELE_F07G11.5|srj-32,0,0
CELE_F07G11.3|gtnt-20,0,0
CELE_F07G11.7|F07G11.7,0,0
CELE_F07G11.2|F07G11.2,0,0
CELE_F07G11.8|srx-6,0,0
CELE_F10G2.10|F10G2.10,0,0
CELE_F10G2.11|F10G2.11,0,0
CELE_F10G2.8|srh-187,0,0
CELE_C03G6.11|srh-231,0,0
CELE_C03G6.7|srh-275,0,0
CELE_C03G6.13|tag-293,0,0
CELE_C03G6.21|C03G6.21,0,0
CELE_C03G6.20|srh-189,0,0
CELE_C03G6.2|srx-56,0,0
CELE_C03G6.1|srx-57,0,0
CELE_C03G6.16|srsx-24,0,0
CELE_C02H6.1|C02H6.1,0,0
CELE_R13D7.5|R13D7.5,0,0
CELE_R13D7.6|srx-9,0,0
CELE_R13D7.3|srj-13,0,0
CELE_R13D7.9|str-24,0,0
CELE_R13D7.10|srt-6,0,0
CELE_R13D7.1|str-41,0,0
CELE_F18E3.2|srw-67,0,0
CELE_F18E3.1|srxa-4,0,0
CELE_F18E3.3|srh-126,0,0
CELE_F18E3.10|F18E3.10,0,0
CELE_F18E3.4|srw-68,0,0
CELE_F18E3.5|srw-69,0,0
CELE_F25E5.15|srh-93,0,0
CELE_F25E5.17|21ur-14194,0,0
CELE_F25E5.13|srh-92,0,0
CELE_F25E5.11|srh-91,0,0
CELE_F25E5.14|srh-89,0,0
CELE_F25E5.12|str-28,0,0
CELE_C18B10.9|str-29,0,0
CELE_C18B10.7|str-190,0,0
CELE_C18B10.5|srbc-8,0,0
CELE_C18B10.4|srbc-7,0,0
CELE_C18B10.2|srbc-10,0,0
CELE_C18B10.1|srbc-11,0,0
CELE_C04F2.1|srh-79,0,0
CELE_C04F2.6|21ur-14915,0,0
CELE_C04F2.2|srh-221,0,0
CELE_C04F2.T1|C04F2.t1,0,0
CELE_C54F6.9|nhr-172,0,22
CELE_C54F6.7|srb-18,0,0
CELE_C54F6.6|C54F6.6,0,0
CELE_C54F6.17|C54F6.17,0,0
CELE_C54F6.4|swt-2,0,0
CELE_C54F6.2|C54F6.2,0,0
CELE_C54F6.19|C54F6.19,0,0
CELE_C54F6.16|C54F6.16,0,0
CELE_F19F10.6|clec-211,0,0
CELE_C50E3.7|C50E3.7,0,0
CELE_C50E3.10|scl-26,0,0
CELE_C50E3.1|clec-214,0,0
CELE_C50E3.14|clec-215,0,0
CELE_C50E3.15|C50E3.15,0,0
CELE_F07C4.5|srd-30,0,0
CELE_F07C4.4|srd-25,0,0
CELE_F07C4.8|srd-31,0,0
CELE_F07C4.16|F07C4.16,0,0
CELE_F07C4.3|srd-29,0,0
CELE_F07C4.9|clec-46,0,0
CELE_F07C4.10|F07C4.10,0,0
CELE_F07C4.15|21ur-11768,0,0
CELE_F07C4.1|str-47,0,0
CELE_F07C4.14|srh-234,0,0
CELE_F07C4.13|srh-200,0,0
CELE_C12D5.11|sre-11,0,0
CELE_ZK105.2|srw-3,0,0
CELE_ZK105.11|ZK105.11,0,0
CELE_ZK105.5|ZK105.5,0,0
CELE_ZK105.14|ZK105.14,0,0
CELE_T05B11.6|srr-10,0,0
CELE_T05B11.2|srr-9,0,0
CELE_T05B11.11|T05B11.11,0,0
CELE_T05B11.5|T05B11.5,0,0
CELE_ZK742.8|ZK742.8,0,0
CELE_C37C3.3|vps-32.2,0,0
CELE_C37C3.14|21ur-14304,0,0
CELE_F40A3.9|21ur-13344,0,0
CELE_Y97E10B.12|Y97E10B.12,0,0
CELE_Y97E10B.8|srsx-4,0,0
CELE_Y97E10B.1|gtnt-52,0,0
CELE_F26D11.5|clec-216,0,0
CELE_F26D11.14|F26D11.14,0,0
CELE_Y97E10AL.1|Y97E10AL.1,0,0
CELE_Y97E10AL.5|Y97E10AL.5,0,0
CELE_Y97E10AM.2|Y97E10AM.2,0,0
CELE_Y97E10AM.3|Y97E10AM.3,0,0
CELE_ZC513.15|ZC513.15,0,1
CELE_ZC513.13|21ur-11653,0,0
CELE_ZC513.17|ZC513.17,0,0
CELE_ZC513.18|ZC513.18,0,0
CELE_C09H5.3|str-140,0,0
CELE_C09H5.4|str-143,0,0
CELE_C09H5.5|str-144,0,0
CELE_C09H5.6|str-131,0,0
CELE_C09H5.8|str-128,0,0
CELE_F58G4.5|str-129,0,0
CELE_F58G4.2|str-90,0,0
CELE_F58G4.3|srlf-16,0,0
CELE_F58G4.8|F58G4.8,0,0
CELE_D1014.6|gtnt-17,0,0
CELE_D1014.11|D1014.11,0,0
CELE_D1014.10|21ur-14985,0,0
CELE_D1014.12|linc-31,0,0
CELE_F20D6.9|F20D6.9,0,0
CELE_F20D6.15|F20D6.15,0,0
CELE_F20D6.12|F20D6.12,0,0
CELE_C16D9.3|C16D9.3,0,0
CELE_C16D9.13|C16D9.13,0,0
CELE_C16D9.T4|C16D9.t4,0,0
CELE_C16D9.10|C16D9.10,0,0
CELE_C16D9.15|C16D9.15,0,0
CELE_F45F2.2|his-39,0,0
CELE_F25G6.20|F25G6.20,0,0
CELE_F25G6.16|F25G6.16,0,0
CELE_C10B5.4|C10B5.4,0,0
CELE_F41E6.16|21ur-11079,0,0
CELE_F41E6.1|F41E6.1,0,0
CELE_F28A12.6|F28A12.6,0,0
CELE_F28A12.7|F28A12.7,0,0
CELE_F28A12.8|F28A12.8,0,0
CELE_F28A12.5|F28A12.5,0,0
CELE_F28A12.9|F28A12.9,0,0
CELE_ZC190.14|ZC190.14,0,0
CELE_ZC190.15|ZC190.15,0,0
CELE_ZC190.6|ZC190.6,0,0
CELE_ZC190.13|ZC190.13,0,0
CELE_B0507.5|B0507.5,0,0
CELE_B0507.4|B0507.4,0,0
CELE_B0507.17|B0507.17,0,0
CELE_B0507.11|srx-115,0,0
CELE_B0507.14|B0507.14,0,0
CELE_C01B7.14|C01B7.14,0,0
CELE_C01B7.8|C01B7.8,0,0
CELE_C01B7.12|C01B7.12,0,0
CELE_C01B7.15|C01B7.15,0,0
CELE_K06C4.25|K06C4.25,0,0
CELE_K06C4.18|K06C4.18,0,0
CELE_K06C4.22|K06C4.22,0,0
CELE_H14N18.7|H14N18.7,0,0
CELE_T19A5.9|T19A5.9,0,0
CELE_T19A5.7|T19A5.7,0,0
CELE_F59E11.13|str-84,0,0
CELE_F59E11.14|str-86,0,0
CELE_F59E11.15|str-85,0,0
CELE_R03H4.3|srx-3,0,0
CELE_R03H4.8|R03H4.8,0,0
CELE_R03H4.9|srh-201,0,0
CELE_R03H4.4|srt-18,0,0
CELE_R03H4.10|21ur-13392,0,0
CELE_R03H4.6|bus-1,0,0
CELE_R03H4.11|R03H4.11,0,0
CELE_C25E10.14|C25E10.14,0,0
CELE_T27E4.17|T27E4.17,0,0
CELE_T27E4.13|T27E4.13,0,0
CELE_T27E4.16|T27E4.16,0,0
CELE_T27E4.19|T27E4.19,0,0
CELE_T27E4.11|T27E4.11,0,0
CELE_T27E4.10|T27E4.10,0,0
CELE_F21C10.14|F21C10.14,0,0
CELE_F21C10.15|F21C10.15,0,0
CELE_F21C10.16|F21C10.16,0,0
CELE_F21C10.6|F21C10.6,0,0
CELE_F21C10.5|F21C10.5,0,0
CELE_F21C10.1|F21C10.1,0,0
CELE_B0222.13|21ur-13351,0,0
CELE_B0222.12|21ur-14438,0,0
CELE_B0222.10|B0222.10,0,0
CELE_C24B5.7|C24B5.7,0,0
CELE_T18H9.4|str-177,0,0
CELE_T18H9.11|T18H9.11,0,0
CELE_T18H9.8|T18H9.8,0,0
CELE_T18H9.9|T18H9.9,0,0
CELE_T18H9.10|T18H9.10,0,0
CELE_F07C3.15|F07C3.15,0,0
CELE_F07C3.11|F07C3.11,0,0
CELE_F07C3.14|F07C3.14,0,0
CELE_F07C3.8|str-94,0,0
CELE_F07C3.13|F07C3.13,0,0
CELE_F07C3.16|F07C3.16,0,0
CELE_ZK682.10|ZK682.10,0,0
CELE_ZK682.9|ZK682.9,0,0
CELE_ZK682.11|ZK682.11,0,0
CELE_ZK682.8|ZK682.8,0,0
CELE_F44A2.13|F44A2.13,0,0
CELE_F44A2.8|srpr-3,0,0
CELE_F44A2.9|F44A2.9,0,0
CELE_F44A2.12|F44A2.12,0,0
CELE_F44A2.11|F44A2.11,0,0
CELE_F44A2.10|F44A2.10,0,0
CELE_F44A2.T1|F44A2.t1,0,0
CELE_E02C12.3|srx-47,0,0
CELE_E02C12.2|srx-46,0,0
CELE_E02C12.9|E02C12.9,0,0
CELE_E02C12.14|21ur-14825,0,0
CELE_E02C12.19|E02C12.19,0,0
CELE_E02C12.15|E02C12.15,0,0
CELE_E02C12.16|E02C12.16,0,0
CELE_K06A4.12|K06A4.12,0,0
CELE_K06A4.6|K06A4.6,0,0
CELE_F11A3.3|F11A3.3,0,0
CELE_C50F4.15|C50F4.15,0,0
CELE_C50F4.17|C50F4.17,0,0
CELE_C50F4.18|C50F4.18,0,0
CELE_K09G1.6|K09G1.6,0,0
CELE_T06E4.20|T06E4.20,0,0
CELE_T06E4.19|T06E4.19,0,0
CELE_T06E4.15|21ur-13884,0,0
CELE_T06E4.17|T06E4.17,0,0
CELE_T06E4.13|nspa-11,0,0
CELE_T06E4.21|T06E4.21,0,3
CELE_ZK287.12|ZK287.12,0,0
CELE_F40F9.4|str-188,0,0
CELE_F40F9.8|cal-7,0,0
CELE_F40F9.13|F40F9.13,0,0
CELE_F40F9.16|F40F9.16,0,0
CELE_F58E6.17|F58E6.17,0,0
CELE_F58E6.14|21ur-12194,0,0
CELE_F58E6.16|F58E6.16,0,0
CELE_F58E6.15|F58E6.15,0,0
CELE_F46B6.15|F46B6.15,0,0
CELE_F46B6.17|F46B6.17,0,0
CELE_F46B6.14|21ur-14905,0,0
CELE_F46B6.11|sru-39,0,0
CELE_C50C10.1|sru-37,0,0
CELE_C50C10.8|sru-33,0,0
CELE_C50C10.2|sru-29,0,0
CELE_C50C10.3|sru-30,0,0
CELE_C50C10.4|sru-31,0,0
CELE_C50C10.6|str-193,0,0
CELE_C50C10.7|str-2,0,0
CELE_C50C10.9|sru-34,0,0
CELE_R07B5.1|R07B5.1,0,0
CELE_R07B5.4|sru-38,0,0
CELE_R07B5.6|sru-36,0,0
CELE_T11A5.2|srab-17,0,0
CELE_T11A5.10|T11A5.10,0,0
CELE_T11A5.3|srab-18,0,0
CELE_T11A5.9|T11A5.9,0,0
CELE_T11A5.4|srab-19,0,0
CELE_C50H2.16|C50H2.16,0,0
CELE_C50H2.6|ceh-75,0,0
CELE_T07C12.1|srj-33,0,0
CELE_T07C12.4|T07C12.4,0,0
CELE_T07C12.16|21ur-13306,0,0
CELE_T07C12.5|srj-34,0,0
CELE_T07C12.13|fipr-12,0,0
CELE_T07C12.6|sre-28,0,0
CELE_T07C12.17|T07C12.17,0,0
CELE_T07C12.10|T07C12.10,0,0
CELE_C27H6.11|C27H6.11,0,0
CELE_C27H6.12|C27H6.12,0,0
CELE_K08H10.11|K08H10.11,0,0
CELE_K08H10.13|K08H10.13,0,0
CELE_T06E8.5|T06E8.5,0,0
CELE_T06E8.7|T06E8.7,0,0
CELE_T06E8.2|T06E8.2,0,0
CELE_R04B5.7|R04B5.7,0,0
CELE_C08B6.14|C08B6.14,0,0
CELE_C08B6.5|glr-10,0,0
CELE_C08B6.16|C08B6.16,0,0
CELE_C08B6.12|srxa-18,0,0
CELE_C08B6.13|srxa-19,0,0
CELE_C51E3.8|C51E3.8,0,0
CELE_C51E3.4|srsx-29,0,0
CELE_C51E3.11|C51E3.11,0,0
CELE_C51E3.12|C51E3.12,0,0
CELE_C12D8.4|ttr-19,0,0
CELE_C12D8.3|C12D8.3,0,0
CELE_C12D8.24|C12D8.24,0,0
CELE_C12D8.7|C12D8.7,0,0
CELE_C12D8.21|C12D8.21,0,0
CELE_C12D8.8|col-148,0,0
CELE_C12D8.23|C12D8.23,0,0
CELE_C12D8.9|C12D8.9,0,0
CELE_C12D8.25|C12D8.25,0,0
CELE_Y22F5A.11|Y22F5A.11,0,0
CELE_Y22F5A.8|Y22F5A.8,0,0
CELE_Y22F5A.9|Y22F5A.9,0,0
CELE_B0024.17|B0024.17,0,0
CELE_K07C5.15|K07C5.15,0,0
CELE_K07C5.16|K07C5.16,0,0
CELE_K07C5.14|21ur-15379,0,0
CELE_AC3.1|sri-20,0,0
CELE_AC3.11|AC3.11,0,0
CELE_AC3.12|AC3.12,0,0
CELE_AC3.15|AC3.15,0,0
CELE_F15H10.12|F15H10.12,0,0
CELE_F15H10.6|F15H10.6,0,0
CELE_F15H10.9|F15H10.9,0,0
CELE_F15H10.10|F15H10.10,0,0
CELE_Y32F6A.7|Y32F6A.7,0,0
CELE_F22E12.6|F22E12.6,0,0
CELE_F22E12.8|F22E12.8,0,0
CELE_F22E12.10|F22E12.10,0,0
CELE_F22E12.9|F22E12.9,0,0
CELE_F22E12.12|F22E12.12,0,0
CELE_Y32F6B.7|Y32F6B.7,0,0
CELE_C35A5.14|C35A5.14,0,0
CELE_F25D1.7|F25D1.7,0,0
CELE_F25D1.6|mir-259,0,0
CELE_F25D1.9|F25D1.9,0,0
CELE_F25D1.8|F25D1.8,0,0
CELE_F32G8.1|srd-34,0,0
CELE_F32G8.8|F32G8.8,0,0
CELE_F32G8.11|F32G8.11,0,0
CELE_F32G8.12|F32G8.12,0,0
CELE_T21C9.15|T21C9.15,0,0
CELE_T21C9.16|T21C9.16,0,0
CELE_C32C4.13|C32C4.13,0,0
CELE_C32C4.12|C32C4.12,0,0
CELE_C32C4.6|lsy-6,0,0
CELE_F29F11.10|F29F11.10,0,0
CELE_F29F11.16|F29F11.16,0,0
CELE_F29F11.18|F29F11.18,0,0
CELE_F29F11.11|F29F11.11,0,0
CELE_F29F11.17|F29F11.17,0,0
CELE_F29F11.14|F29F11.14,0,0
CELE_F29F11.13|F29F11.13,0,0
CELE_F29F11.12|F29F11.12,0,0
CELE_F29F11.9|F29F11.9,0,0
CELE_F29F11.15|F29F11.15,0,0
CELE_F29F11.20|F29F11.20,0,0
CELE_C05A2.2|C05A2.2,0,0
CELE_F28H7.1|srj-22,0,0
CELE_D1054.7|clec-220,0,0
CELE_C29A12.15|C29A12.15,0,0
CELE_C29A12.9|C29A12.9,0,0
CELE_C29A12.11|C29A12.11,0,0
CELE_C29A12.19|C29A12.19,0,0
CELE_F58B4.9|F58B4.9,0,0
CELE_F58B4.10|F58B4.10,0,0
CELE_F58B4.11|F58B4.11,0,0
CELE_F58B4.8|21ur-11578,0,0
CELE_F58B4.2|F58B4.2,0,0
CELE_F58B4.7|F58B4.7,0,0
CELE_F58B4.12|F58B4.12,0,0
CELE_F58B4.4|scvp-1,0,0
CELE_F17C11.16|F17C11.16,0,0
CELE_F17C11.24|F17C11.24,0,0
CELE_F17C11.21|F17C11.21,0,0
CELE_F53B7.10|F53B7.10,0,0
CELE_F53B7.12|F53B7.12,0,0
CELE_F53B7.11|F53B7.11,0,0
CELE_F53B7.9|F53B7.9,0,0
CELE_F53B7.13|F53B7.13,0,0
CELE_F53B7.4|F53B7.4,0,0
CELE_F53B7.8|F53B7.8,0,0
CELE_C13G3.10|C13G3.10,0,0
CELE_C13G3.11|C13G3.11,0,0
CELE_C13G3.9|C13G3.9,0,0
CELE_C13G3.7|C13G3.7,0,0
CELE_C13G3.4|C13G3.4,0,0
CELE_T04C12.20|T04C12.20,0,0
CELE_T04C12.12|21ur-13032,0,0
CELE_T04C12.29|T04C12.29,0,0
CELE_T04C12.27|T04C12.27,0,0
CELE_T04C12.22|T04C12.22,0,0
CELE_T04C12.19|T04C12.19,0,0
CELE_Y42A5A.11|Y42A5A.11,0,0
CELE_Y42A5A.10|Y42A5A.10,0,0
CELE_C06H2.9|C06H2.9,0,0
CELE_T19C4.3|srg-41,0,0
CELE_T19C4.4|srg-40,0,0
CELE_T19C4.10|T19C4.10,0,0
CELE_T19C4.23|T19C4.23,0,0
CELE_T19C4.20|T19C4.20,0,0
CELE_T19C4.18|T19C4.18,0,0
CELE_T19C4.15|T19C4.15,0,0
CELE_T19C4.22|T19C4.22,0,0
CELE_T19C4.21|T19C4.21,0,0
CELE_VK10D6R.3|linc-148,0,0
CELE_VK10D6R.T1|VK10D6R.t1,0,0
CELE_VK10D6R.2|VK10D6R.2,0,0
CELE_K10D6.18|K10D6.18,0,0
CELE_K10D6.21|K10D6.21,0,0
CELE_K10D6.16|K10D6.16,0,0
CELE_K10D6.13|K10D6.13,0,0
CELE_K10D6.12|K10D6.12,0,0
CELE_K10D6.7|K10D6.7,0,0
CELE_K10D6.20|K10D6.20,0,0
CELE_K10D6.23|K10D6.23,0,0
CELE_T19B10.16|T19B10.16,0,0
CELE_T19B10.17|T19B10.17,0,0
CELE_T19B10.15|T19B10.15,0,0
CELE_T19B10.14|T19B10.14,0,0
CELE_T19B10.13|T19B10.13,0,0
CELE_T19B10.12|T19B10.12,0,0
CELE_T19B10.10|srsx-33,0,0
CELE_F07B10.6|srsx-31,0,0
CELE_F07B10.7|F07B10.7,0,0
CELE_F07B10.4|F07B10.4,0,0
CELE_F07B10.2|str-116,0,0
CELE_F07B10.3|str-115,0,0
CELE_C03E10.8|C03E10.8,0,0
CELE_C03E10.9|C03E10.9,0,0
CELE_C03E10.1|C03E10.1,0,0
CELE_C03E10.7|21ur-15168,0,0
CELE_T03F7.9|21ur-14694,0,0
CELE_T03F7.6|T03F7.6,0,0
CELE_T03F7.5|T03F7.5,0,0
CELE_T03F7.4|srh-47,0,0
CELE_T03F7.2|srh-45,0,0
CELE_T03F7.10|T03F7.10,0,0
CELE_T03F7.15|T03F7.15,0,0
CELE_T03F7.13|T03F7.13,0,0
CELE_T02E9.24|T02E9.24,0,0
CELE_T02E9.20|T02E9.20,0,0
CELE_T02E9.17|T02E9.17,0,0
CELE_T02E9.23|T02E9.23,0,0
CELE_T02E9.21|T02E9.21,0,0
CELE_T02E9.26|T02E9.26,0,0
CELE_T02E9.29|T02E9.29,0,0
CELE_T02E9.18|T02E9.18,0,0
CELE_T02E9.27|T02E9.27,0,0
CELE_T02E9.11|T02E9.11,0,0
CELE_T02E9.12|T02E9.12,0,0
CELE_T02E9.15|T02E9.15,0,0
CELE_T02E9.19|T02E9.19,0,0
CELE_T02E9.16|T02E9.16,0,0
CELE_T02E9.10|T02E9.10,0,0
CELE_T02E9.25|T02E9.25,0,0
CELE_T02E9.7|21ur-14486,0,0
CELE_F55C10.11|F55C10.11,0,0
CELE_F55C10.6|21ur-15365,0,0
CELE_F55C10.7|F55C10.7,0,0
CELE_F55C10.8|F55C10.8,0,0
CELE_F55C10.10|F55C10.10,0,0
CELE_F55C10.9|F55C10.9,0,0
CELE_K03B8.1|nas-16,0,0
CELE_K03B8.4|K03B8.4,0,0
CELE_K03B8.23|K03B8.23,0,0
CELE_K03B8.21|K03B8.21,0,0
CELE_K03B8.3|nas-18,0,0
CELE_K03B8.17|K03B8.17,0,0
CELE_K03B8.16|K03B8.16,0,0
CELE_K03B8.15|K03B8.15,0,0
CELE_K03B8.20|K03B8.20,0,0
CELE_K03B8.13|21ur-14733,0,0
CELE_T26H10.3|T26H10.3,0,0
CELE_T26H10.6|T26H10.6,0,0
CELE_T26H10.5|T26H10.5,0,0
CELE_T26H10.9|T26H10.9,0,0
CELE_T26H10.7|T26H10.7,0,0
CELE_T26H10.10|T26H10.10,0,0
CELE_T26H10.4|T26H10.4,0,0
CELE_T26H10.8|T26H10.8,0,0
CELE_F57B7.8|F57B7.8,0,0
CELE_F57B7.7|F57B7.7,0,0
CELE_F57B7.12|F57B7.12,0,0
CELE_F57B7.6|F57B7.6,0,0
CELE_F57B7.11|F57B7.11,0,0
CELE_F57B7.9|F57B7.9,0,0
CELE_F57B7.14|F57B7.14,0,0
CELE_F57B7.10|F57B7.10,0,0
CELE_F57B7.13|F57B7.13,0,0
CELE_T11F9.30|T11F9.30,0,0
CELE_T11F9.26|T11F9.26,0,0
CELE_T11F9.14|T11F9.14,0,0
CELE_T11F9.13|T11F9.13,0,0
CELE_T11F9.23|T11F9.23,0,0
CELE_T11F9.16|T11F9.16,0,0
CELE_T11F9.19|T11F9.19,0,0
CELE_T11F9.21|T11F9.21,0,0
CELE_C55A6.14|C55A6.14,0,0
CELE_C55A6.18|C55A6.18,0,0
CELE_C55A6.13|21ur-13851,0,0
CELE_C55A6.15|C55A6.15,0,0
CELE_C55A6.20|C55A6.20,0,0
CELE_F38B7.10|F38B7.10,0,0
CELE_F38B7.17|F38B7.17,0,0
CELE_F38B7.4|srx-85,0,0
CELE_F38B7.13|F38B7.13,0,0
CELE_F38B7.6|srx-71,0,0
CELE_F38B7.9|srx-72,0,0
CELE_F38B7.7|srx-86,0,0
CELE_F38B7.8|srx-87,0,0
CELE_H12C20.4|srx-91,0,0
CELE_H12C20.5|srx-90,0,0
CELE_F43A11.1|srx-88,0,0
CELE_F43A11.8|F43A11.8,0,0
CELE_F43A11.3|srx-89,0,0
CELE_F43A11.6|srx-82,0,0
CELE_F43A11.4|srx-80,0,0
CELE_F43A11.5|srx-81,0,0
CELE_F43A11.7|srx-83,0,0
CELE_F35B12.1|srx-84,0,0
CELE_F35B12.16|F35B12.16,0,0
CELE_F35B12.14|F35B12.14,0,0
CELE_F35B12.12|F35B12.12,0,0
CELE_F35B12.15|F35B12.15,0,0
CELE_T27F2.7|T27F2.7,0,0
CELE_F46F3.19|F46F3.19,0,0
CELE_F46F3.8|F46F3.8,0,0
CELE_F46F3.7|F46F3.7,0,0
CELE_F46F3.13|F46F3.13,0,0
CELE_F46F3.5|21ur-13189,0,0
CELE_F46F3.11|F46F3.11,0,0
CELE_F46F3.17|F46F3.17,0,0
CELE_F46F3.14|F46F3.14,0,0
CELE_F46F3.18|F46F3.18,0,0
CELE_F46F3.23|F46F3.23,0,0
CELE_F46F3.10|F46F3.10,0,0
CELE_F46F3.6|F46F3.6,0,0
CELE_F46F3.15|F46F3.15,0,0
CELE_W05E10.21|W05E10.21,0,0
CELE_W05E10.11|W05E10.11,0,0
CELE_W05E10.18|W05E10.18,0,0
CELE_W05E10.7|W05E10.7,0,0
CELE_W05E10.12|W05E10.12,0,0
CELE_W05E10.20|W05E10.20,0,0
CELE_W05E10.13|W05E10.13,0,0
CELE_W05E10.15|W05E10.15,0,0
CELE_W05E10.14|W05E10.14,0,0
CELE_W05E10.19|W05E10.19,0,0
CELE_B0240.6|B0240.6,0,0
CELE_B0240.7|B0240.7,0,0
CELE_T04F3.6|T04F3.6,0,0
CELE_T04F3.11|T04F3.11,0,0
CELE_T04F3.9|T04F3.9,0,0
CELE_D2023.18|D2023.18,0,0
CELE_R13H4.11|R13H4.11,0,0
CELE_R13H4.6|R13H4.6,0,0
CELE_R13H4.12|R13H4.12,0,0
CELE_R13H4.9|R13H4.9,0,0
CELE_K12G11.10|K12G11.10,0,0
CELE_K12G11.13|K12G11.13,0,0
CELE_K12G11.5|srx-76,0,0
CELE_K12G11.12|K12G11.12,0,0
CELE_C13C4.9|C13C4.9,0,0
CELE_C27A7.7|srj-4,0,0
CELE_ZK863.11|ZK863.11,0,0
CELE_ZK836.16|ZK836.16,0,0
CELE_ZK836.13|ZK836.13,0,0
CELE_ZK836.7|ZK836.7,0,0
CELE_ZK836.15|ZK836.15,0,0
CELE_ZK836.10|ZK836.10,0,0
CELE_ZK836.9|ZK836.9,0,0
CELE_ZK836.5|ZK836.5,0,0
CELE_ZK836.11|ZK836.11,0,0
CELE_ZK836.17|ZK836.17,0,0
CELE_ZK836.6|ZK836.6,0,0
CELE_ZK836.19|ZK836.19,0,0
CELE_T04H1.11|T04H1.11,0,0
CELE_F55C5.15|F55C5.15,0,0
CELE_F55C5.6|F55C5.6,0,0
CELE_F55C5.12|F55C5.12,0,0
CELE_F55C5.14|F55C5.14,0,0
CELE_F55C5.13|F55C5.13,0,0
CELE_F55C5.16|F55C5.16,0,0
CELE_R04F11.24|R04F11.24,0,0
CELE_R04F11.20|R04F11.20,0,0
CELE_R04F11.22|R04F11.22,0,1
CELE_R04F11.12|R04F11.12,0,0
CELE_R04F11.13|R04F11.13,0,0
CELE_R04F11.17|R04F11.17,0,0
CELE_R04F11.21|R04F11.21,0,0
CELE_F23H12.18|F23H12.18,0,0
CELE_F23H12.17|F23H12.17,0,0
CELE_F23H12.20|F23H12.20,0,0
CELE_F23H12.21|F23H12.21,0,0
CELE_F23H12.11|F23H12.11,0,0
CELE_F23H12.19|F23H12.19,0,0
CELE_F23H12.14|F23H12.14,0,0
CELE_F23H12.12|F23H12.12,0,0
CELE_F23H12.16|F23H12.16,0,0
CELE_F23H12.15|F23H12.15,0,0
CELE_C54D10.19|C54D10.19,0,0
CELE_C54D10.18|C54D10.18,0,0
CELE_C54D10.20|C54D10.20,0,0
CELE_C54D10.17|C54D10.17,0,0
CELE_C54D10.15|C54D10.15,0,0
CELE_F28C1.12|F28C1.12,0,0
CELE_F28C1.10|F28C1.10,0,0
CELE_F28C1.11|F28C1.11,0,0
CELE_F28C1.14|F28C1.14,0,0
CELE_T28H10.5|T28H10.5,0,0
CELE_C13C12.3|21ur-14776,0,0
CELE_C13C12.5|C13C12.5,0,0
CELE_C13C12.4|C13C12.4,0,0
CELE_F45D3.14|F45D3.14,0,0
CELE_F45D3.8|F45D3.8,0,0
CELE_F45D3.7|F45D3.7,0,0
CELE_F45D3.16|F45D3.16,0,0
CELE_F45D3.13|F45D3.13,0,0
CELE_F45D3.10|F45D3.10,0,0
CELE_E02A10.10|E02A10.10,0,0
CELE_E02A10.9|E02A10.9,0,0
CELE_F56H9.1|srx-113,0,0
CELE_F56H9.7|F56H9.7,0,0
CELE_W05B10.7|W05B10.7,0,0
CELE_W05B10.8|W05B10.8,0,0
CELE_W05B10.5|srx-116,0,0
CELE_R11D1.5|str-178,0,0
CELE_R11D1.14|R11D1.14,0,0
CELE_R11D1.6|str-181,0,0
CELE_C15C8.10|C15C8.10,0,0
CELE_C15C8.11|C15C8.11,0,0
CELE_F18E2.15|F18E2.15,0,9
CELE_F18E2.13|F18E2.13,0,0
CELE_F18E2.12|F18E2.12,0,0
CELE_ZC455.8|srbc-43,0,0
CELE_ZC455.13|ZC455.13,0,0
CELE_ZC455.15|ZC455.15,0,0
CELE_ZC455.11|srbc-45,0,0
CELE_ZC455.12|srbc-46,0,0
CELE_ZC443.8|ZC443.8,0,0
CELE_C44H9.1|ugt-15,0,0
CELE_C44H9.2|C44H9.2,0,0
CELE_C44H9.10|21ur-10460,0,0
CELE_R90.9|R90.9,0,0
CELE_R90.11|R90.11,0,0
CELE_R90.8|R90.8,0,0
CELE_R90.10|R90.10,0,0
CELE_R90.6|R90.6,0,0
CELE_R90.7|R90.7,0,0
CELE_T16G1.15|T16G1.15,0,0
CELE_T16G1.17|T16G1.17,0,0
CELE_T16G1.14|T16G1.14,0,0
CELE_R186.11|R186.11,0,0
CELE_F15B9.13|F15B9.13,0,0
CELE_F15B9.12|F15B9.12,0,0
CELE_F15B9.11|F15B9.11,0,4
CELE_W07G4.11|W07G4.11,0,0
CELE_F42E8.2|F42E8.2,0,0
CELE_C34B4.14|C34B4.14,0,0
CELE_C34B4.15|C34B4.15,0,0
CELE_C34B4.8|21ur-11069,0,0
CELE_C34B4.11|C34B4.11,0,0
CELE_C34B4.6|C34B4.6,0,0
CELE_VB0365.1|VB0365.1,0,0
CELE_VB0365.2|VB0365.2,0,0
CELE_B0365.8|B0365.8,0,0
CELE_B0365.2|B0365.2,0,0
CELE_T09E8.5|sri-6,0,0
CELE_F57B1.8|F57B1.8,0,0
CELE_F57B1.14|F57B1.14,0,0
CELE_F57B1.15|F57B1.15,0,0
CELE_F57B1.11|F57B1.11,0,0
CELE_F57B1.16|F57B1.16,0,0
CELE_C26E1.1|C26E1.1,0,0
CELE_C50B6.1|C50B6.1,0,0
CELE_C50B6.13|C50B6.13,0,0
CELE_C50B6.11|lgc-48,0,0
CELE_C50B6.15|C50B6.15,0,0
CELE_F32H5.5|srg-46,0,0
CELE_F53F1.1|cutl-1,0,0
CELE_F53F1.12|21ur-14700,0,0
CELE_F53F1.13|21ur-13302,0,0
CELE_F53F1.8|srv-9,0,0
CELE_F53F1.9|srv-10,0,0
CELE_Y2H9A.5|Y2H9A.5,0,0
CELE_F25H9.9|F25H9.9,0,0
CELE_F25H9.1|lurp-2,0,0
CELE_C50B8.8|C50B8.8,0,0
CELE_C50B8.7|C50B8.7,0,0
CELE_F53F4.19|21ur-15270,0,0
CELE_F53F4.22|F53F4.22,0,0
CELE_F53F4.24|F53F4.24,0,0
CELE_H37A05.5|H37A05.5,0,0
CELE_H37A05.6|H37A05.6,0,0
CELE_F58G11.11|F58G11.11,0,0
CELE_F58G11.7|F58G11.7,0,0
CELE_F58G11.10|F58G11.10,0,0
CELE_T01D3.9|T01D3.9,0,0
CELE_T01D3.8|21ur-13168,0,0
CELE_F55B12.15|F55B12.15,0,0
CELE_F55B12.12|F55B12.12,0,0
CELE_F55B12.13|F55B12.13,0,0
CELE_F55B12.2|F55B12.2,0,0
CELE_F55B12.6|str-165,0,0
CELE_F55B12.9|srx-129,0,0
CELE_F55B12.7|srx-128,0,0
CELE_F55B12.8|srx-17,0,0
CELE_F09F3.2|srx-131,0,0
CELE_F09F3.3|srx-132,0,0
CELE_F09F3.4|srx-133,0,0
CELE_F09F3.5|hpx-2,0,0
CELE_F09F3.18|F09F3.18,0,0
CELE_F09F3.7|srx-134,0,0
CELE_F09F3.12|srx-136,0,0
CELE_F09F3.13|srx-137,0,0
CELE_F09F3.16|F09F3.16,0,0
CELE_F09F3.14|F09F3.14,0,0
CELE_F09F3.17|F09F3.17,0,0
CELE_T22G5.1|T22G5.1,0,0
CELE_C06B3.1|C06B3.1,0,0
CELE_C06B3.5|stdh-3,0,0
CELE_C06B3.9|str-252,0,0
CELE_C06B3.10|str-250,0,0
CELE_C06B3.11|srx-42,0,0
CELE_C06B3.12|srxa-11,0,0
CELE_C06B3.15|21ur-12347,0,0
CELE_C06B3.14|srxa-13,0,0
CELE_C06B3.16|C06B3.16,0,0
CELE_R10D12.2|dpr-1,0,0
CELE_R10D12.3|srx-127,0,0
CELE_R10D12.4|srx-10,0,0
CELE_R10D12.5|clec-226,0,0
CELE_R10D12.6|R10D12.6,0,6
CELE_R10D12.15|R10D12.15,0,0
CELE_T26F2.5|T26F2.5,0,0
CELE_T26F2.4|T26F2.4,0,0
CELE_T26F2.1|T26F2.1,0,0
CELE_T08G5.2|T08G5.2,0,0
CELE_T08G5.4|T08G5.4,0,0
CELE_T08G5.9|T08G5.9,0,0
CELE_T08G5.8|T08G5.8,0,0
CELE_D1086.14|smy-3,0,0
CELE_AH10.7|AH10.7,0,0
CELE_AH10.9|AH10.9,0,0
CELE_AH10.2|AH10.2,0,0
CELE_T02B5.2|ocam-1,0,0
CELE_K02E11.T1|K02E11.t1,0,0
CELE_K02E11.13|K02E11.13,0,0
CELE_K02E11.15|K02E11.15,0,0
CELE_K02E11.8|K02E11.8,0,0
CELE_F40G12.1|sre-8,0,0
CELE_F40G12.16|F40G12.16,0,0
CELE_F40G12.3|F40G12.3,0,0
CELE_F40G12.13|F40G12.13,0,0
CELE_F40G12.4|F40G12.4,0,0
CELE_F40G12.8|srt-33,0,0
CELE_F40G12.15|srt-74,0,0
CELE_F40G12.9|F40G12.9,0,0
CELE_F14D7.1|F14D7.1,0,0
CELE_F14D7.18|F14D7.18,0,0
CELE_F14D7.9|F14D7.9,0,0
CELE_F14D7.5|spig-3,0,0
CELE_F14D7.13|F14D7.13,0,0
CELE_F14D7.17|F14D7.17,0,0
CELE_F14D7.15|F14D7.15,0,0
CELE_F14D7.16|F14D7.16,0,0
CELE_F14D7.14|F14D7.14,0,0
CELE_F47B8.1|F47B8.1,0,0
CELE_F47B8.14|F47B8.14,0,0
CELE_F47B8.12|srm-5,0,0
CELE_F47B8.9|srm-6,0,0
CELE_F47B8.15|21ur-15138,0,0
CELE_F56A12.11|F56A12.11,0,0
CELE_F56A12.5|F56A12.5,0,0
CELE_F56A12.6|F56A12.6,0,0
CELE_F56A12.3|mir-48,0,0
CELE_F56A12.8|F56A12.8,0,0
CELE_C15H11.17|C15H11.17,0,0
CELE_C15H11.15|21ur-14796,0,0
CELE_VF23B12L.1|VF23B12L.1,0,0
CELE_F23B12.11|F23B12.11,0,0
CELE_F23B12.2|sru-43,0,0
CELE_F23B12.12|F23B12.12,0,0
CELE_F08H9.11|F08H9.11,0,0
CELE_F08H9.13|F08H9.13,0,0
CELE_C53A5.18|C53A5.18,0,0
CELE_C53A5.8|srg-47,0,0
CELE_C53A5.10|srt-32,0,0
CELE_F43D2.9|F43D2.9,0,0
CELE_F43D2.10|F43D2.10,0,0
CELE_F43D2.8|F43D2.8,0,0
CELE_F43D2.12|F43D2.12,0,0
CELE_F43D2.11|F43D2.11,0,0
CELE_F43D2.13|F43D2.13,0,0
CELE_F43D2.14|F43D2.14,0,0
CELE_C47E8.2|srh-17,0,0
CELE_C47E8.14|C47E8.14,0,0
CELE_C47E8.13|C47E8.13,0,0
CELE_R08A2.9|R08A2.9,0,0
CELE_R08A2.8|R08A2.8,0,0
CELE_R08A2.6|R08A2.6,0,0
CELE_Y50E8A.20|Y50E8A.20,0,0
CELE_Y50E8A.18|Y50E8A.18,0,0
CELE_Y50E8A.7|lipl-8,0,0
CELE_Y50E8A.22|Y50E8A.22,0,0
CELE_Y50E8A.17|nspa-10,0,0
CELE_Y50E8A.8|Y50E8A.8,0,0
CELE_Y50E8A.14|Y50E8A.14,0,0
CELE_Y75B12B.7|srw-1,0,0
CELE_Y75B12B.10|Y75B12B.10,0,0
CELE_Y75B12B.9|str-266,0,0
CELE_Y75B12B.14|Y75B12B.14,0,0
CELE_C41G6.12|C41G6.12,0,0
CELE_C41G6.16|C41G6.16,0,0
CELE_C41G6.11|sri-24,0,0
CELE_C41G6.10|sri-25,0,0
CELE_C41G6.6|irld-25,0,0
CELE_C41G6.7|srw-24,0,0
CELE_C41G6.8|srw-14,0,0
CELE_C41G6.3|srw-15,0,0
CELE_C41G6.15|srw-13,0,0
CELE_C41G6.5|nhr-164,0,0
CELE_C41G6.2|srw-12,0,0
CELE_M01B2.11|srw-11,0,0
CELE_M01B2.5|srw-50,0,0
CELE_M01B2.4|srbc-76,0,0
CELE_M01B2.3|srbc-75,0,0
CELE_M01B2.9|srsx-39,0,0
CELE_M01B2.7|srsx-37,0,0
CELE_M01B2.12|M01B2.12,0,0
CELE_T10H4.3|srw-22,0,0
CELE_T10H4.5|srw-16,0,0
CELE_T10H4.6|srw-17,0,0
CELE_T10H4.7|srw-18,0,0
CELE_T10H4.15|21ur-13303,0,0
CELE_T10H4.8|srw-19,0,0
CELE_T10H4.19|T10H4.19,0,0
CELE_T10H4.1|T10H4.1,0,0
CELE_T10H4.18|T10H4.18,0,0
CELE_T10H4.2|str-96,0,0
CELE_T26H8.3|srx-49,0,0
CELE_T26H8.2|srx-48,0,0
CELE_T26H8.5|T26H8.5,0,0
CELE_T26H8.4|T26H8.4,0,0
CELE_ZK1037.11|srz-10,0,0
CELE_ZK1037.12|ZK1037.12,0,0
CELE_ZK1037.1|irld-62,0,0
CELE_ZK1037.2|ZK1037.2,0,0
CELE_ZK1037.3|srt-22,0,0
CELE_ZK1037.8|srh-295,0,0
CELE_ZK1037.9|srw-113,0,0
CELE_ZK1037.10|wrt-7,0,0
CELE_H02K04.2|clec-228,0,0
CELE_R08H2.15|R08H2.15,0,4
CELE_R08H2.14|srh-106,0,0
CELE_R08H2.11|srh-108,0,0
CELE_R08H2.9|nhr-269,0,0
CELE_R08H2.8|R08H2.8,0,0
CELE_R08H2.10|R08H2.10,0,0
CELE_R08H2.5|srh-122,0,0
CELE_R08H2.4|srh-251,0,0
CELE_R08H2.16|R08H2.16,0,0
CELE_R08H2.2|str-88,0,0
CELE_R08H2.13|str-102,0,0
CELE_R08H2.3|srh-170,0,0
CELE_T06E6.4|sri-7,0,0
CELE_T06E6.7|srh-258,0,0
CELE_T06E6.6|srh-257,0,0
CELE_T06E6.11|srbc-63,0,0
CELE_T06E6.8|srh-264,0,0
CELE_T06E6.9|srh-265,0,0
CELE_T06E6.12|srh-263,0,0
CELE_T26H5.12|nspd-12,0,0
CELE_T26H5.7|str-117,0,0
CELE_T26H5.6|T26H5.6,0,0
CELE_T26H5.1|srh-254,0,0
CELE_T23F1.1|srh-238,0,0
CELE_T23F1.2|T23F1.2,0,0
CELE_T23F1.3|T23F1.3,0,0
CELE_T23F1.4|str-71,0,0
CELE_T23F1.9|T23F1.9,0,0
CELE_T23F1.T1|T23F1.t1,0,0
CELE_T23F1.8|T23F1.8,0,0
CELE_T23F1.T2|T23F1.t2,0,0
CELE_C06B8.3|C06B8.3,0,0
CELE_C06B8.11|C06B8.11,0,0
CELE_C06B8.9|srw-21,0,0
CELE_F28F8.11|F28F8.11,0,0
CELE_F28F8.T4|F28F8.t4,0,0
CELE_F28F8.T1|F28F8.t1,0,0
CELE_F28F8.13|linc-108,0,0
CELE_B0391.12|str-263,0,0
CELE_B0391.3|B0391.3,0,0
CELE_B0391.13|B0391.13,0,0
CELE_B0391.1|B0391.1,0,0
CELE_C55A1.13|C55A1.13,0,0
CELE_C55A1.1|C55A1.1,0,0
CELE_C55A1.2|srg-35,0,0
CELE_C55A1.11|C55A1.11,0,0
CELE_C55A1.9|C55A1.9,0,0
CELE_C55A1.3|str-248,0,0
CELE_C55A1.16|srz-49,0,0
CELE_C55A1.12|srz-44,0,0
CELE_C55A1.10|srh-168,0,0
CELE_C55A1.4|C55A1.4,0,0
CELE_C55A1.5|str-23,0,0
CELE_C55A1.7|C55A1.7,0,0
CELE_K06B4.4|K06B4.4,0,0
CELE_K06B4.3|K06B4.3,0,0
CELE_K06B4.14|K06B4.14,0,0
CELE_K06B4.1|nhr-51,0,0
CELE_K06B4.16|K06B4.16,0,0
CELE_K06B4.2|nhr-52,0,0
CELE_K06B4.17|K06B4.17,0,0
CELE_K06B4.7|nhr-197,0,0
CELE_K06B4.6|nhr-268,0,0
CELE_K06B4.13|nhr-200,0,0
CELE_K06B4.9|srx-29,0,0
CELE_K06B4.10|nhr-199,0,0
CELE_Y6E2A.2|str-101,0,0
CELE_Y6E2A.7|Y6E2A.7,0,0
CELE_Y6E2A.6|srh-140,0,0
CELE_T23D5.2|str-38,0,0
CELE_T23D5.3|T23D5.3,0,0
CELE_T23D5.1|str-27,0,0
CELE_T23D5.5|T23D5.5,0,0
CELE_T23D5.6|str-18,0,0
CELE_T23D5.17|21ur-15073,0,0
CELE_T23D5.14|T23D5.14,0,0
CELE_T23D5.15|T23D5.15,0,0
CELE_T23D5.13|T23D5.13,0,0
CELE_T23D5.8|T23D5.8,0,0
CELE_T23D5.9|str-43,0,0
CELE_T26E4.16|nhr-285,0,0
CELE_T26E4.1|irld-52,0,0
CELE_T26E4.2|T26E4.2,0,0
CELE_T26E4.6|srxa-17,0,0
CELE_T26E4.5|T26E4.5,0,0
CELE_T26E4.7|T26E4.7,0,0
CELE_T26E4.8|nhr-223,0,0
CELE_T26E4.17|21ur-14846,0,0
CELE_T26E4.10|T26E4.10,0,0
CELE_T26E4.9|T26E4.9,0,0
CELE_T26E4.11|srw-49,0,0
CELE_T26E4.13|srbc-74,0,0
CELE_T26E4.14|srsx-38,0,0
CELE_F54B8.1|F54B8.1,0,0
CELE_F54B8.2|nhr-282,0,0
CELE_F54B8.5|abf-3,0,0
CELE_F54B8.14|srbc-47,0,0
CELE_F54B8.6|srbc-48,0,0
CELE_F54B8.18|F54B8.18,0,0
CELE_F54B8.8|srbc-50,0,0
CELE_F54B8.9|srbc-51,0,0
CELE_F54B8.10|srbc-52,0,0
CELE_F54B8.16|srbc-55,0,0
CELE_F54B8.12|srbc-56,0,0
CELE_F54B8.11|srbc-54,0,0
CELE_F54B8.15|srbc-53,0,0
CELE_K08G2.3|srh-152,0,0
CELE_K08G2.16|K08G2.16,0,0
CELE_K08G2.2|srh-150,0,0
CELE_K08G2.12|srh-147,0,0
CELE_K08G2.6|srh-151,0,0
CELE_K08G2.7|srz-12,0,0
CELE_K08G2.9|srh-299,0,0
CELE_K08G2.10|srh-294,0,0
CELE_K08G2.8|srh-293,0,0
CELE_T06C12.16|T06C12.16,0,0
CELE_T06C12.9|T06C12.9,0,0
CELE_T06C12.12|T06C12.12,0,0
CELE_T06C12.11|T06C12.11,0,0
CELE_T06C12.1|str-60,0,0
CELE_T06C12.14|T06C12.14,0,0
CELE_T06C12.15|srab-27,0,0
CELE_T06C12.17|T06C12.17,0,0
CELE_F35E8.15|F35E8.15,0,0
CELE_F35E8.6|F35E8.6,0,0
CELE_F35E8.7|F35E8.7,0,0
CELE_F35E8.10|F35E8.10,0,0
CELE_F35E8.19|F35E8.19,0,0
CELE_T05G11.9|T05G11.9,0,0
CELE_T05G11.2|srbc-77,0,0
CELE_T05G11.3|srw-26,0,0
CELE_T05G11.4|srw-27,0,0
CELE_T05G11.5|srw-28,0,0
CELE_T05G11.8|srw-52,0,0
CELE_T05G11.6|srw-55,0,0
CELE_T05G11.7|srw-53,0,0
CELE_H24D24.3|H24D24.3,0,0
CELE_H24D24.2|srw-58,0,0
CELE_H24D24.1|srw-59,0,0
CELE_H24D24.4|21ur-15010,0,0
CELE_F36G9.16|srw-56,0,0
CELE_F36G9.1|srw-57,0,0
CELE_F36G9.2|srh-186,0,0
CELE_F36G9.10|sri-3,0,0
CELE_F36G9.9|sri-2,0,0
CELE_F36G9.6|sru-23,0,0
CELE_F36G9.15|F36G9.15,0,0
CELE_C06C6.9|C06C6.9,0,0
CELE_C06C6.2|str-233,0,0
CELE_C06C6.12|C06C6.12,0,0
CELE_C06C6.1|C06C6.1,0,0
CELE_T10C6.2|T10C6.2,0,0
CELE_T10C6.20|T10C6.20,0,0
CELE_T10C6.1|str-232,0,0
CELE_T10C6.17|21ur-11561,0,0
CELE_ZK285.1|str-198,0,0
CELE_F14H3.15|F14H3.15,0,0
CELE_F14H3.8|F14H3.8,0,0
CELE_F14H3.9|F14H3.9,0,0
CELE_F22B8.9|F22B8.9,0,0
CELE_F22B8.3|F22B8.3,0,0
CELE_F22B8.5|str-7,0,0
CELE_F44G3.17|21ur-14121,0,0
CELE_F44G3.4|F44G3.4,0,0
CELE_F44G3.5|srxa-16,0,0
CELE_F44G3.11|str-25,0,0
CELE_F44G3.1|str-103,0,0
CELE_F44G3.18|F44G3.18,0,0
CELE_F44G3.15|F44G3.15,0,0
CELE_F44G3.16|F44G3.16,0,0
CELE_F10A3.18|21ur-13188,0,0
CELE_F10A3.16|F10A3.16,0,0
CELE_F10A3.10|F10A3.10,0,0
CELE_F10A3.9|str-254,0,0
CELE_F10A3.5|str-109,0,0
CELE_F10A3.12|F10A3.12,0,0
CELE_F10A3.13|str-108,0,0
CELE_F10A3.15|str-111,0,0
CELE_K05D4.9|K05D4.9,0,0
CELE_K05D4.5|K05D4.5,0,0
CELE_K05D4.1|K05D4.1,0,0
CELE_K05D4.2|str-106,0,0
CELE_K05D4.8|srz-13,0,0
CELE_K05D4.10|21ur-13343,0,0
CELE_K05D4.6|srh-277,0,0
CELE_K05D4.3|srz-14,0,0
CELE_K05D4.7|srh-280,0,0
CELE_F11A5.1|srh-281,0,0
CELE_F11A5.2|srh-279,0,0
CELE_F11A5.3|rabr-4,0,0
CELE_F11A5.4|rabr-3,0,0
CELE_F11A5.7|irld-26,0,0
CELE_F11A5.16|F11A5.16,0,0
CELE_F11A5.20|F11A5.20,0,0
CELE_F11A5.T1|F11A5.t1,0,0
CELE_F11A5.11|sri-35,0,0
CELE_F11A5.19|F11A5.19,0,0
CELE_F11A5.14|F11A5.14,0,0
CELE_F11A5.13|F11A5.13,0,0
CELE_F21H7.6|F21H7.6,0,0
CELE_F21H7.15|F21H7.15,0,0
CELE_F21H7.13|srh-103,0,0
CELE_F21H7.7|srh-104,0,0
CELE_T13F3.4|T13F3.4,0,0
CELE_T13F3.9|T13F3.9,0,0
CELE_F28G4.3|F28G4.3,0,0
CELE_C31A11.12|C31A11.12,0,0
CELE_C31A11.3|srbc-83,0,0
CELE_C31A11.6|srxa-7,0,0
CELE_C31A11.9|str-214,0,0
CELE_F57G8.1|srh-180,0,0
CELE_F57G8.14|F57G8.14,0,0
CELE_F57G8.15|linc-59,0,0
CELE_F57G8.10|21ur-13684,0,0
CELE_F57G8.11|21ur-12752,0,0
CELE_F57G8.4|srw-87,0,0
CELE_F57G8.T4|F57G8.t4,0,0
CELE_F57G8.12|F57G8.12,0,0
CELE_F57G8.T1|F57G8.t1,0,0
CELE_F57G8.T3|F57G8.t3,0,0
CELE_F57G8.13|F57G8.13,0,0
CELE_F57G8.T2|F57G8.t2,0,0
CELE_F13A7.3|srv-34,0,0
CELE_F13A7.4|srv-35,0,0
CELE_F13A7.6|sri-64,0,0
CELE_F13A7.8|sri-65,0,0
CELE_T20B3.5|srh-216,0,0
CELE_T20B3.4|srh-214,0,0
CELE_T20B3.3|srh-215,0,0
CELE_F49A5.9|clec-32,0,0
CELE_F49A5.12|F49A5.12,0,0
CELE_F49A5.11|F49A5.11,0,0
CELE_F49A5.6|thn-4,0,0
CELE_F09C6.15|F09C6.15,0,0
CELE_F09C6.6|fbxa-45,0,0
CELE_F09C6.7|srd-68,0,0
CELE_F09C6.8|nhr-262,0,0
CELE_F09C6.16|F09C6.16,0,0
CELE_Y102A5C.9|fbxa-148,0,0
CELE_Y102A5C.10|fbxa-204,0,0
CELE_Y102A5C.11|Y102A5C.11,0,0
CELE_Y102A5C.37|Y102A5C.37,0,0
CELE_Y102A5C.12|fbxa-205,0,0
CELE_Y102A5C.20|srbc-80,0,0
CELE_Y102A5C.21|srh-119,0,0
CELE_Y102A5C.22|srx-54,0,0
CELE_Y102A5C.23|srz-53,0,0
CELE_Y102A5C.24|srx-55,0,0
CELE_Y102A5C.25|srz-54,0,0
CELE_Y102A5C.26|srz-52,0,0
CELE_Y102A5C.40|Y102A5C.40,0,0
CELE_Y102A5C.27|Y102A5C.27,0,0
CELE_Y102A5C.41|Y102A5C.41,0,0
CELE_Y102A5C.34|grd-17,0,0
CELE_Y102A5C.33|srz-95,0,0
CELE_Y102A5C.28|str-217,0,0
CELE_Y102A5C.42|Y102A5C.42,0,0
CELE_Y102A5C.29|sri-9,0,0
CELE_Y102A5C.30|Y102A5C.30,0,0
CELE_Y102A5C.31|srh-131,0,0
CELE_Y102A5C.32|sri-69,0,0
CELE_F49H6.1|clec-240,0,0
CELE_F49H6.2|clec-241,0,0
CELE_F49H6.16|F49H6.16,0,0
CELE_F49H6.3|clc-13,0,0
CELE_F49H6.14|F49H6.14,0,0
CELE_F49H6.4|srh-97,0,0
CELE_F49H6.17|F49H6.17,0,0
CELE_F49H6.12|F49H6.12,0,0
CELE_F49H6.8|F49H6.8,0,0
CELE_F49H6.15|F49H6.15,0,0
CELE_F49H6.6|F49H6.6,0,0
CELE_F49H6.7|srw-37,0,0
CELE_F49H6.9|srz-92,0,0
CELE_F49H6.11|srz-94,0,0
CELE_F49H6.10|srz-93,0,0
CELE_F28B1.11|F28B1.11,0,0
CELE_F28B1.1|hpo-33,0,0
CELE_F28B1.2|F28B1.2,0,0
CELE_F28B1.12|F28B1.12,0,0
CELE_F28B1.3|F28B1.3,0,0
CELE_F28B1.6|sri-66,0,0
CELE_F28B1.9|F28B1.9,0,0
CELE_F28B1.8|srh-255,0,0
CELE_F28B1.10|F28B1.10,0,0
CELE_T05E12.2|srbc-14,0,0
CELE_T05E12.4|srw-20,0,0
CELE_ZK218.15|ZK218.15,0,0
CELE_ZK218.3|ZK218.3,0,0
CELE_ZK218.6|nhr-248,0,0
CELE_ZK218.7|ZK218.7,0,0
CELE_ZK218.9|ZK218.9,0,0
CELE_ZK218.23|ZK218.23,0,0
CELE_ZK218.16|rrn-4.2,0,0
CELE_ZK218.8|ZK218.8,0,0
CELE_ZK218.17|rrn-4.3,0,0
CELE_ZK218.22|sls-1.12,0,0
CELE_ZK218.18|rrn-4.4,0,0
CELE_ZK218.19|rrn-4.5,0,0
CELE_ZK218.13|sls-1.10,0,0
CELE_ZK218.12|rrn-4.1,0,0
CELE_ZK218.21|sls-1.11,0,0
CELE_Y102A5D.21|sls-1.9,0,0
CELE_Y102A5D.20|sls-1.8,0,0
CELE_Y102A5D.19|sls-1.7,0,0
CELE_Y102A5D.7|rrn-4.9,0,0
CELE_Y102A5D.18|sls-1.6,0,0
CELE_Y102A5D.8|rrn-4.10,0,0
CELE_Y102A5D.17|sls-1.5,0,0
CELE_Y102A5D.16|sls-1.4,0,0
CELE_Y102A5D.10|rrn-4.12,0,0
CELE_Y102A5D.15|sls-1.3,0,0
CELE_Y102A5D.14|sls-1.2,0,0
CELE_Y102A5D.13|sls-1.1,0,0
CELE_Y102A5D.22|Y102A5D.22,0,0
CELE_Y102A5D.4|mir-257,0,0
CELE_F40D4.14|F40D4.14,0,0
CELE_F40D4.12|F40D4.12,0,0
CELE_F40D4.11|srh-102,0,0
CELE_F40D4.9|srz-66,0,0
CELE_F40D4.10|srz-65,0,0
CELE_F40D4.7|srbc-26,0,0
CELE_F40D4.6|srbc-25,0,0
CELE_F40D4.5|srsx-1,0,0
CELE_F40D4.1|srh-174,0,0
CELE_F40D4.2|srh-155,0,0
CELE_F40D4.3|srh-159,0,0
CELE_F40D4.4|srh-162,0,0
CELE_Y68A4A.3|str-199,0,0
CELE_Y68A4A.2|srz-47,0,0
CELE_Y68A4A.5|Y68A4A.5,0,0
CELE_Y68A4A.6|srz-96,0,0
CELE_Y68A4A.10|Y68A4A.10,0,0
CELE_Y68A4A.11|srw-74,0,0
CELE_Y68A4A.9|srh-236,0,0
CELE_Y68A4A.7|srh-113,0,0
CELE_Y68A4A.8|Y68A4A.8,0,0
CELE_T19C9.1|srbc-62,0,0
CELE_T19C9.4|srh-109,0,0
CELE_T19C9.3|srh-252,0,0
CELE_T19C9.6|T19C9.6,0,0
CELE_T19C9.9|T19C9.9,0,0
CELE_T19C9.11|T19C9.11,0,0
CELE_Y68A4B.1|clec-243,0,0
CELE_Y61B8A.6|Y61B8A.6,0,0
CELE_Y61B8A.1|srh-116,0,0
CELE_Y61B8A.2|srh-115,0,0
CELE_Y61B8A.5|21ur-15501,0,0
CELE_K10G4.2|srw-47,0,0
CELE_K10G4.6|srh-117,0,0
CELE_K10G4.16|K10G4.16,0,0
CELE_K10G4.9|srw-30,0,0
CELE_K10G4.15|K10G4.15,0,0
CELE_K10G4.11|K10G4.11,0,0
CELE_K10G4.8|srw-46,0,0
CELE_K10G4.13|K10G4.13,0,0
CELE_Y61B8B.2|Y61B8B.2,0,0
CELE_Y61B8B.3|Y61B8B.3,0,0
CELE_F47H4.3|srz-46,0,0
CELE_Y20C6A.3|Y20C6A.3,0,0
CELE_T27C5.1|srh-120,0,0
CELE_T27C5.13|srh-121,0,0
CELE_T27C5.15|T27C5.15,0,0
CELE_T27C5.2|srx-53,0,0
CELE_T27C5.3|srx-52,0,0
CELE_T27C5.11|srz-51,0,0
CELE_T27C5.4|srz-50,0,0
CELE_T27C5.16|T27C5.16,0,0
CELE_T27C5.17|T27C5.17,0,0
CELE_T27C5.5|srh-132,0,0
CELE_T27C5.6|T27C5.6,0,0
CELE_T27C5.7|clec-244,0,0
CELE_T27C5.19|T27C5.19,0,0
CELE_T27C5.14|srh-96,0,0
CELE_T27C5.10|T27C5.10,0,0
CELE_F20E11.15|srbc-27,0,0
CELE_F20E11.16|srbc-28,0,0
CELE_F20E11.18|F20E11.18,0,0
CELE_F20E11.2|srsx-2,0,0
CELE_F20E11.11|srh-175,0,0
CELE_F20E11.12|srh-154,0,0
CELE_F20E11.13|srh-158,0,0
CELE_F20E11.3|srh-160,0,0
CELE_F20E11.8|srh-157,0,0
CELE_F20E11.9|srh-156,0,0
CELE_F20E11.14|srh-161,0,0
CELE_F20E11.10|srh-203,0,0
CELE_F20E11.4|str-200,0,0
CELE_F20E11.1|srz-48,0,0
CELE_F20E11.7|F20E11.7,0,0
CELE_F20E11.6|srw-72,0,0
CELE_F08E10.1|srh-235,0,0
CELE_F08E10.8|srh-114,0,0
CELE_F08E10.4|srh-110,0,0
CELE_F08E10.5|srh-253,0,0
CELE_F08E10.6|srh-111,0,0
CELE_K03D7.9|K03D7.9,0,0
CELE_K03D7.8|K03D7.8,0,0
CELE_K03D7.7|fbxa-102,0,0
CELE_K03D7.6|srh-118,0,0
CELE_K03D7.4|srh-261,0,0
CELE_K03D7.3|K03D7.3,0,0
CELE_K03D7.2|srw-31,0,0
CELE_K03D7.11|srw-32,0,0
CELE_K03D7.10|srw-45,0,0
CELE_C18D4.9|srz-90,0,0
CELE_C18D4.4|C18D4.4,0,0
CELE_C18D4.3|C18D4.3,0,0
CELE_C18D4.10|C18D4.10,0,0
CELE_C18D4.5|srz-25,0,0
CELE_C18D4.T1|C18D4.t1,0,0
CELE_C18D4.7|srz-57,0,0
CELE_C38D9.7|fbxa-174,0,0
CELE_C38D9.11|fbxa-173,0,0
CELE_C38D9.1|fbxa-171,0,0
CELE_C38D9.13|C38D9.13,0,0
CELE_C38D9.4|fbxa-133,0,0
CELE_Y6G8.1|srz-45,0,0
CELE_Y6G8.10|Y6G8.10,0,0
CELE_Y6G8.12|Y6G8.12,0,0
CELE_Y6G8.11|Y6G8.11,0,0
CELE_Y6G8.4|srz-91,0,0
CELE_Y6G8.14|Y6G8.14,0,0
CELE_Y6G8.6|Y6G8.6,0,0
CELE_Y6G8.8|Y6G8.8,0,0
CELE_F57G4.1|F57G4.1,0,0
CELE_F57G4.11|F57G4.11,0,0
CELE_F57G4.10|F57G4.10,0,0
CELE_F57G4.15|F57G4.15,0,0
CELE_F57G4.13|F57G4.13,0,0
CELE_F57G4.12|F57G4.12,0,0
CELE_F57G4.14|F57G4.14,0,0
CELE_F59A1.12|F59A1.12,0,0
CELE_F59A1.T7|F59A1.t7,0,0
CELE_F59A1.17|F59A1.17,0,0
CELE_F59A1.4|str-89,0,0
CELE_F59A1.14|str-93,0,0
CELE_F59A1.3|str-92,0,0
CELE_F59A1.2|F59A1.2,0,0
CELE_F59A1.16|F59A1.16,0,0
CELE_F59A1.6|F59A1.6,0,0
CELE_F59A1.18|F59A1.18,0,0
CELE_F59A1.T3|F59A1.t3,0,0
CELE_F59A1.T4|F59A1.t4,0,0
CELE_Y26G10.T1|Y26G10.t1,0,0
CELE_Y26G10.1|Y26G10.1,0,0
CELE_Y26G10.T3|Y26G10.t3,0,0
CELE_Y26G10.T2|Y26G10.t2,0,0
CELE_Y26G10.7|spp-29,0,0
CELE_Y26G10.4|Y26G10.4,0,0
CELE_Y26G10.5|Y26G10.5,0,0
CELE_Y26G10.2|srh-32,0,0
CELE_Y26G10.3|Y26G10.3,0,0
CELE_W06D12.6|W06D12.6,0,0
CELE_W06D12.7|srh-31,0,0
CELE_W06D12.9|W06D12.9,0,0
CELE_W06D12.4|str-77,0,0
CELE_R12G8.3|R12G8.3,0,0
CELE_R12G8.4|R12G8.4,0,0
CELE_C47A10.16|C47A10.16,0,0
CELE_C47A10.3|srh-284,0,0
CELE_C47A10.15|C47A10.15,0,0
CELE_C47A10.4|sre-21,0,0
CELE_C47A10.T4|C47A10.t4,0,0
CELE_C47A10.T3|C47A10.t3,0,0
CELE_C47A10.T2|C47A10.t2,0,0
CELE_C47A10.13|C47A10.13,0,0
CELE_C47A10.11|srh-290,0,0
CELE_C47A10.10|srh-289,0,0
CELE_C47A10.7|srh-288,0,0
CELE_C47A10.9|srh-287,0,0
CELE_Y94A7B.11|Y94A7B.11,0,0
CELE_Y94A7B.1|srh-292,0,0
CELE_Y94A7B.3|srh-291,0,0
CELE_Y94A7B.4|srh-296,0,0
CELE_Y94A7B.12|Y94A7B.12,0,0
CELE_Y94A7B.5|srh-298,0,0
CELE_Y94A7B.6|srh-300,0,0
CELE_Y94A7B.8|srh-301,0,0
CELE_Y94A7B.9|srh-304,0,0
CELE_Y59A8A.6|Y59A8A.6,0,0
CELE_Y59A8A.7|Y59A8A.7,0,0
CELE_Y59A8A.5|srh-302,0,0
CELE_C06H5.9|C06H5.9,0,0
CELE_C06H5.11|C06H5.11,0,0
CELE_C06H5.12|C06H5.12,0,0
CELE_C06H5.13|C06H5.13,0,0
CELE_C06H5.14|C06H5.14,0,5
CELE_Y59A8B.24|Y59A8B.24,0,0
CELE_Y59A8B.19|Y59A8B.19,0,0
CELE_Y59A8B.40|linc-62,0,0
CELE_Y59A8B.4|srh-134,0,0
CELE_Y37H2A.11|Y37H2A.11,0,0
CELE_C14A6.12|C14A6.12,0,0
CELE_C14A6.15|C14A6.15,0,0
CELE_C14A6.7|C14A6.7,0,0
CELE_C14A6.14|C14A6.14,0,0
CELE_C31G12.3|C31G12.3,0,0
CELE_F16H6.3|F16H6.3,0,0
CELE_F16H6.12|F16H6.12,0,0
CELE_R10E8.2|R10E8.2,0,0
CELE_Y37H2C.3|fbxa-213,0,0
CELE_Y37H2C.2|skr-6,0,0
CELE_Y37H2C.4|Y37H2C.4,0,0
CELE_Y37H2C.5|Y37H2C.5,0,0
CELE_Y51A2A.1|clec-247,0,0
CELE_Y51A2A.2|Y51A2A.2,0,0
CELE_Y51A2A.3|Y51A2A.3,0,0
CELE_Y51A2A.4|Y51A2A.4,0,0
CELE_Y51A2A.18|Y51A2A.18,0,0
CELE_Y51A2A.14|Y51A2A.14,0,0
CELE_Y51A2A.5|Y51A2A.5,0,0
CELE_Y51A2A.6|Y51A2A.6,0,0
CELE_Y51A2A.17|Y51A2A.17,0,0
CELE_Y51A2A.15|Y51A2A.15,0,0
CELE_B0462.6|B0462.6,0,0
CELE_B0462.2|sri-68,0,0
CELE_C08E8.7|C08E8.7,0,0
CELE_C08E8.15|C08E8.15,0,0
CELE_C08E8.12|C08E8.12,0,0
CELE_C08E8.11|C08E8.11,0,0
CELE_C08E8.8|C08E8.8,0,0
CELE_C08E8.T1|C08E8.t1,0,0
CELE_C08E8.6|C08E8.6,0,0
CELE_C08E8.14|C08E8.14,0,0
CELE_C08E8.13|C08E8.13,0,0
CELE_C08E8.T2|C08E8.t2,0,0
CELE_Y51A2B.T2|Y51A2B.t2,0,0
CELE_Y51A2B.T1|Y51A2B.t1,0,0
CELE_Y51A2B.3|nhr-288,0,0
CELE_Y51A2B.10|Y51A2B.10,0,0
CELE_Y51A2B.9|Y51A2B.9,0,0
CELE_Y51A2B.11|Y51A2B.11,0,0
CELE_Y51A2B.16|Y51A2B.16,0,0
CELE_Y51A2B.14|Y51A2B.14,0,0
CELE_Y51A2B.12|Y51A2B.12,0,0
CELE_Y51A2B.7|srw-81,0,0
CELE_ZK262.11|srh-209,0,0
CELE_ZK262.12|ZK262.12,0,0
CELE_ZK262.1|srh-207,0,0
CELE_ZK262.13|srh-198,0,0
CELE_ZK262.4|ZK262.4,0,0
CELE_ZK262.19|ZK262.19,0,0
CELE_ZK262.18|ZK262.18,0,0
CELE_ZK262.16|ZK262.16,0,0
CELE_ZK262.6|srw-83,0,0
CELE_ZK262.7|srw-82,0,0
CELE_ZK262.20|ZK262.20,0,0
CELE_ZK262.14|ZK262.14,0,0
CELE_ZK262.15|ZK262.15,0,0
CELE_ZK228.1|ZK228.1,0,0
CELE_ZK228.11|ZK228.11,0,0
CELE_ZK228.10|ZK228.10,0,0
CELE_ZK228.T1|ZK228.t1,0,0
CELE_ZK228.13|ZK228.13,0,0
CELE_ZK228.5|srh-182,0,0
CELE_ZK228.6|srh-181,0,0
CELE_ZK228.7|srh-179,0,0
CELE_ZK228.8|srh-178,0,0
CELE_Y51A2D.1|Y51A2D.1,0,0
CELE_Y51A2D.35|Y51A2D.35,0,0
CELE_Y51A2D.36|Y51A2D.36,0,0
CELE_Y51A2D.37|Y51A2D.37,0,0
CELE_Y51A2D.28|Y51A2D.28,0,0
CELE_Y51A2D.33|Y51A2D.33,0,0
CELE_Y51A2D.30|Y51A2D.30,0,0
CELE_Y51A2D.24|Y51A2D.24,0,0
CELE_Y51A2D.29|Y51A2D.29,0,0
CELE_Y69H2.T1|Y69H2.t1,0,0
CELE_Y69H2.27|linc-168,0,0
CELE_Y69H2.19|Y69H2.19,0,0
CELE_Y69H2.8|nhr-241,0,0
CELE_Y17D7C.5|Y17D7C.5,0,0
CELE_ZK384.6|asp-19,0,0
CELE_ZK384.3|asp-18,0,0
CELE_ZK384.1|scl-19,0,0
CELE_F11D11.14|clec-250,0,0
CELE_F11D11.13|F11D11.13,0,0
CELE_F11D11.8|clec-251,0,0
CELE_F11D11.11|clec-253,0,0
CELE_F11D11.6|F11D11.6,0,0
CELE_F11D11.3|F11D11.3,0,0
CELE_F11D11.4|F11D11.4,0,0
CELE_F11D11.22|F11D11.22,0,0
CELE_F11D11.20|F11D11.20,0,0
CELE_F11D11.17|F11D11.17,0,0
CELE_F11D11.19|F11D11.19,0,0
CELE_F11D11.18|F11D11.18,0,0
CELE_F11D11.1|clec-255,0,0
CELE_Y17D7B.6|clec-256,0,0
CELE_Y17D7B.8|clec-257,0,0
CELE_Y17D7B.5|Y17D7B.5,0,0
CELE_C54E10.11|C54E10.11,0,6
CELE_C54E10.T7|C54E10.t7,0,0
CELE_C54E10.10|C54E10.10,0,0
CELE_C54E10.4|sri-10,0,0
CELE_C54E10.T6|C54E10.t6,0,0
CELE_C54E10.T5|C54E10.t5,0,0
CELE_Y17D7A.4|cyp-33D3,0,0
CELE_Y17D7A.5|Y17D7A.5,0,0
CELE_Y80D3A.T1|Y80D3A.t1,0,0
CELE_Y80D3A.15|Y80D3A.15,0,0
CELE_Y39B6A.79|Y39B6A.79,0,0
CELE_Y39B6A.23|asp-16,0,0
CELE_F21D9.3|F21D9.3,0,0
CELE_F21D9.8|F21D9.8,0,0
CELE_C43D7.4|C43D7.4,0,0
CELE_C43D7.3|C43D7.3,0,0
CELE_Y43F8A.4|srw-84,0,0
CELE_Y43F8A.T1|Y43F8A.t1,0,0
CELE_Y43F8A.8|Y43F8A.8,0,0
CELE_C25F9.T3|C25F9.t3,0,0
CELE_C25F9.8|C25F9.8,0,0
CELE_C25F9.T2|C25F9.t2,0,0
CELE_C25F9.T1|C25F9.t1,0,0
CELE_C25F9.13|C25F9.13,0,0
CELE_C25F9.T4|C25F9.t4,0,0
CELE_C25F9.15|C25F9.15,0,0
CELE_C25F9.18|linc-28,0,0
CELE_C25F9.T5|C25F9.t5,0,0
CELE_Y43F8B.21|Y43F8B.21,0,0
CELE_Y43F8B.6|Y43F8B.6,0,0
CELE_Y43F8B.5|scl-21,0,0
CELE_B0399.T16|B0399.t16,0,0
CELE_B0399.T15|B0399.t15,0,0
CELE_B0399.T14|B0399.t14,0,0
CELE_Y43F8C.T8|Y43F8C.t8,0,0
CELE_Y43F8C.10|dmd-3,0,0
CELE_Y43F8C.27|Y43F8C.27,0,0
CELE_Y43F8C.T4|Y43F8C.t4,0,0
CELE_Y43F8C.T7|Y43F8C.t7,0,0
CELE_Y43F8C.T6|Y43F8C.t6,0,0
CELE_Y43F8C.T5|Y43F8C.t5,0,0
CELE_Y43F8C.15|Y43F8C.15,0,0
CELE_Y43F8C.23|Y43F8C.23,0,0
CELE_Y43F8C.24|Y43F8C.24,0,0
CELE_Y116F11A.3|Y116F11A.3,0,0
CELE_W04E12.3|W04E12.3,0,0
CELE_W04E12.10|W04E12.10,0,0
CELE_M162.13|M162.13,0,0
CELE_M162.15|M162.15,0,0
CELE_M162.4|srt-46,0,0
CELE_M162.14|M162.14,0,0
CELE_M162.3|srt-45,0,0
CELE_M162.6|M162.6,0,0
CELE_M162.1|clec-259,0,0
CELE_Y116F11B.20|Y116F11B.20,0,0
CELE_Y116F11B.23|Y116F11B.23,0,0
CELE_Y116F11B.16|21ur-10786,0,0
CELE_Y116F11B.15|21ur-11580,0,0
CELE_Y116F11B.5|srw-38,0,0
CELE_Y116F11B.4|srz-35,0,0
CELE_Y116F11B.24|Y116F11B.24,0,0
CELE_Y116F11B.11|Y116F11B.11,0,0
CELE_Y60A3A.6|srh-172,0,0
CELE_Y60A3A.3|srh-183,0,0
CELE_Y60A3A.22|sri-67,0,0
CELE_Y60A3A.T1|Y60A3A.t1,0,0
CELE_Y60A3A.33|Y60A3A.33,0,0
CELE_Y60A3A.34|Y60A3A.34,0,0
CELE_Y60A3A.35|Y60A3A.35,0,0
CELE_Y60A3A.T2|Y60A3A.t2,0,0
CELE_ZC15.6|clec-261,0,0
CELE_ZC15.2|clec-262,0,0
CELE_Y113G7C.2|Y113G7C.2,0,0
CELE_Y38H6A.1|Y38H6A.1,0,0
CELE_Y38H6A.6|Y38H6A.6,0,0
CELE_Y38H6A.7|Y38H6A.7,0,0
CELE_Y38H6A.8|Y38H6A.8,0,0
CELE_Y38H6A.9|Y38H6A.9,0,0
CELE_K02E2.15|K02E2.15,0,0
CELE_K02E2.T1|K02E2.t1,0,0
CELE_K02E2.10|K02E2.10,0,0
CELE_K02E2.14|K02E2.14,0,0
CELE_K02E2.5|K02E2.5,0,0
CELE_K02E2.7|K02E2.7,0,0
CELE_B0250.15|B0250.15,0,0
CELE_B0250.10|srbc-78,0,0
CELE_B0250.6|srbc-79,0,0
CELE_Y38H6C.2|srw-65,0,0
CELE_Y38H6C.4|Y38H6C.4,0,0
CELE_Y38H6C.25|Y38H6C.25,0,0
CELE_Y38H6C.12|srh-166,0,0
CELE_Y38H6C.24|Y38H6C.24,0,0
CELE_Y38H6C.13|Y38H6C.13,0,0
CELE_Y38H6C.18|Y38H6C.18,0,0
CELE_Y38H6C.26|Y38H6C.26,0,0
CELE_Y38H6C.27|Y38H6C.27,0,0
CELE_Y38H6C.19|vmo-1,0,0
CELE_Y38H6C.21|Y38H6C.21,0,0
CELE_Y38H6C.22|abf-4,0,0
CELE_F26F2.2|F26F2.2,0,0
CELE_F26F2.13|F26F2.13,0,0
CELE_F26F2.9|F26F2.9,0,0
CELE_F26F2.15|F26F2.15,0,0
CELE_F26F2.12|F26F2.12,0,0
CELE_F46B3.18|ttr-57,0,0
CELE_F46B3.23|F46B3.23,0,0
CELE_F46B3.7|F46B3.7,0,0
CELE_F46B3.20|F46B3.20,0,0
CELE_F46B3.8|F46B3.8,0,0
CELE_F46B3.22|F46B3.22,0,0
CELE_F46B3.9|F46B3.9,0,0
CELE_F46B3.11|srz-18,0,0
CELE_F46B3.14|F46B3.14,0,0
CELE_F46B3.15|F46B3.15,0,0
CELE_F46B3.24|F46B3.24,0,0
CELE_F46B3.16|F46B3.16,0,0
CELE_Y44A6C.3|Y44A6C.3,0,3
CELE_Y44A6C.4|Y44A6C.4,0,0
CELE_F38A6.6|F38A6.6,0,2
CELE_F38A6.7|F38A6.7,0,0
CELE_F38A6.8|F38A6.8,0,0
CELE_F31D4.10|F31D4.10,0,0
CELE_F31D4.11|F31D4.11,0,0
CELE_F25C8.5|ttll-9,0,0
CELE_Y73B3A.30|Y73B3A.30,0,0
CELE_Y73B3A.15|fbxa-221,0,0
CELE_Y73B3A.32|Y73B3A.32,0,0
CELE_Y73B3A.7|Y73B3A.7,0,0
CELE_Y73B3A.8|Y73B3A.8,0,0
CELE_Y73B3A.11|Y73B3A.11,0,0
CELE_Y108F1.3|set-33,0,0
CELE_Y108F1.6|Y108F1.6,0,0
CELE_Y108F1.5|Y108F1.5,0,0
CELE_Y47C4A.2|Y47C4A.2,0,0
CELE_M02E1.4|M02E1.4,0,0
CELE_C04E7.7|C04E7.7,0,0
CELE_C04E7.T1|C04E7.t1,0,0
CELE_C04E7.1|C04E7.1,0,0
CELE_C04E7.6|21ur-13047,0,0
CELE_R04A9.8|mir-800,0,0
CELE_F38G1.T1|F38G1.t1,0,0
CELE_F38G1.5|F38G1.5,0,0
CELE_F38G1.4|F38G1.4,0,0
CELE_B0310.9|B0310.9,0,0
CELE_B0310.7|B0310.7,0,0
CELE_B0310.8|B0310.8,0,0
CELE_M6.9|21ur-14990,0,0
CELE_M6.10|M6.10,0,0
CELE_C02H7.4|C02H7.4,0,0
CELE_T04G9.9|T04G9.9,0,0
CELE_T04G9.6|T04G9.6,0,0
CELE_F25E2.6|21ur-14970,0,0
CELE_F39H12.5|F39H12.5,0,0
CELE_F56F10.9|F56F10.9,0,0
CELE_F56F10.8|F56F10.8,0,0
CELE_F56F10.7|F56F10.7,0,0
CELE_ZC13.12|ZC13.12,0,0
CELE_ZC13.11|ZC13.11,0,0
CELE_F55A4.12|F55A4.12,0,0
CELE_F55A4.11|F55A4.11,0,0
CELE_K03E6.8|K03E6.8,0,0
CELE_F49E7.T3|F49E7.t3,0,0
CELE_F49E7.3|F49E7.3,0,0
CELE_F49E7.T1|F49E7.t1,0,0
CELE_F49E7.4|F49E7.4,0,0
CELE_F49E7.T2|F49E7.t2,0,0
CELE_F49E7.5|F49E7.5,0,0
CELE_C05D9.11|C05D9.11,0,0
CELE_C05D9.10|C05D9.10,0,0
CELE_R193.3|R193.3,0,0
CELE_R193.1|R193.1,0,0
CELE_C52B11.6|C52B11.6,0,0
CELE_C52B11.7|C52B11.7,0,0
CELE_F56C3.3|F56C3.3,0,0
CELE_F56C3.5|F56C3.5,0,0
CELE_F56C3.11|F56C3.11,0,0
CELE_F56C3.12|F56C3.12,0,0
CELE_F56C3.7|F56C3.7,0,0
CELE_F56C3.T1|F56C3.t1,0,0
CELE_F56C3.1|F56C3.1,0,0
CELE_F56C3.13|mir-2221,0,0
CELE_ZK402.6|ZK402.6,0,0
CELE_F19G12.7|abu-2,0,0
CELE_F19G12.13|F19G12.13,0,0
CELE_F19G12.12|F19G12.12,0,0
CELE_F19G12.5|srh-19,0,0
CELE_F19G12.11|F19G12.11,0,0
CELE_D1005.8|D1005.8,0,0
CELE_D1005.9|D1005.9,0,0
CELE_D1005.5|D1005.5,0,0
CELE_D1005.10|D1005.10,0,0
CELE_F09E10.16|F09E10.16,0,0
CELE_H11E01.4|H11E01.4,0,0
CELE_H11E01.T1|H11E01.t1,0,0
CELE_H11E01.1|fbxb-58,0,0
CELE_ZK380.T1|ZK380.t1,0,0
CELE_ZK380.2|ZK380.2,0,0
CELE_ZK380.3|ZK380.3,0,0
CELE_R09H3.2|R09H3.2,0,0
CELE_C36C9.11|C36C9.11,0,0
CELE_C36C9.12|C36C9.12,0,0
CELE_C36C9.6|C36C9.6,0,0
CELE_C36C9.7|C36C9.7,0,0
CELE_C36C9.9|C36C9.9,0,0
CELE_C36C9.T3|C36C9.t3,0,0
CELE_C36C9.T1|C36C9.t1,0,0
CELE_C36C9.8|C36C9.8,0,0
CELE_C36C9.4|C36C9.4,0,0
CELE_C36C9.T2|C36C9.t2,0,0
CELE_F07G6.5|F07G6.5,0,0
CELE_F07G6.9|F07G6.9,0,0
CELE_F07G6.3|F07G6.3,0,0
CELE_F07G6.1|dgn-3,0,0
CELE_Y75D11A.8|Y75D11A.8,0,0
CELE_Y75D11A.6|Y75D11A.6,0,0
CELE_Y75D11A.T2|Y75D11A.t2,0,0
CELE_Y75D11A.7|linc-64,0,0
CELE_F31A9.3|arg-1,0,0
CELE_C14E2.8|mir-796,0,0
CELE_C14E2.2|got-1.3,0,0
CELE_C14E2.10|C14E2.10,0,0
CELE_C14E2.9|C14E2.9,0,0
CELE_C14E2.3|C14E2.3,0,0
CELE_C14E2.4|C14E2.4,0,0
CELE_C14E2.5|C14E2.5,0,0
CELE_C14E2.1|C14E2.1,0,0
CELE_C14E2.6|C14E2.6,0,0
CELE_C14E2.T1|C14E2.t1,0,0
CELE_F49H12.10|F49H12.10,0,0
CELE_F49H12.2|F49H12.2,0,0
CELE_F49H12.9|F49H12.9,0,0
CELE_F49H12.8|F49H12.8,0,0
CELE_T21D9.2|T21D9.2,0,0
CELE_T21D9.3|T21D9.3,0,0
CELE_T21D9.5|T21D9.5,0,0
CELE_T21D9.4|T21D9.4,0,0
CELE_T21D9.6|T21D9.6,0,0
CELE_F53B1.11|F53B1.11,0,0
CELE_F53B1.14|F53B1.14,0,0
CELE_F53B1.13|F53B1.13,0,0
CELE_F53B1.16|F53B1.16,0,0
CELE_F53B1.12|F53B1.12,0,0
CELE_F53B1.9|F53B1.9,0,0
CELE_EGAP7.2|EGAP7.2,0,0
CELE_F48B9.10|F48B9.10,0,0
CELE_F48B9.12|F48B9.12,0,0
CELE_F48B9.9|F48B9.9,0,0
CELE_F48B9.11|F48B9.11,0,0
CELE_T14F9.21|T14F9.21,0,0
CELE_T14F9.15|T14F9.15,0,0
CELE_T14F9.17|T14F9.17,0,0
CELE_T14F9.7|T14F9.7,0,0
CELE_T14F9.13|T14F9.13,0,0
CELE_T14F9.T1|T14F9.t1,0,0
CELE_T14F9.8|T14F9.8,0,0
CELE_AH9.5|mir-248,0,0
CELE_T10H10.4|T10H10.4,0,0
CELE_T10H10.6|T10H10.6,0,0
CELE_T10H10.7|T10H10.7,0,0
CELE_T10H10.5|T10H10.5,0,0
CELE_T01B6.11|linc-154,0,0
CELE_T01B6.12|mir-8196.1,0,0
CELE_T24D8.17|T24D8.17,0,0
CELE_T24D8.15|T24D8.15,0,0
CELE_T24D8.12|T24D8.12,0,0
CELE_T24D8.13|T24D8.13,0,0
CELE_T24D8.6|T24D8.6,0,0
CELE_T24D8.9|mir-73,0,0
CELE_T24D8.14|T24D8.14,0,0
CELE_T24D8.16|T24D8.16,0,0
CELE_T24D8.7|mir-74,0,0
CELE_T24D8.18|linc-150,0,0
CELE_T24D8.8|mir-75,0,0
CELE_F47G3.8|F47G3.8,0,0
CELE_F47G3.6|F47G3.6,0,0
CELE_R04B3.T1|R04B3.t1,0,0
CELE_R04B3.T2|R04B3.t2,0,0
CELE_R11B5.7|R11B5.7,0,0
CELE_R11B5.10|R11B5.10,0,0
CELE_R11B5.6|R11B5.6,0,0
CELE_R11B5.5|R11B5.5,0,0
CELE_R11B5.9|R11B5.9,0,0
CELE_F52H2.13|F52H2.13,0,0
CELE_F52H2.10|F52H2.10,0,0
CELE_F52H2.T2|F52H2.t2,0,0
CELE_T03G6.6|T03G6.6,0,0
CELE_T03G6.5|T03G6.5,0,0
CELE_F54G2.3|F54G2.3,0,0
CELE_C09B7.11|C09B7.11,0,0
CELE_F25H10.3|F25H10.3,0,0
CELE_F25H10.5|F25H10.5,0,0
CELE_F25H10.2|F25H10.2,0,0
CELE_F55F1.2|F55F1.2,0,0
CELE_F55F1.4|21ur-11978,0,0
CELE_F55F1.6|F55F1.6,0,0
CELE_C14A11.8|mir-264,0,0
CELE_F53B3.11|F53B3.11,0,0
CELE_F53B3.12|F53B3.12,0,0
CELE_F53B3.10|F53B3.10,0,0
CELE_F52B10.4|F52B10.4,0,0
CELE_F52B10.9|F52B10.9,0,0
CELE_F52B10.22|F52B10.22,0,0
CELE_F52B10.8|F52B10.8,0,0
CELE_F52B10.16|F52B10.16,0,0
CELE_F52B10.14|F52B10.14,0,0
CELE_F52B10.11|F52B10.11,0,0
CELE_F52B10.6|F52B10.6,0,0
CELE_F52B10.20|F52B10.20,0,0
CELE_F52B10.19|F52B10.19,0,0
CELE_F52B10.7|F52B10.7,0,0
CELE_F52B10.21|F52B10.21,0,0
CELE_F52B10.5|F52B10.5,0,0
CELE_F52B10.10|F52B10.10,0,0
CELE_F52B10.13|F52B10.13,0,0
CELE_F52B10.15|F52B10.15,0,0
CELE_Y71H10A.3|Y71H10A.3,0,0
CELE_Y71H10A.4|Y71H10A.4,0,0
CELE_Y41G9A.15|Y41G9A.15,0,0
CELE_Y41G9A.13|Y41G9A.13,0,0
CELE_Y41G9A.14|Y41G9A.14,0,0
CELE_Y41G9A.7|mir-34,0,0
CELE_Y41G9A.12|21ur-12946,0,0
CELE_Y41G9A.9|mir-359,0,0
CELE_Y41G9A.11|mir-785,0,0
CELE_Y48D7A.3|mir-249,0,0
CELE_M02F4.11|M02F4.11,0,0
CELE_M02F4.9|M02F4.9,0,0
CELE_M02F4.12|M02F4.12,0,0
CELE_M02F4.T2|M02F4.t2,0,0
CELE_M02F4.T1|M02F4.t1,0,0
CELE_C33D12.8|21ur-14989,0,0
CELE_C33D12.10|C33D12.10,0,0
CELE_C33D12.16|C33D12.16,0,0
CELE_F52E4.13|F52E4.13,0,0
CELE_F52E4.10|F52E4.10,0,0
CELE_F52E4.12|F52E4.12,0,0
CELE_C15C7.11|C15C7.11,0,0
CELE_C15C7.13|C15C7.13,0,0
CELE_C15C7.9|21ur-12945,0,0
CELE_F56E3.8|F56E3.8,0,0
CELE_F56E3.5|F56E3.5,0,0
CELE_F56E3.13|F56E3.13,0,0
CELE_F56E3.10|F56E3.10,0,0
CELE_F56E3.18|F56E3.18,0,0
CELE_F56E3.17|F56E3.17,0,0
CELE_F56E3.16|F56E3.16,0,0
CELE_F56E3.20|F56E3.20,0,0
CELE_F56E3.19|F56E3.19,0,0
CELE_F56E3.11|F56E3.11,0,0
CELE_F56E3.15|F56E3.15,0,0
CELE_F56E3.9|F56E3.9,0,0
CELE_F56E3.7|F56E3.7,0,0
CELE_F56E3.12|F56E3.12,0,0
CELE_T14G12.10|T14G12.10,0,0
CELE_T14G12.8|T14G12.8,0,0
CELE_T14G12.7|mir-266,0,0
CELE_T14G12.12|T14G12.12,0,0
CELE_T14G12.6|T14G12.6,0,0
CELE_T14G12.11|T14G12.11,0,0
CELE_F47B7.3|F47B7.3,0,0
CELE_F47B7.4|F47B7.4,0,0
CELE_F47B7.5|F47B7.5,0,0
CELE_F47B7.9|F47B7.9,0,0
CELE_F47B7.8|21ur-13287,0,0
CELE_F47B7.12|F47B7.12,0,0
CELE_F35A5.11|F35A5.11,0,0
CELE_F35A5.10|F35A5.10,0,0
CELE_F35A5.T1|F35A5.t1,0,0
CELE_F35A5.12|F35A5.12,0,0
CELE_F35A5.14|F35A5.14,0,0
CELE_F35A5.13|F35A5.13,0,0
CELE_K03C7.7|K03C7.7,0,0
CELE_K03C7.11|K03C7.11,0,0
CELE_K03C7.4|K03C7.4,0,0
CELE_K03C7.8|K03C7.8,0,0
CELE_K03C7.6|K03C7.6,0,0
CELE_K03C7.5|K03C7.5,0,0
CELE_K03C7.12|K03C7.12,0,0
CELE_ZC64.8|ZC64.8,0,0
CELE_ZC64.17|ZC64.17,0,0
CELE_ZC64.7|ZC64.7,0,0
CELE_ZC64.14|ZC64.14,0,0
CELE_ZC64.15|ZC64.15,0,0
CELE_ZC64.10|ZC64.10,0,0
CELE_ZC64.11|ZC64.11,0,0
CELE_ZC64.16|ZC64.16,0,0
CELE_ZC64.12|ZC64.12,0,0
CELE_ZC64.9|ZC64.9,0,0
CELE_ZC64.6|ZC64.6,0,0
CELE_F47F2.4|F47F2.4,0,0
CELE_F47F2.8|F47F2.8,0,0
CELE_T22B2.8|T22B2.8,0,0
CELE_T22B2.11|T22B2.11,0,0
CELE_T22B2.10|T22B2.10,0,0
CELE_T22B2.12|T22B2.12,0,0
CELE_T22B2.9|T22B2.9,0,0
CELE_T22B2.3|T22B2.3,0,0
CELE_T19D2.9|T19D2.9,0,0
CELE_T19D2.11|T19D2.11,0,0
CELE_T19D2.10|T19D2.10,0,0
CELE_T19D2.12|linc-112,0,0
CELE_T19D2.7|T19D2.7,0,0
CELE_T19D2.5|T19D2.5,0,0
CELE_T19D2.6|T19D2.6,0,0
CELE_T19D2.4|21ur-14152,0,0
CELE_C16B8.7|C16B8.7,0,0
CELE_C16B8.11|C16B8.11,0,0
CELE_C16B8.9|C16B8.9,0,0
CELE_C16B8.13|C16B8.13,0,0
CELE_C16B8.12|C16B8.12,0,0
CELE_C16B8.5|C16B8.5,0,0
CELE_R02E12.10|R02E12.10,0,0
CELE_R02E12.11|R02E12.11,0,0
CELE_R02E12.T1|R02E12.t1,0,0
CELE_T06F4.15|T06F4.15,0,0
CELE_R02E4.4|R02E4.4,0,0
CELE_F09F9.15|F09F9.15,0,0
CELE_F09F9.8|F09F9.8,0,0
CELE_F09F9.7|F09F9.7,0,0
CELE_ZK470.9|ZK470.9,0,0
CELE_ZK470.8|ZK470.8,0,0
CELE_ZK470.7|ZK470.7,0,0
CELE_ZK470.12|ZK470.12,0,0
CELE_F20B6.1|F20B6.1,0,0
CELE_F20B6.6|F20B6.6,0,0
CELE_W01H2.8|W01H2.8,0,0
CELE_W01H2.9|W01H2.9,0,0
CELE_W01H2.10|W01H2.10,0,0
CELE_W01H2.T1|W01H2.t1,0,0
CELE_W01H2.4|W01H2.4,0,0
CELE_W01H2.5|W01H2.5,0,0
CELE_F48D6.6|F48D6.6,0,0
CELE_F48D6.5|F48D6.5,0,0
CELE_C24A8.11|C24A8.11,0,0
CELE_C24A8.9|C24A8.9,0,0
CELE_C24A8.8|C24A8.8,0,0
CELE_C24A8.7|C24A8.7,0,0
CELE_C24A8.10|C24A8.10,0,0
CELE_R160.13|R160.13,0,0
CELE_R160.14|R160.14,0,0
CELE_R160.12|R160.12,0,0
CELE_R160.8|R160.8,0,0
CELE_R160.11|R160.11,0,0
CELE_F15A8.17|F15A8.17,0,0
CELE_F15A8.T1|F15A8.t1,0,0
CELE_F15A8.19|F15A8.19,0,0
CELE_F15A8.15|F15A8.15,0,0
CELE_F15A8.T2|F15A8.t2,0,0
CELE_F15A8.10|F15A8.10,0,0
CELE_F15A8.9|F15A8.9,0,0
CELE_F15A8.8|F15A8.8,0,0
CELE_F15A8.3|F15A8.3,0,0
CELE_F15A8.18|F15A8.18,0,0
CELE_F46H6.11|F46H6.11,0,0
CELE_F46H6.9|F46H6.9,0,0
CELE_F46H6.7|F46H6.7,0,0
CELE_F46H6.12|F46H6.12,0,0
CELE_C07A12.8|21ur-11723,0,1
CELE_C07A12.11|C07A12.11,0,0
CELE_C07A12.9|C07A12.9,0,0
CELE_C07A12.13|C07A12.13,0,0
CELE_C07A12.12|C07A12.12,0,0
CELE_C07A12.16|C07A12.16,0,0
CELE_C07A12.14|C07A12.14,0,0
CELE_C07A12.10|C07A12.10,0,0
CELE_C05E11.16|C05E11.16,0,0
CELE_C05E11.2|C05E11.2,0,0
CELE_T13H2.8|T13H2.8,0,0
CELE_T13H2.6|T13H2.6,0,0
CELE_C46C11.5|C46C11.5,0,0
CELE_F16H11.6|F16H11.6,0,0
CELE_K02G10.11|K02G10.11,0,0
CELE_K02G10.13|K02G10.13,0,0
CELE_K02G10.10|K02G10.10,0,0
CELE_K02G10.12|K02G10.12,0,0
CELE_K02G10.14|K02G10.14,0,0
CELE_K02G10.9|K02G10.9,0,0
CELE_F55D10.6|F55D10.6,0,0
CELE_F55D10.7|F55D10.7,0,0
CELE_F55D10.9|F55D10.9,0,0
CELE_F55D10.8|F55D10.8,0,0
CELE_C39E6.2|C39E6.2,0,0
CELE_C39E6.7|mir-247,0,0
CELE_C39E6.8|mir-797,0,0
CELE_C39E6.9|C39E6.9,0,0
CELE_C39E6.10|C39E6.10,0,0
CELE_F43C9.6|F43C9.6,0,0
CELE_R08E3.5|R08E3.5,0,0
CELE_R08E3.11|R08E3.11,0,0
CELE_R08E3.9|R08E3.9,0,0
CELE_R08E3.12|R08E3.12,0,0
CELE_R08E3.10|R08E3.10,0,0
CELE_R08E3.8|R08E3.8,0,0
CELE_F39C12.6|F39C12.6,0,0
CELE_F39C12.5|F39C12.5,0,0
CELE_T07F12.11|T07F12.11,0,0
CELE_T07F12.8|T07F12.8,0,0
CELE_T07F12.7|T07F12.7,0,0
CELE_K05B2.6|K05B2.6,0,0
CELE_K05B2.9|K05B2.9,0,0
CELE_K05B2.8|K05B2.8,0,0
CELE_K05B2.7|K05B2.7,0,0
CELE_ZK389.1|ZK389.1,0,0
CELE_M03F4.4|M03F4.4,0,0
CELE_ZC449.9|ZC449.9,0,0
CELE_H13J03.3|H13J03.3,0,0
CELE_H13J03.2|H13J03.2,0,0
CELE_H13J03.1|H13J03.1,0,0
CELE_Y64H9A.1|Y64H9A.1,0,0
CELE_C42D8.14|C42D8.14,0,0
CELE_C42D8.T1|C42D8.t1,0,0
CELE_C42D8.11|C42D8.11,0,0
CELE_C42D8.18|C42D8.18,0,0
CELE_C42D8.19|C42D8.19,0,0
CELE_C42D8.16|C42D8.16,0,0
CELE_C26B9.10|C26B9.10,0,0
CELE_C26B9.8|C26B9.8,0,0
CELE_C03F11.5|C03F11.5,0,0
CELE_C03F11.7|C03F11.7,0,0
CELE_C41A3.9|C41A3.9,0,0
CELE_C41A3.8|C41A3.8,0,0
CELE_C41A3.4|C41A3.4,0,0
CELE_C41A3.3|C41A3.3,0,0
CELE_C25F6.23|C25F6.23,0,0
CELE_C25F6.T4|C25F6.t4,0,0
CELE_C25F6.27|C25F6.27,0,0
CELE_C25F6.20|C25F6.20,0,0
CELE_C25F6.21|C25F6.21,0,0
CELE_C25F6.29|C25F6.29,0,0
CELE_C25F6.24|C25F6.24,0,0
CELE_C25F6.28|C25F6.28,0,0
CELE_C25F6.25|C25F6.25,0,0
CELE_C25F6.12|C25F6.12,0,0
CELE_C25F6.10|C25F6.10,0,0
CELE_C25F6.18|C25F6.18,0,0
CELE_C25F6.19|C25F6.19,0,0
CELE_C25F6.T1|C25F6.t1,0,1
CELE_C25F6.T2|C25F6.t2,0,0
CELE_C25F6.T3|C25F6.t3,0,0
CELE_F55D1.1|F55D1.1,0,0
CELE_F55D1.3|F55D1.3,0,0
CELE_T23F2.9|T23F2.9,0,0
CELE_T23F2.8|T23F2.8,0,0
CELE_T23F2.11|T23F2.11,0,0
CELE_T23F2.10|T23F2.10,0,0
CELE_T23F2.7|21ur-15511,0,0
CELE_C54G7.16|C54G7.16,0,0
CELE_C54G7.15|C54G7.15,0,0
CELE_C54G7.9|C54G7.9,0,0
CELE_C54G7.12|C54G7.12,0,0
CELE_C54G7.8|C54G7.8,0,0
CELE_C54G7.10|C54G7.10,0,0
CELE_C54G7.6|C54G7.6,0,0
CELE_C54G7.5|C54G7.5,0,0
CELE_C54G7.7|C54G7.7,0,0
CELE_C54G7.17|C54G7.17,0,0
CELE_C54G7.13|C54G7.13,0,0
CELE_C38C5.3|C38C5.3,0,0
CELE_F14D12.11|F14D12.11,0,0
CELE_F14D12.13|F14D12.13,0,0
CELE_F14D12.7|F14D12.7,0,0
CELE_T22B7.13|T22B7.13,0,0
CELE_T22B7.16|T22B7.16,0,0
CELE_T22B7.14|T22B7.14,0,0
CELE_T22B7.22|T22B7.22,0,1
CELE_T22B7.20|T22B7.20,0,0
CELE_T22B7.18|T22B7.18,0,0
CELE_T22B7.15|T22B7.15,0,0
CELE_W01C8.11|W01C8.11,0,0
CELE_W01C8.10|W01C8.10,0,0
CELE_W01C8.12|W01C8.12,0,0
CELE_E03E2.2|E03E2.2,0,0
CELE_E03E2.T3|E03E2.t3,0,0
CELE_C41G11.18|C41G11.18,0,0
CELE_C41G11.20|C41G11.20,0,0
CELE_C41G11.14|C41G11.14,0,0
CELE_C41G11.7|C41G11.7,0,0
CELE_C41G11.16|C41G11.16,0,0
CELE_C41G11.6|C41G11.6,0,0
CELE_C41G11.10|C41G11.10,0,0
CELE_C41G11.5|21ur-14574,0,0
CELE_C41G11.12|C41G11.12,0,0
CELE_C41G11.19|C41G11.19,0,0
CELE_C41G11.8|C41G11.8,0,0
CELE_C54H2.7|C54H2.7,0,0
CELE_C54H2.9|C54H2.9,0,0
CELE_C54H2.8|C54H2.8,0,0
CELE_C54H2.11|C54H2.11,0,0
CELE_C54H2.10|C54H2.10,0,0
CELE_F46G11.7|F46G11.7,0,0
CELE_F46G11.16|F46G11.16,0,0
CELE_F46G11.19|F46G11.19,0,0
CELE_F46G11.18|F46G11.18,0,0
CELE_F46G11.11|F46G11.11,0,0
CELE_F46G11.T2|F46G11.t2,0,0
CELE_F46G11.14|F46G11.14,0,0
CELE_F46G11.T1|F46G11.t1,0,0
CELE_F46G11.20|F46G11.20,0,0
CELE_F46G11.5|mir-230,0,0
CELE_F13D11.5|mir-791,0,0
CELE_F13D11.22|F13D11.22,0,0
CELE_F13D11.9|F13D11.9,0,0
CELE_F13D11.7|F13D11.7,0,0
CELE_F13D11.13|F13D11.13,0,0
CELE_F13D11.10|F13D11.10,0,0
CELE_F13D11.15|F13D11.15,0,0
CELE_F13D11.18|F13D11.18,0,0
CELE_F13D11.19|F13D11.19,0,0
CELE_F13D11.12|F13D11.12,0,0
CELE_F13D11.11|F13D11.11,0,0
CELE_F13D11.21|F13D11.21,0,0
CELE_F13D11.14|F13D11.14,0,0
CELE_F13D11.17|F13D11.17,0,0
CELE_F13D11.20|F13D11.20,0,0
CELE_F13D11.8|F13D11.8,0,0
CELE_W06B11.11|W06B11.11,0,0
CELE_W06B11.5|W06B11.5,0,0
CELE_W06B11.6|W06B11.6,0,0
CELE_F49E10.15|F49E10.15,0,0
CELE_F49E10.17|F49E10.17,0,0
CELE_F49E10.21|F49E10.21,0,0
CELE_F49E10.18|F49E10.18,0,0
CELE_F49E10.11|F49E10.11,0,0
CELE_F49E10.25|F49E10.25,0,0
CELE_F49E10.12|F49E10.12,0,0
CELE_H05L03.7|H05L03.7,0,0
CELE_Y23B4A.5|Y23B4A.5,0,0
CELE_Y23B4A.3|mir-360,0,0
CELE_C46F4.4|C46F4.4,0,0
CELE_R07E4.10|R07E4.10,0,0
CELE_F22F4.8|F22F4.8,0,0
CELE_C09B8.15|C09B8.15,0,0
CELE_C09B8.16|C09B8.16,0,0
CELE_C09B8.17|C09B8.17,0,0
CELE_C45B2.18|C45B2.18,0,0
CELE_C45B2.19|C45B2.19,0,0
CELE_C45B2.13|C45B2.13,0,0
CELE_C45B2.16|C45B2.16,0,1
CELE_C45B2.12|C45B2.12,0,0
CELE_C45B2.9|C45B2.9,0,0
CELE_C45B2.11|C45B2.11,0,0
CELE_C45B2.17|C45B2.17,0,0
CELE_C45B2.14|C45B2.14,0,0
CELE_C34H3.15|C34H3.15,0,0
CELE_C34H3.14|C34H3.14,0,0
CELE_C34H3.11|C34H3.11,0,0
CELE_C34H3.9|C34H3.9,0,0
CELE_C34H3.4|C34H3.4,0,0
CELE_C34H3.21|C34H3.21,0,0
CELE_C34H3.20|C34H3.20,0,0
CELE_C34H3.18|C34H3.18,0,0
CELE_C34H3.16|C34H3.16,0,0
CELE_C34H3.7|C34H3.7,0,0
CELE_C34H3.10|C34H3.10,0,0
CELE_C34H3.8|C34H3.8,0,0
CELE_C34H3.22|C34H3.22,0,0
CELE_C34H3.13|C34H3.13,0,0
CELE_C34H3.5|C34H3.5,0,0
CELE_T13C5.10|T13C5.10,0,0
CELE_C14F11.14|C14F11.14,0,0
CELE_C14F11.25|C14F11.25,0,0
CELE_C14F11.9|C14F11.9,0,0
CELE_C14F11.13|C14F11.13,0,0
CELE_C14F11.12|C14F11.12,0,0
CELE_C14F11.10|C14F11.10,0,0
CELE_C14F11.21|C14F11.21,0,0
CELE_C14F11.19|C14F11.19,0,0
CELE_C14F11.26|C14F11.26,0,0
CELE_C14F11.23|C14F11.23,0,0
CELE_C14F11.34|C14F11.34,0,0
CELE_C14F11.29|C14F11.29,0,0
CELE_C14F11.16|C14F11.16,0,0
CELE_C14F11.T1|C14F11.t1,0,0
CELE_C14F11.31|C14F11.31,0,0
CELE_C14F11.33|C14F11.33,0,0
CELE_C14F11.8|C14F11.8,0,0
CELE_C14F11.28|C14F11.28,0,0
CELE_C14F11.32|C14F11.32,0,0
CELE_C14F11.17|C14F11.17,0,0
CELE_C14F11.27|C14F11.27,0,0
CELE_C14F11.24|C14F11.24,0,0
CELE_T07H6.8|T07H6.8,0,0
CELE_C03B1.15|21ur-12998,0,0
CELE_C03B1.9|C03B1.9,0,0
CELE_C03B1.6|C03B1.6,0,0
CELE_C03B1.3|C03B1.3,0,0
CELE_C03B1.2|C03B1.2,0,0
CELE_C03B1.16|C03B1.16,0,0
CELE_C03B1.T1|sup-7,0,0
CELE_C03B1.17|C03B1.17,0,0
CELE_C03B1.1|C03B1.1,0,0
CELE_T22E5.14|T22E5.14,0,0
CELE_T22E5.12|T22E5.12,0,0
CELE_T22E5.8|T22E5.8,0,0
CELE_K10C2.9|mir-1022,0,0
CELE_K04E7.4|K04E7.4,0,0
CELE_C15B12.3|C15B12.3,0,0
CELE_C15B12.14|C15B12.14,0,0
CELE_C15B12.12|C15B12.12,0,0
CELE_C15B12.15|C15B12.15,0,0
CELE_C15B12.13|C15B12.13,0,0
CELE_C15B12.10|C15B12.10,0,0
CELE_F22A3.9|F22A3.9,0,0
CELE_F22A3.16|F22A3.16,0,0
CELE_F22A3.17|F22A3.17,0,0
CELE_F22A3.10|F22A3.10,0,0
CELE_F22A3.11|F22A3.11,0,0
CELE_F22A3.12|F22A3.12,0,0
CELE_F22A3.13|F22A3.13,0,0
CELE_T14E8.2|T14E8.2,0,0
CELE_T14E8.7|T14E8.7,0,0
CELE_T14E8.5|T14E8.5,0,0
CELE_T28B4.10|T28B4.10,0,0
CELE_T28B4.11|T28B4.11,0,0
CELE_T28B4.9|T28B4.9,0,0
CELE_T28B4.8|T28B4.8,0,0
CELE_T28B4.6|T28B4.6,0,0
CELE_T28B4.5|T28B4.5,0,0
CELE_T28B4.12|T28B4.12,0,0
CELE_T28B4.13|T28B4.13,0,0
CELE_T28B4.7|T28B4.7,0,0
CELE_C25B8.12|C25B8.12,0,0
CELE_F38B6.18|F38B6.18,0,0
CELE_F38B6.8|F38B6.8,0,0
CELE_F38B6.16|F38B6.16,0,0
CELE_F38B6.11|F38B6.11,0,0
CELE_F38B6.12|F38B6.12,0,0
CELE_F38B6.22|F38B6.22,0,0
CELE_F38B6.9|F38B6.9,0,0
CELE_F38B6.15|F38B6.15,0,0
CELE_F38B6.19|F38B6.19,0,0
CELE_F38B6.17|F38B6.17,0,0
CELE_R03E9.6|R03E9.6,0,0
CELE_R03E9.10|R03E9.10,0,0
CELE_R03E9.7|R03E9.7,0,0
CELE_H22K11.6|H22K11.6,0,0
CELE_H22K11.10|H22K11.10,0,0
CELE_H22K11.11|H22K11.11,0,0
CELE_H22K11.9|H22K11.9,0,0
CELE_C53B7.9|C53B7.9,0,0
CELE_C53B7.10|C53B7.10,0,0
CELE_C53B7.11|C53B7.11,0,0
CELE_C53B7.8|C53B7.8,0,0
CELE_F41C6.9|F41C6.9,0,0
CELE_F41C6.10|F41C6.10,0,0
CELE_F14B8.12|F14B8.12,0,0
CELE_F14B8.8|F14B8.8,0,0
CELE_F14B8.9|F14B8.9,0,0
CELE_F14B8.13|F14B8.13,0,0
CELE_C16E9.25|C16E9.25,0,0
CELE_C16E9.29|C16E9.29,0,0
CELE_C16E9.19|C16E9.19,0,0
CELE_C16E9.21|C16E9.21,0,0
CELE_C16E9.16|C16E9.16,0,0
CELE_C16E9.10|C16E9.10,0,0
CELE_C16E9.15|C16E9.15,0,0
CELE_C16E9.22|C16E9.22,0,0
CELE_C16E9.28|C16E9.28,0,0
CELE_C16E9.26|C16E9.26,0,0
CELE_C16E9.11|C16E9.11,0,0
CELE_C16E9.8|C16E9.8,0,0
CELE_R173.11|R173.11,0,0
CELE_R173.8|R173.8,0,0
CELE_R173.5|R173.5,0,0
CELE_R173.9|R173.9,0,0
CELE_R173.10|R173.10,0,0
CELE_B0403.11|B0403.11,0,0
CELE_B0403.12|B0403.12,0,0
CELE_B0403.13|B0403.13,0,0
CELE_B0403.14|B0403.14,0,0
CELE_B0403.7|B0403.7,0,0
CELE_B0403.8|B0403.8,0,0
CELE_C36B7.4|C36B7.4,0,0
CELE_Y1B5A.1|Y1B5A.1,0,0
CELE_C36B7.1|C36B7.1,0,23
CELE_C54D1.9|C54D1.9,0,0
CELE_C54D1.10|C54D1.10,0,0
CELE_C54D1.11|C54D1.11,0,0
CELE_F43E12.4|F43E12.4,0,0
CELE_F43E12.5|F43E12.5,0,0
CELE_F43E12.8|F43E12.8,0,0
CELE_F43E12.7|F43E12.7,0,0
CELE_F43E12.2|F43E12.2,0,0
CELE_F43E12.3|F43E12.3,0,0
CELE_F43E12.6|F43E12.6,0,0
CELE_F43E12.T1|F43E12.t1,0,0
CELE_F43E12.1|F43E12.1,0,0
CELE_C55B6.8|mir-4811,0,0
CELE_C55B6.4|C55B6.4,0,0
CELE_C55B6.7|C55B6.7,0,0
CELE_C55B6.6|C55B6.6,0,0
CELE_C55B6.5|C55B6.5,0,0
CELE_ZK867.20|ZK867.20,0,0
CELE_ZK867.18|ZK867.18,0,0
CELE_ZK867.17|ZK867.17,0,0
CELE_ZK867.19|ZK867.19,0,0
CELE_ZK867.22|ZK867.22,0,0
CELE_ZK867.15|ZK867.15,0,0
CELE_ZK867.11|ZK867.11,0,0
CELE_ZK867.8|ZK867.8,0,0
CELE_ZK867.9|ZK867.9,0,0
CELE_K03A1.9|K03A1.9,0,0
CELE_K03A1.10|K03A1.10,0,0
CELE_K03A1.7|21ur-14279,0,0
CELE_T08A9.14|21ur-10121,0,0
CELE_T08A9.15|T08A9.15,0,0
CELE_T08A9.T1|T08A9.t1,0,0
CELE_T08A9.16|T08A9.16,0,0
CELE_T08A9.17|T08A9.17,0,0
CELE_C10A4.2|C10A4.2,0,0
CELE_C10A4.12|C10A4.12,0,0
CELE_C01C10.5|C01C10.5,0,0
CELE_K08A8.16|K08A8.16,0,0
CELE_K08A8.22|K08A8.22,0,0
CELE_K08A8.6|K08A8.6,0,0
CELE_K08A8.28|K08A8.28,0,0
CELE_K08A8.20|K08A8.20,0,0
CELE_K08A8.21|K08A8.21,0,0
CELE_K08A8.31|K08A8.31,0,0
CELE_K08A8.24|K08A8.24,0,0
CELE_K08A8.23|K08A8.23,0,0
CELE_K08A8.26|K08A8.26,0,0
CELE_K08A8.29|K08A8.29,0,0
CELE_K08A8.4|K08A8.4,0,0
CELE_K08A8.8|K08A8.8,0,0
CELE_F48E3.T1|F48E3.t1,0,0
CELE_F46C8.16|F46C8.16,0,5
CELE_F46C8.17|F46C8.17,0,0
CELE_F46C8.18|F46C8.18,0,0
CELE_F46C8.9|F46C8.9,0,0
CELE_F46C8.15|F46C8.15,0,0
CELE_F46C8.14|F46C8.14,0,0
CELE_F46C8.19|F46C8.19,0,0
CELE_F46C8.21|F46C8.21,0,0
CELE_F46C8.20|F46C8.20,0,0
CELE_F46C8.12|F46C8.12,0,0
CELE_PDB1.2|PDB1.2,0,0
CELE_F08C6.16|F08C6.16,0,0
CELE_F08C6.14|F08C6.14,0,0
CELE_F08C6.15|F08C6.15,0,0
CELE_F08C6.10|F08C6.10,0,0
CELE_F08C6.8|F08C6.8,0,0
CELE_F26A10.3|21ur-13607,0,0
CELE_F26A10.21|F26A10.21,0,0
CELE_F26A10.5|F26A10.5,0,0
CELE_F26A10.4|F26A10.4,0,0
CELE_F26A10.23|F26A10.23,0,0
CELE_F26A10.24|F26A10.24,0,0
CELE_F26A10.17|F26A10.17,0,0
CELE_F26A10.19|F26A10.19,0,0
CELE_F26A10.10|F26A10.10,0,0
CELE_F26A10.6|F26A10.6,0,0
CELE_F26A10.16|F26A10.16,0,0
CELE_F27D9.11|F27D9.11,0,0
CELE_F27D9.10|F27D9.10,0,0
CELE_F27D9.9|F27D9.9,0,0
CELE_F27D9.T1|rte-3,0,0
CELE_K09F5.4|K09F5.4,0,0
CELE_K09F5.12|K09F5.12,0,0
CELE_K09F5.13|K09F5.13,0,0
CELE_K09F5.11|K09F5.11,0,0
CELE_K09F5.10|K09F5.10,0,0
CELE_ZK154.8|ZK154.8,0,0
CELE_ZK154.T4|ZK154.t4,0,0
CELE_ZK154.T3|ZK154.t3,0,0
CELE_C54D2.14|C54D2.14,0,0
CELE_C54D2.7|21ur-13297,0,0
CELE_C54D2.18|C54D2.18,0,0
CELE_C39D10.10|mir-240,0,0
CELE_C39D10.12|mir-786,0,0
CELE_C39D10.18|mir-8203,0,0
CELE_C39D10.17|C39D10.17,0,0
CELE_C39D10.T2|C39D10.t2,0,0
CELE_C39D10.15|C39D10.15,0,0
CELE_C39D10.14|C39D10.14,0,0
CELE_C39D10.T1|C39D10.t1,0,0
CELE_C39D10.1|C39D10.1,0,0
CELE_C09C7.2|C09C7.2,0,0
CELE_C14F5.7|C14F5.7,0,0
CELE_C14F5.12|linc-130,0,0
CELE_C14F5.8|C14F5.8,0,0
CELE_C14F5.10|C14F5.10,0,0
CELE_C14F5.11|C14F5.11,0,0
CELE_C14F5.6|21ur-13424,0,0
CELE_F45E1.11|F45E1.11,0,0
CELE_C18A11.13|C18A11.13,0,0
CELE_C18A11.T2|C18A11.t2,0,0
CELE_C18A11.T1|C18A11.t1,0,0
CELE_C18A11.9|21ur-14097,0,0
CELE_C18A11.8|mir-784,0,0
CELE_C46F2.2|mir-5553,0,0
CELE_C02B8.9|21ur-13239,0,0
CELE_C02B8.10|21ur-13581,0,0
CELE_C02B8.7|C02B8.7,0,0
CELE_F22F1.10|F22F1.10,0,0
CELE_F22F1.T1|F22F1.t1,0,0
CELE_F22F1.7|F22F1.7,0,0
CELE_F22F1.T9|F22F1.t9,0,0
CELE_F22F1.8|F22F1.8,0,0
CELE_F22F1.T8|F22F1.t8,0,0
CELE_F22F1.4|mir-237,0,0
CELE_F22F1.T2|F22F1.t2,0,0
CELE_F22F1.5|F22F1.5,0,0
CELE_F22F1.T3|F22F1.t3,0,0
CELE_F22F1.T4|F22F1.t4,0,0
CELE_F22F1.T5|F22F1.t5,0,0
CELE_F22F1.6|F22F1.6,0,0
CELE_F22F1.T6|F22F1.t6,0,0
CELE_F22F1.9|F22F1.9,0,0
CELE_F22F1.T7|F22F1.t7,0,0
CELE_C17H11.4|C17H11.4,0,0
CELE_C47D2.3|C47D2.3,0,0
CELE_K02A6.4|nlp-119,0,0
CELE_K02A6.1|nlp-90,0,0
CELE_K02A6.5|K02A6.5,0,0
CELE_M60.8|21ur-13210,0,0
CELE_M60.11|M60.11,0,0
CELE_M60.9|M60.9,0,0
CELE_M60.10|M60.10,0,0
CELE_R09F10.12|21ur-15115,0,0
CELE_R09F10.9|ced-13,0,0
CELE_R09F10.15|R09F10.15,0,0
CELE_R09F10.13|R09F10.13,0,0
CELE_R09F10.14|R09F10.14,0,0
CELE_R09F10.10|srh-13,0,0
CELE_R09F10.11|srh-12,0,0
CELE_R09F10.6|srh-11,0,0
CELE_F55E10.10|F55E10.10,0,0
CELE_F55E10.9|F55E10.9,0,0
CELE_F55E10.4|F55E10.4,0,0
CELE_F55E10.5|F55E10.5,0,0
CELE_F55E10.2|F55E10.2,0,0
CELE_F55E10.1|F55E10.1,0,0
CELE_F55E10.8|F55E10.8,0,0
CELE_F55E10.11|F55E10.11,0,0
CELE_F40B5.7|F40B5.7,0,0
CELE_F40B5.6|F40B5.6,0,0
CELE_F40B5.5|F40B5.5,0,0
CELE_F40B5.4|F40B5.4,0,0
CELE_F41D9.15|F41D9.15,0,0
CELE_F41D9.T1|F41D9.t1,0,0
CELE_F41D9.T2|F41D9.t2,0,0
CELE_F41D9.12|F41D9.12,0,0
CELE_F41D9.9|F41D9.9,0,0
CELE_F41D9.7|F41D9.7,0,0
CELE_F41D9.14|F41D9.14,0,0
CELE_F41D9.13|F41D9.13,0,0
CELE_F41D9.10|F41D9.10,0,0
CELE_F08F1.18|F08F1.18,0,0
CELE_F08F1.T3|F08F1.t3,0,0
CELE_F08F1.16|F08F1.16,0,0
CELE_F08F1.20|F08F1.20,0,0
CELE_F08F1.17|F08F1.17,0,0
CELE_F08F1.15|F08F1.15,0,0
CELE_F08F1.10|21ur-13704,0,0
CELE_F16F9.10|F16F9.10,0,0
CELE_F16F9.19|F16F9.19,0,0
CELE_F16F9.14|F16F9.14,0,0
CELE_F16F9.13|F16F9.13,0,0
CELE_F16F9.9|F16F9.9,0,0
CELE_F16F9.12|F16F9.12,0,0
CELE_F16F9.7|F16F9.7,0,0
CELE_F16F9.16|F16F9.16,0,0
CELE_F16F9.8|F16F9.8,0,0
CELE_F16F9.11|F16F9.11,0,0
CELE_F16F9.6|F16F9.6,0,0
CELE_F16F9.17|F16F9.17,0,0
CELE_F16F9.15|F16F9.15,0,0
CELE_T01B10.14|T01B10.14,0,0
CELE_T01B10.8|T01B10.8,0,0
CELE_T01B10.9|T01B10.9,0,0
CELE_T01B10.10|T01B10.10,0,0
CELE_T01B10.6|mir-788,0,0
CELE_T01B10.12|T01B10.12,0,0
CELE_T01B10.7|21ur-13013,0,0
CELE_H03E18.5|H03E18.5,0,0
CELE_H03E18.3|H03E18.3,0,0
CELE_D2021.5|D2021.5,0,0
CELE_F18E9.11|F18E9.11,0,0
CELE_F18E9.7|F18E9.7,0,0
CELE_F18E9.9|mir-799,0,0
CELE_H35N09.3|H35N09.3,0,0
CELE_H35N09.T2|H35N09.t2,0,0
CELE_H35N09.4|H35N09.4,0,0
CELE_H35N09.T1|H35N09.t1,0,0
CELE_K01A12.6|K01A12.6,0,0
CELE_K01A12.8|K01A12.8,0,0
CELE_F12D9.13|F12D9.13,0,0
CELE_F12D9.T6|F12D9.t6,0,0
CELE_F12D9.T1|F12D9.t1,0,0
CELE_F12D9.18|F12D9.18,0,0
CELE_F12D9.T5|F12D9.t5,0,0
CELE_F12D9.T2|F12D9.t2,0,0
CELE_F12D9.2|F12D9.2,0,0
CELE_F12D9.16|F12D9.16,0,0
CELE_F12D9.9|F12D9.9,0,0
CELE_F12D9.5|F12D9.5,0,0
CELE_F12D9.T3|F12D9.t3,0,0
CELE_F12D9.7|F12D9.7,0,0
CELE_F12D9.3|F12D9.3,0,0
CELE_F12D9.11|F12D9.11,0,0
CELE_F12D9.14|F12D9.14,0,0
CELE_F12D9.17|F12D9.17,0,0
CELE_F12D9.15|F12D9.15,0,0
CELE_F12D9.10|F12D9.10,0,0
CELE_F12D9.6|F12D9.6,0,0
CELE_F12D9.8|F12D9.8,0,0
CELE_F12D9.4|F12D9.4,0,0
CELE_F12D9.12|F12D9.12,0,0
CELE_F53A9.12|F53A9.12,0,0
CELE_F53A9.11|F53A9.11,0,0
CELE_M02D8.11|linc-88,0,0
CELE_M02D8.9|M02D8.9,0,0
CELE_R04E5.T5|R04E5.t5,0,0
CELE_R04E5.16|R04E5.16,0,0
CELE_R04E5.T4|R04E5.t4,0,0
CELE_R04E5.T1|R04E5.t1,0,0
CELE_R04E5.13|R04E5.13,0,0
CELE_R04E5.14|R04E5.14,0,0
CELE_R04E5.T3|R04E5.t3,0,0
CELE_R04E5.T2|R04E5.t2,0,0
CELE_C28G1.9|C28G1.9,0,0
CELE_C28G1.T4|C28G1.t4,0,0
CELE_C28G1.T5|C28G1.t5,0,0
CELE_C28G1.7|C28G1.7,0,0
CELE_C28G1.T3|C28G1.t3,0,0
CELE_C28G1.T2|C28G1.t2,0,0
CELE_C06E2.14|C06E2.14,0,0
CELE_C06E2.T1|sup-21,0,0
CELE_C06E2.2|C06E2.2,0,0
CELE_C06E2.11|C06E2.11,0,0
CELE_C06E2.13|C06E2.13,0,0
CELE_C06E2.12|C06E2.12,0,0
CELE_D1009.8|D1009.8,0,0
CELE_D1009.7|D1009.7,0,0
CELE_D1009.T1|D1009.t1,0,0
CELE_C48C5.5|C48C5.5,0,0
CELE_C48C5.4|C48C5.4,0,0
CELE_C48C5.9|C48C5.9,0,0
CELE_C48C5.8|C48C5.8,0,0
CELE_C48C5.7|C48C5.7,0,0
CELE_C48C5.T4|C48C5.t4,0,0
CELE_C48C5.6|C48C5.6,0,0
CELE_C48C5.T3|C48C5.t3,0,0
CELE_C48C5.T1|C48C5.t1,0,0
CELE_C48C5.T2|C48C5.t2,0,0
CELE_C24A3.13|C24A3.13,0,0
CELE_C24A3.12|C24A3.12,0,0
CELE_C24A3.11|C24A3.11,0,0
CELE_C24A3.10|C24A3.10,0,0
CELE_C24A3.14|C24A3.14,0,0
CELE_C24A3.1|C24A3.1,0,0
CELE_C24A3.9|C24A3.9,0,0
CELE_T25B6.10|T25B6.10,0,0
CELE_T25B6.T2|T25B6.t2,0,0
CELE_T25B6.T1|T25B6.t1,0,0
CELE_T25B6.1|T25B6.1,0,0
CELE_F47E1.3|prdm-14,0,0
CELE_F47E1.16|F47E1.16,0,0
CELE_F47E1.8|F47E1.8,0,0
CELE_F47E1.12|F47E1.12,0,0
CELE_F47E1.T2|F47E1.t2,0,0
CELE_F47E1.13|F47E1.13,0,0
CELE_F47E1.T1|F47E1.t1,0,0
CELE_C25A11.9|C25A11.9,0,0
CELE_B0563.9|B0563.9,0,0
CELE_B0563.18|B0563.18,0,0
CELE_Y81B9A.2|Y81B9A.2,0,0
CELE_Y81B9A.1|Y81B9A.1,0,0
CELE_F18G5.1|F18G5.1,0,0
CELE_B0416.9|B0416.9,0,0
CELE_B0416.8|B0416.8,0,0
CELE_T20B5.4|T20B5.4,0,0
CELE_T20B5.5|T20B5.5,0,0
CELE_C23F12.3|C23F12.3,0,0
CELE_C23F12.5|21ur-14416,0,0
CELE_ZK899.10|ZK899.10,0,0
CELE_ZK899.T1|ZK899.t1,0,0
CELE_ZK899.9|ZK899.9,0,0
CELE_ZK899.12|ZK899.12,0,0
CELE_C07B5.7|21ur-15476,0,0
CELE_F49E2.T1|F49E2.t1,0,0
CELE_F49E2.7|F49E2.7,0,0
CELE_F49E2.9|F49E2.9,0,0
CELE_C11E4.14|C11E4.14,0,0
CELE_C11E4.10|C11E4.10,0,0
CELE_C11E4.9|C11E4.9,0,0
CELE_F34H10.8|F34H10.8,0,0
CELE_F34H10.6|F34H10.6,0,0
CELE_T14B1.5|T14B1.5,0,0
CELE_T14B1.4|T14B1.4,0,0
CELE_T14B1.3|21ur-14231,0,0
CELE_C43C3.6|C43C3.6,0,0
CELE_C43C3.10|C43C3.10,0,0
CELE_C43C3.8|C43C3.8,0,0
CELE_T09B9.10|T09B9.10,0,0
CELE_T09B9.6|21ur-15084,0,0
CELE_T09B9.7|T09B9.7,0,0
CELE_T09B9.9|T09B9.9,0,0
CELE_T09B9.8|T09B9.8,0,0
CELE_F36G3.7|F36G3.7,0,0
CELE_F36G3.4|21ur-12348,0,0
CELE_R07B1.23|R07B1.23,0,0
CELE_R07B1.16|R07B1.16,0,0
CELE_R07B1.17|R07B1.17,0,0
CELE_R07B1.15|R07B1.15,0,0
CELE_R07B1.21|R07B1.21,0,0
CELE_R07B1.20|R07B1.20,0,0
CELE_R07B1.22|R07B1.22,0,0
CELE_R07B1.18|R07B1.18,0,0
CELE_F21G4.7|21ur-10665,0,0
CELE_C17G1.13|C17G1.13,0,5
CELE_C17G1.12|C17G1.12,0,0
CELE_C17G1.10|C17G1.10,0,0
CELE_ZC506.6|ZC506.6,0,0
CELE_F19C6.7|21ur-15251,0,0
CELE_F19C6.6|mir-49,0,0
CELE_F19C6.11|F19C6.11,0,0
CELE_F19C6.9|F19C6.9,0,0
CELE_F19C6.10|F19C6.10,0,0
CELE_ZC373.8|ZC373.8,0,0
CELE_W07E11.7|W07E11.7,0,0
CELE_F09B9.8|F09B9.8,0,0
CELE_F09B9.7|F09B9.7,0,0
CELE_F09B9.T1|F09B9.t1,0,0
CELE_C07A4.5|C07A4.5,0,0
CELE_C07A4.6|C07A4.6,0,0
CELE_C07A4.8|C07A4.8,0,0
CELE_C07A4.9|C07A4.9,0,0
CELE_F44A6.7|F44A6.7,0,0
CELE_F44A6.8|F44A6.8,0,0
CELE_F44A6.6|21ur-14459,0,0
CELE_C14H10.6|C14H10.6,0,0
CELE_C32A9.2|C32A9.2,0,0
CELE_C32A9.5|C32A9.5,0,0
CELE_C32A9.6|C32A9.6,0,0
CELE_F41E7.17|F41E7.17,0,0
CELE_F41E7.10|F41E7.10,0,0
CELE_F41E7.13|F41E7.13,0,0
CELE_F41E7.19|F41E7.19,0,0
CELE_F46F6.5|F46F6.5,0,0
CELE_F46F6.7|F46F6.7,0,0
CELE_F46F6.6|F46F6.6,0,0
CELE_ZC504.15|ZC504.15,0,0
CELE_ZC504.11|ZC504.11,0,0
CELE_ZC504.12|ZC504.12,0,0
CELE_ZC504.9|ZC504.9,0,0
CELE_ZC504.10|ZC504.10,0,0
CELE_ZC504.13|ZC504.13,0,0
CELE_ZC504.7|ZC504.7,0,0
CELE_ZC504.8|ZC504.8,0,0
CELE_ZC504.6|21ur-15328,0,0
CELE_C39B10.4|C39B10.4,0,0
CELE_C39B10.8|21ur-12269,0,0
CELE_C33D3.6|C33D3.6,0,0
CELE_C33D3.4|C33D3.4,0,0
CELE_C33D3.5|C33D3.5,0,0
CELE_C33D3.2|C33D3.2,0,0
CELE_F59F5.9|F59F5.9,0,0
CELE_F59F5.10|F59F5.10,0,0
CELE_F57C7.6|21ur-15079,0,0
CELE_M79.12|M79.12,0,0
CELE_M79.11|M79.11,0,0
CELE_M79.14|M79.14,0,0
CELE_M79.15|M79.15,0,0
CELE_F11A1.11|F11A1.11,0,0
CELE_F11A1.T2|F11A1.t2,0,0
CELE_F11A1.T1|F11A1.t1,0,0
CELE_F13E6.10|F13E6.10,0,2
CELE_T01C1.7|T01C1.7,0,0
CELE_T01C1.5|T01C1.5,0,0
CELE_T01C1.12|T01C1.12,0,0
CELE_T01C1.8|T01C1.8,0,0
CELE_T01C1.6|T01C1.6,0,0
CELE_T01C1.10|T01C1.10,0,0
CELE_T01C1.9|T01C1.9,0,0
CELE_T01C1.T1|T01C1.t1,0,0
CELE_R07A4.5|R07A4.5,0,0
CELE_C05A9.12|C05A9.12,0,0
CELE_C05A9.3|C05A9.3,0,0
CELE_C05A9.4|C05A9.4,0,0
CELE_C05A9.9|C05A9.9,0,0
CELE_C05A9.10|C05A9.10,0,0
CELE_F47B10.4|F47B10.4,0,0
CELE_T21B6.6|T21B6.6,0,0
CELE_T21B6.13|T21B6.13,0,0
CELE_T21B6.11|T21B6.11,0,0
CELE_T21B6.9|T21B6.9,0,0
CELE_T21B6.14|T21B6.14,0,0
CELE_T21B6.16|T21B6.16,0,0
CELE_T21B6.7|T21B6.7,0,0
CELE_T21B6.12|T21B6.12,0,0
CELE_T21B6.17|T21B6.17,0,0
CELE_K09C8.11|K09C8.11,0,0
CELE_K09C8.T1|K09C8.t1,0,0
CELE_F59F3.10|F59F3.10,0,0
CELE_F59F3.7|mir-251,0,0
CELE_F58A3.7|F58A3.7,0,0
CELE_C09F12.4|21ur-15354,0,0
CELE_W04G3.15|W04G3.15,0,0
CELE_W04G3.17|W04G3.17,0,0
CELE_W02H3.T1|W02H3.t1,0,0
CELE_W02H3.2|W02H3.2,0,0
CELE_W02H3.3|W02H3.3,0,0
CELE_R08B4.11|R08B4.11,0,0
CELE_R08B4.12|R08B4.12,0,0
CELE_R08B4.14|R08B4.14,0,0
CELE_R08B4.15|R08B4.15,0,0
CELE_R08B4.13|R08B4.13,0,0
CELE_R08B4.9|R08B4.9,0,0
CELE_R08B4.10|R08B4.10,0,0
CELE_R08B4.6|R08B4.6,0,0
CELE_C05C9.6|C05C9.6,0,0
CELE_C05C9.13|C05C9.13,0,0
CELE_C05C9.14|C05C9.14,0,0
CELE_C05C9.11|C05C9.11,0,0
CELE_C05C9.10|C05C9.10,0,0
CELE_C05C9.4|21ur-13016,0,0
CELE_C05C9.12|C05C9.12,0,0
CELE_C05C9.8|C05C9.8,0,0
CELE_C05C9.9|C05C9.9,0,0
CELE_C05C9.5|C05C9.5,0,0
CELE_C05C9.2|C05C9.2,0,0
CELE_C34F6.16|C34F6.16,0,0
CELE_C34F6.17|C34F6.17,0,0
CELE_C34F6.14|C34F6.14,0,0
CELE_F42E11.5|F42E11.5,0,0
CELE_T25C12.10|T25C12.10,0,0
CELE_T25C12.2|spp-9,0,0
CELE_F29G6.4|F29G6.4,0,0
CELE_C35C5.2|gcp-2.2,0,0
CELE_C35C5.12|21ur-12253,0,0
CELE_C35C5.14|C35C5.14,0,0
CELE_C35C5.15|C35C5.15,0,0
CELE_C35C5.17|C35C5.17,0,0
CELE_C35C5.16|C35C5.16,0,0
CELE_C35C5.19|C35C5.19,0,0
CELE_C35C5.18|C35C5.18,0,0
CELE_C35C5.20|C35C5.20,0,0
CELE_C35C5.13|C35C5.13,0,0
CELE_F52D10.8|F52D10.8,0,0
CELE_F52D10.10|F52D10.10,0,0
CELE_F52D10.7|F52D10.7,0,0
CELE_F52D10.9|F52D10.9,0,0
CELE_Y71H9A.10|spp-30,0,0
CELE_Y71H9A.5|Y71H9A.5,0,0
CELE_Y71H9A.6|Y71H9A.6,0,0
CELE_Y71H9A.7|Y71H9A.7,0,0
CELE_Y71H9A.8|Y71H9A.8,0,0
CELE_Y71H9A.9|Y71H9A.9,0,0
CELE_T04F8.14|T04F8.14,0,0
CELE_T04F8.12|T04F8.12,0,0
CELE_T04F8.13|T04F8.13,0,0
CELE_T04F8.11|T04F8.11,0,0
CELE_C44C10.12|C44C10.12,0,0
CELE_C44C10.6|C44C10.6,0,0
CELE_C44C10.15|C44C10.15,0,0
CELE_D1053.7|D1053.7,0,0
CELE_D1053.6|D1053.6,0,0
CELE_D1053.5|D1053.5,0,3
CELE_D1053.2|D1053.2,0,0
CELE_C40H5.1|nspa-9,0,0
CELE_C40H5.10|C40H5.10,0,0
CELE_C40H5.12|C40H5.12,0,0
CELE_C40H5.13|C40H5.13,0,0
CELE_C40H5.T1|C40H5.t1,0,0
CELE_C40H5.16|C40H5.16,0,0
CELE_C40H5.11|C40H5.11,0,0
CELE_Y102F5A.1|Y102F5A.1,0,0
CELE_C34E11.9|C34E11.9,0,0
CELE_C34E11.20|C34E11.20,0,0
CELE_C34E11.5|mir-239.1,0,0
CELE_C34E11.18|C34E11.18,0,0
CELE_C34E11.8|C34E11.8,0,0
CELE_C34E11.10|C34E11.10,0,0
CELE_C34E11.12|C34E11.12,0,0
CELE_C34E11.14|C34E11.14,0,0
CELE_C34E11.15|C34E11.15,0,0
CELE_C34E11.19|C34E11.19,0,0
CELE_F54F7.10|F54F7.10,0,0
CELE_F54F7.12|F54F7.12,0,0
CELE_F54F7.T2|F54F7.t2,0,0
CELE_F54F7.T1|F54F7.t1,0,0
CELE_F54F7.13|F54F7.13,0,0
CELE_Y62H9A.7|Y62H9A.7,0,0
CELE_Y62H9A.8|Y62H9A.8,0,0
CELE_Y62H9A.10|Y62H9A.10,0,0
CELE_F55G7.T1|F55G7.t1,0,0
CELE_F55G7.6|F55G7.6,0,0
CELE_F55G7.T2|F55G7.t2,0,0
CELE_F55G7.5|F55G7.5,0,0
CELE_F55G7.3|F55G7.3,0,0
CELE_C49F5.T1|C49F5.t1,0,0
CELE_W06B3.5|W06B3.5,0,0
CELE_W06B3.3|W06B3.3,0,0
CELE_W06B3.4|W06B3.4,0,0
CELE_W06B3.6|W06B3.6,0,0
CELE_B0198.10|B0198.10,0,0
CELE_B0198.8|B0198.8,0,0
CELE_B0198.4|B0198.4,0,0
CELE_C15A7.5|C15A7.5,0,0
CELE_C15A7.7|C15A7.7,0,0
CELE_W03G11.T1|W03G11.t1,0,0
CELE_T01H10.3|lgc-15,0,0
CELE_T01H10.4|T01H10.4,0,0
CELE_T01H10.5|lgc-16,0,0
CELE_T01H10.6|lgc-17,0,0
CELE_T01H10.11|T01H10.11,0,0
CELE_T01H10.9|T01H10.9,0,0
CELE_T01H10.7|lgc-18,0,0
CELE_T01H10.10|T01H10.10,0,0
CELE_M153.7|M153.7,0,0
CELE_M153.8|M153.8,0,0
CELE_M153.6|M153.6,0,0
CELE_F57G12.5|F57G12.5,0,0
CELE_F57G12.15|F57G12.15,0,0
CELE_F57G12.9|F57G12.9,0,0
CELE_F57G12.T1|F57G12.t1,0,0
CELE_F57G12.T2|F57G12.t2,0,0
CELE_F57G12.13|F57G12.13,0,0
CELE_F57G12.7|F57G12.7,0,0
CELE_F57G12.3|F57G12.3,0,0
CELE_F57G12.4|F57G12.4,0,0
CELE_F57G12.11|F57G12.11,0,0
CELE_F57G12.14|F57G12.14,0,0
CELE_F57G12.8|F57G12.8,0,5
CELE_F57G12.10|F57G12.10,0,0
CELE_T24F3.1|T24F3.1,0,0
CELE_C23H4.9|C23H4.9,0,0
CELE_C23H4.13|C23H4.13,0,0
CELE_E01G6.11|E01G6.11,0,0
CELE_E01G6.9|E01G6.9,0,0
CELE_E01G6.7|E01G6.7,0,0
CELE_E01G6.12|E01G6.12,0,0
CELE_E01G6.10|E01G6.10,0,0
CELE_E01G6.6|E01G6.6,0,0
CELE_E01G6.4|E01G6.4,0,0
CELE_E01G6.5|E01G6.5,0,0
CELE_E01G6.8|E01G6.8,0,0
CELE_H19J13.2|H19J13.2,0,0
CELE_C04B4.6|C04B4.6,0,0
CELE_C04B4.3|lips-2,0,0
CELE_C04B4.5|C04B4.5,0,0
CELE_C04B4.4|C04B4.4,0,0
CELE_F17A2.4|F17A2.4,0,0
CELE_F17A2.6|srd-41,0,0
CELE_F17A2.7|srd-45,0,0
CELE_F17A2.10|srd-46,0,0
CELE_F17A2.11|srd-47,0,0
CELE_F17A2.9|srd-48,0,0
CELE_F17A2.14|21ur-11655,0,0
CELE_F17A2.T1|F17A2.t1,0,0
CELE_F17A2.8|srd-44,0,0
CELE_F42F12.12|nspc-8,0,0
CELE_F19H6.T1|F19H6.t1,0,0
CELE_F19H6.8|F19H6.8,0,0
CELE_F17E5.6|F17E5.6,0,0
CELE_F17E5.5|F17E5.5,0,0
CELE_T24D3.1|med-1,0,0
CELE_T18D3.T1|T18D3.t1,0,0
CELE_T18D3.11|T18D3.11,0,0
CELE_T18D3.10|T18D3.10,0,0
CELE_T18D3.14|T18D3.14,0,0
CELE_T18D3.13|T18D3.13,0,0
CELE_F45E6.1|F45E6.1,0,0
CELE_R01H5.1|R01H5.1,0,0
CELE_R01H5.2|R01H5.2,0,0
CELE_R01H5.T1|R01H5.t1,0,0
CELE_T24D5.7|21ur-14743,0,0
CELE_T24D5.10|T24D5.10,0,0
CELE_T24D5.8|T24D5.8,0,0
CELE_H36L18.3|H36L18.3,0,0
CELE_H36L18.5|H36L18.5,0,0
CELE_C02B4.6|C02B4.6,0,0
CELE_C02B4.9|C02B4.9,0,0
CELE_C02B4.13|C02B4.13,0,0
CELE_C02B4.3|C02B4.3,0,0
CELE_C02B4.T1|C02B4.t1,0,0
CELE_C02B4.11|C02B4.11,0,0
CELE_C02B4.7|C02B4.7,0,0
CELE_C02B4.10|C02B4.10,0,0
CELE_C02B4.12|C02B4.12,0,0
CELE_C02B4.5|C02B4.5,0,0
CELE_C02B4.14|C02B4.14,0,0
CELE_T07C5.4|nhr-215,0,0
CELE_T07C5.3|nhr-214,0,0
CELE_T07C5.2|nhr-272,0,0
CELE_C52G5.5|C52G5.5,0,0
CELE_C52G5.9|C52G5.9,0,0
CELE_C52G5.10|C52G5.10,0,0
CELE_C52G5.6|C52G5.6,0,0
CELE_C52G5.7|C52G5.7,0,0
CELE_C52G5.8|C52G5.8,0,0
CELE_C52G5.11|C52G5.11,0,0
CELE_C52G5.12|C52G5.12,0,0
CELE_T14G8.T1|T14G8.t1,0,0
CELE_T14G8.5|T14G8.5,0,0
CELE_K02A4.9|K02A4.9,0,0
CELE_K02A4.T1|K02A4.t1,0,0
CELE_K02A4.4|K02A4.4,0,0
CELE_K02A4.T2|K02A4.t2,0,0
CELE_K02A4.15|K02A4.15,0,0
CELE_C05E7.5|C05E7.5,0,0
CELE_C05E7.6|C05E7.6,0,0
CELE_C05E7.T1|C05E7.t1,0,0
CELE_C05E7.T2|C05E7.t2,0,0
CELE_F11C1.13|F11C1.13,0,0
CELE_F11C1.12|F11C1.12,0,0
CELE_F11C1.14|F11C1.14,0,0
CELE_F11C1.8|21ur-13237,0,0
CELE_C53C7.8|C53C7.8,0,0
CELE_C53C7.T3|C53C7.t3,0,0
CELE_C53C7.6|C53C7.6,0,0
CELE_C53C7.T2|C53C7.t2,0,0
CELE_C53C7.T1|C53C7.t1,0,0
CELE_R03G8.5|str-10,0,0
CELE_R03G8.7|21ur-14023,0,0
CELE_F17H10.5|21ur-15153,0,0
CELE_F17H10.7|F17H10.7,0,0
CELE_F17H10.4|F17H10.4,0,0
CELE_F09A5.13|F09A5.13,0,0
CELE_F09A5.12|F09A5.12,0,0
CELE_F48C11.7|F48C11.7,0,0
CELE_F48C11.8|F48C11.8,0,0
CELE_F09D5.2|F09D5.2,0,0
CELE_F09D5.10|F09D5.10,0,0
CELE_F09D5.8|F09D5.8,0,0
CELE_F09D5.3|F09D5.3,0,0
CELE_F09D5.6|F09D5.6,0,0
CELE_F09D5.9|F09D5.9,0,0
CELE_F09D5.7|F09D5.7,0,0
CELE_F09D5.5|F09D5.5,0,0
CELE_F09D5.4|F09D5.4,0,0
CELE_K09A11.T1|K09A11.t1,0,0
CELE_R04D3.14|R04D3.14,0,0
CELE_R04D3.T4|R04D3.t4,0,0
CELE_R04D3.12|srd-38,0,0
CELE_R04D3.T1|R04D3.t1,0,0
CELE_R04D3.11|srd-37,0,0
CELE_R04D3.8|srd-39,0,0
CELE_R04D3.9|srd-43,0,0
CELE_R04D3.T2|R04D3.t2,0,0
CELE_F46G10.8|21ur-11893,0,0
CELE_C49F8.5|C49F8.5,0,0
CELE_C49F8.8|C49F8.8,0,0
CELE_C49F8.9|C49F8.9,0,0
CELE_C49F8.4|21ur-14870,0,0
CELE_C49F8.10|C49F8.10,0,0
CELE_C49F8.11|C49F8.11,0,0
CELE_C49F8.6|C49F8.6,0,0
CELE_C49F8.7|C49F8.7,0,0
CELE_F02C12.10|F02C12.10,0,0
CELE_F02C12.9|F02C12.9,0,0
CELE_C29F7.T3|C29F7.t3,0,0
CELE_C29F7.9|C29F7.9,0,0
CELE_C29F7.T1|C29F7.t1,0,0
CELE_C29F7.T2|C29F7.t2,0,0
CELE_F02D10.14|F02D10.14,0,0
CELE_F02D10.T3|F02D10.t3,0,0
CELE_F02D10.15|F02D10.15,0,0
CELE_F02D10.13|F02D10.13,0,0
CELE_F02D10.7|set-8,0,0
CELE_F02D10.12|F02D10.12,0,0
CELE_F02D10.11|F02D10.11,0,0
CELE_F02D10.T1|rte-5,0,0
CELE_F02D10.T2|F02D10.t2,0,0
CELE_F15A2.4|srd-50,0,0
CELE_F15A2.3|srd-51,0,0
CELE_F15A2.9|F15A2.9,0,0
CELE_F15A2.12|F15A2.12,0,0
CELE_F15A2.10|F15A2.10,0,0
CELE_F15A2.8|F15A2.8,0,0
CELE_H06A10.3|H06A10.3,0,0
CELE_H06A10.T1|H06A10.t1,0,0
CELE_R01E6.15|R01E6.15,0,0
CELE_R01E6.18|R01E6.18,0,0
CELE_R01E6.10|R01E6.10,0,0
CELE_R01E6.9|R01E6.9,0,0
CELE_R01E6.13|R01E6.13,0,0
CELE_R01E6.12|R01E6.12,0,0
CELE_R01E6.17|R01E6.17,0,0
CELE_F54B11.13|F54B11.13,0,0
CELE_F54B11.14|F54B11.14,0,0
CELE_F54B11.4|pugs-3,0,0
CELE_F54B11.12|mir-392,0,0
CELE_C40C9.7|C40C9.7,0,0
CELE_C40C9.11|C40C9.11,0,0
CELE_C40C9.12|C40C9.12,0,0
CELE_C40C9.13|C40C9.13,0,0
CELE_C40C9.14|C40C9.14,0,0
CELE_C40C9.6|C40C9.6,0,0
CELE_C40C9.T1|C40C9.t1,0,0
CELE_C40C9.10|C40C9.10,0,0
CELE_C40C9.8|C40C9.8,0,0
CELE_C40C9.9|C40C9.9,0,0
CELE_C40C9.T2|C40C9.t2,0,0
CELE_C04A11.6|C04A11.6,0,0
CELE_C04A11.7|C04A11.7,0,0
CELE_C04A11.8|C04A11.8,0,0
CELE_K02D3.5|K02D3.5,0,0
CELE_K02D3.4|K02D3.4,0,0
CELE_K11E4.T2|K11E4.t2,0,0
CELE_K11E4.T3|K11E4.t3,0,0
CELE_F55F3.5|F55F3.5,0,0
CELE_F55F3.8|F55F3.8,0,0
CELE_F55F3.T1|F55F3.t1,0,0
CELE_F55F3.6|F55F3.6,0,0
CELE_F55F3.T2|F55F3.t2,0,0
CELE_F19D8.9|F19D8.9,0,0
CELE_F19D8.10|F19D8.10,0,0
CELE_F19D8.5|F19D8.5,0,0
CELE_F19D8.7|F19D8.7,0,0
CELE_F19D8.6|F19D8.6,0,0
CELE_M03B6.6|mir-793,0,0
CELE_T21H8.8|T21H8.8,0,0
CELE_T21H8.7|T21H8.7,0,0
CELE_T21H8.T1|T21H8.t1,0,0
CELE_T21H8.11|T21H8.11,0,0
CELE_T21H8.3|sra-38,0,0
CELE_T21H8.4|sra-39,0,0
CELE_K02B9.5|mir-47,0,0
CELE_K02B9.3|K02B9.3,0,0
CELE_K02B9.6|K02B9.6,0,0
CELE_K02B9.9|K02B9.9,0,0
CELE_F48F7.8|arrd-27,0,10
CELE_C31E10.1|C31E10.1,0,0
CELE_C04C11.8|C04C11.8,0,0
CELE_C04C11.T1|rte-1,0,0
CELE_C04C11.17|C04C11.17,0,0
CELE_C04C11.15|C04C11.15,0,0
CELE_C04C11.21|C04C11.21,0,0
CELE_C04C11.16|C04C11.16,0,0
CELE_C04C11.9|C04C11.9,0,0
CELE_C04C11.6|C04C11.6,0,0
CELE_C04C11.13|C04C11.13,0,0
CELE_C04C11.10|C04C11.10,0,0
CELE_C04C11.20|C04C11.20,0,0
CELE_C04C11.19|C04C11.19,0,0
CELE_C04C11.14|C04C11.14,0,0
CELE_C04C11.12|C04C11.12,0,0
CELE_C04C11.11|C04C11.11,0,0
CELE_C04C11.5|C04C11.5,0,0
CELE_C04C11.7|C04C11.7,0,0
CELE_C04C11.22|C04C11.22,0,0
CELE_C04C11.18|C04C11.18,0,0
CELE_C33G3.T2|C33G3.t2,0,0
CELE_C33G3.12|C33G3.12,0,0
CELE_C33G3.9|C33G3.9,0,0
CELE_C33G3.14|linc-102,0,0
CELE_F16B12.5|F16B12.5,0,0
CELE_F16B12.7|F16B12.7,0,14
CELE_F16B12.8|nhr-281,0,0
CELE_F28H6.9|F28H6.9,0,0
CELE_F28H6.T1|F28H6.t1,0,0
CELE_F28H6.7|F28H6.7,0,0
CELE_F28H6.T2|F28H6.t2,0,0
CELE_F28H6.T7|F28H6.t7,0,0
CELE_F28H6.T3|F28H6.t3,0,0
CELE_F28H6.T6|F28H6.t6,0,0
CELE_F28H6.T4|F28H6.t4,0,0
CELE_F28H6.T5|F28H6.t5,0,0
CELE_F28H6.3|nkat-1,0,0
CELE_R03E1.T2|R03E1.t2,0,0
CELE_R03E1.5|R03E1.5,0,0
CELE_R03E1.T1|R03E1.t1,0,0
CELE_C37E2.10|C37E2.10,0,0
CELE_C37E2.3|C37E2.3,0,0
CELE_K06G5.T1|rtw-5,0,0
CELE_K06G5.6|K06G5.6,0,0
CELE_K06G5.7|K06G5.7,0,0
CELE_K04C1.6|srg-36,0,0
CELE_K04C1.1|srg-37,0,0
CELE_E02H4.8|E02H4.8,0,0
CELE_C11H1.10|C11H1.10,0,0
CELE_VK04G11.1|21ur-14874,0,0
CELE_VK04G11.2|VK04G11.2,0,0
CELE_Y60A9A.1|Y60A9A.1,0,0
CELE_Y60A9A.4|Y60A9A.4,0,0
CELE_Y60A9A.6|Y60A9A.6,0,0
CELE_Y60A9.1|Y60A9.1,0,0
CELE_Y60A9A.5|Y60A9A.5,0,0
CELE_F23D12.8|F23D12.8,0,0
CELE_F23D12.T2|F23D12.t2,0,0
CELE_F23D12.T1|F23D12.t1,0,0
CELE_Y66C5A.2|Y66C5A.2,0,0
CELE_M163.6|M163.6,0,0
CELE_M163.7|M163.7,0,0
CELE_M163.22|M163.22,0,0
CELE_M163.21|M163.21,0,0
CELE_M163.9|M163.9,0,0
CELE_M163.10|M163.10,0,0
CELE_M163.13|M163.13,0,0
CELE_M163.15|M163.15,0,0
CELE_M163.12|M163.12,0,0
CELE_M163.14|M163.14,0,0
CELE_M163.20|M163.20,0,0
CELE_M163.T2|M163.t2,0,0
CELE_M163.18|M163.18,0,0
CELE_M163.T1|M163.t1,0,0
CELE_M163.17|M163.17,0,0
CELE_D1025.12|linc-54,0,0
CELE_T24C2.9|T24C2.9,0,0
CELE_T24C2.8|T24C2.8,0,0
CELE_T24C2.7|T24C2.7,0,0
CELE_H01A20.3|H01A20.3,0,0
CELE_H01A20.2|H01A20.2,0,0
CELE_H01A20.5|H01A20.5,0,0
CELE_C44H4.9|C44H4.9,0,0
CELE_F54E4.17|F54E4.17,0,0
CELE_F54E4.11|F54E4.11,0,0
CELE_F54E4.14|F54E4.14,0,0
CELE_F54E4.8|F54E4.8,0,0
CELE_F54E4.5|F54E4.5,0,0
CELE_F54E4.6|F54E4.6,0,0
CELE_F54E4.10|F54E4.10,0,0
CELE_F54E4.7|F54E4.7,0,0
CELE_F54E4.9|F54E4.9,0,0
CELE_F54E4.15|F54E4.15,0,0
CELE_C26G2.6|C26G2.6,0,0
CELE_C26G2.8|C26G2.8,0,0
CELE_C26G2.11|C26G2.11,0,0
CELE_C26G2.4|C26G2.4,0,0
CELE_C26G2.5|C26G2.5,0,0
CELE_C26G2.3|C26G2.3,0,0
CELE_C26G2.10|C26G2.10,0,0
CELE_F40E10.14|F40E10.14,0,0
CELE_F40E10.7|F40E10.7,0,0
CELE_F40E10.8|F40E10.8,0,0
CELE_F40E10.10|F40E10.10,0,0
CELE_F40E10.9|F40E10.9,0,0
CELE_F40E10.11|F40E10.11,0,0
CELE_F40E10.12|F40E10.12,0,0
CELE_F33C8.8|F33C8.8,0,0
CELE_F33C8.7|F33C8.7,0,0
CELE_F33C8.6|F33C8.6,0,0
CELE_C05G5.8|C05G5.8,0,0
CELE_Y16B4A.3|Y16B4A.3,0,0
CELE_Y16B4A.4|Y16B4A.4,0,0
CELE_F42D1.11|F42D1.11,0,0
CELE_F42D1.8|F42D1.8,0,2
CELE_F42D1.9|F42D1.9,0,0
CELE_F42D1.5|F42D1.5,0,0
CELE_F42D1.7|F42D1.7,0,0
CELE_F42D1.13|F42D1.13,0,0
CELE_F42D1.14|F42D1.14,0,0
CELE_F42D1.10|F42D1.10,0,0
CELE_F42D1.12|F42D1.12,0,0
CELE_F42D1.T1|F42D1.t1,0,0
CELE_T04C10.5|21ur-15136,0,0
CELE_T04C10.3|T04C10.3,0,0
CELE_T04C10.8|T04C10.8,0,0
CELE_T04C10.9|T04C10.9,0,0
CELE_T04C10.7|T04C10.7,0,0
CELE_T04C10.10|T04C10.10,0,0
CELE_T04C10.6|T04C10.6,0,0
CELE_C27C12.8|C27C12.8,0,0
CELE_C27C12.10|C27C12.10,0,0
CELE_F31F6.12|F31F6.12,0,0
CELE_F31F6.9|F31F6.9,0,0
CELE_F31F6.13|F31F6.13,0,0
CELE_F31F6.16|F31F6.16,0,0
CELE_F31F6.10|F31F6.10,0,0
CELE_F31F6.14|F31F6.14,0,0
CELE_Y70D2A.6|Y70D2A.6,0,0
CELE_Y70D2A.5|Y70D2A.5,0,0
CELE_Y70D2A.4|Y70D2A.4,0,0
CELE_F45B8.9|F45B8.9,0,0
CELE_F45B8.13|F45B8.13,0,0
CELE_F45B8.11|F45B8.11,0,0
CELE_F45B8.17|F45B8.17,0,0
CELE_F45B8.15|F45B8.15,0,0
CELE_F45B8.18|F45B8.18,0,0
CELE_F45B8.21|F45B8.21,0,0
CELE_F45B8.7|F45B8.7,0,0
CELE_F45B8.22|F45B8.22,0,0
CELE_F45B8.10|F45B8.10,0,0
CELE_F45B8.12|F45B8.12,0,0
CELE_F45B8.14|F45B8.14,0,0
CELE_F45B8.16|F45B8.16,0,0
CELE_F45B8.19|F45B8.19,0,0
CELE_F45B8.20|F45B8.20,0,0
CELE_F45B8.8|F45B8.8,0,0
CELE_F20D1.16|F20D1.16,0,0
CELE_F20D1.17|F20D1.17,0,0
CELE_C18B12.12|C18B12.12,0,0
CELE_C18B12.8|21ur-14109,0,0
CELE_C18B12.7|21ur-13509,0,0
CELE_C18B12.11|C18B12.11,0,0
CELE_C18B12.10|C18B12.10,0,0
CELE_H03G16.1|H03G16.1,0,0
CELE_F09B12.8|F09B12.8,0,0
CELE_R07D5.9|R07D5.9,0,0
CELE_C11G10.7|C11G10.7,0,0
CELE_C11G10.12|C11G10.12,0,0
CELE_C11G10.6|C11G10.6,0,0
CELE_C11G10.10|C11G10.10,0,0
CELE_C11G10.5|C11G10.5,0,0
CELE_C11G10.8|C11G10.8,0,0
CELE_T10B10.12|T10B10.12,0,0
CELE_T10B10.11|T10B10.11,0,0
CELE_T10B10.10|T10B10.10,0,0
CELE_T10B10.15|T10B10.15,0,0
CELE_T10B10.14|T10B10.14,0,0
CELE_T10B10.T2|T10B10.t2,0,0
CELE_T10B10.13|T10B10.13,0,0
CELE_T10B10.T1|T10B10.t1,0,0
CELE_H03A11.7|H03A11.7,0,0
CELE_H03A11.5|H03A11.5,0,0
CELE_H03A11.4|H03A11.4,0,0
CELE_H03A11.3|21ur-9904,0,0
CELE_H03A11.12|H03A11.12,0,0
CELE_H03A11.11|H03A11.11,0,0
CELE_H03A11.10|H03A11.10,0,0
CELE_H03A11.9|H03A11.9,0,0
CELE_H03A11.8|H03A11.8,0,2
CELE_H03A11.6|H03A11.6,0,0
CELE_F46F2.T1|F46F2.t1,0,0
CELE_F46F2.11|F46F2.11,0,0
CELE_C02D4.6|C02D4.6,0,0
CELE_C02D4.7|C02D4.7,0,0
CELE_C02D4.14|C02D4.14,0,0
CELE_Y15E3A.14|Y15E3A.14,0,0
CELE_Y15E3A.16|Y15E3A.16,0,0
CELE_Y15E3A.6|21ur-12013,0,0
CELE_Y15E3A.12|Y15E3A.12,0,0
CELE_Y15E3A.11|Y15E3A.11,0,0
CELE_Y15E3A.8|Y15E3A.8,0,0
CELE_Y15E3A.13|Y15E3A.13,0,0
CELE_F47C8.7|F47C8.7,0,0
CELE_F47C8.2|F47C8.2,0,0
CELE_F47C8.8|F47C8.8,0,0
CELE_F47C8.3|F47C8.3,0,0
CELE_F47C8.6|F47C8.6,0,0
CELE_F47C8.5|F47C8.5,0,0
CELE_F39D8.6|F39D8.6,0,0
CELE_R03A10.11|R03A10.11,0,0
CELE_R03A10.12|R03A10.12,0,0
CELE_R03A10.10|R03A10.10,0,0
CELE_H30A04.3|H30A04.3,0,0
CELE_H30A04.11|H30A04.11,0,0
CELE_H30A04.8|H30A04.8,0,0
CELE_C02C6.12|C02C6.12,0,0
CELE_C02C6.9|C02C6.9,0,0
CELE_C02C6.10|C02C6.10,0,0
CELE_C02C6.7|C02C6.7,0,0
CELE_C02C6.8|C02C6.8,0,0
CELE_C02C6.6|C02C6.6,0,0
CELE_K09E9.13|linc-118,0,0
CELE_K09E9.5|K09E9.5,0,0
CELE_K09E9.11|K09E9.11,0,0
CELE_K09E9.6|21ur-15388,0,0
CELE_K09E9.10|K09E9.10,0,0
CELE_K09E9.8|K09E9.8,0,0
CELE_F59D12.6|21ur-15122,0,0
CELE_F59D12.11|F59D12.11,0,0
CELE_F59D12.8|F59D12.8,0,0
CELE_F59D12.9|F59D12.9,0,0
CELE_F59D12.13|F59D12.13,0,0
CELE_F59D12.12|F59D12.12,0,0
CELE_F59D12.7|F59D12.7,0,0
CELE_ZK662.7|ZK662.7,0,0
CELE_ZK678.6|srg-64,0,0
CELE_ZK678.11|ZK678.11,0,0
CELE_ZK678.T1|ZK678.t1,0,0
CELE_ZK678.2|nhr-255,0,0
CELE_ZK678.9|21ur-15505,0,0
CELE_ZK678.12|linc-115,0,0
CELE_Y7A5A.14|Y7A5A.14,0,0
CELE_Y7A5A.T4|Y7A5A.t4,0,0
CELE_Y7A5A.16|Y7A5A.16,0,0
CELE_Y7A5A.T1|Y7A5A.t1,0,0
CELE_Y7A5A.13|Y7A5A.13,0,0
CELE_Y7A5A.24|Y7A5A.24,0,0
CELE_Y7A5A.3|Y7A5A.3,0,0
CELE_Y7A5A.5|Y7A5A.5,0,0
CELE_Y7A5A.19|Y7A5A.19,0,0
CELE_Y7A5A.T3|Y7A5A.t3,0,0
CELE_Y7A5A.18|Y7A5A.18,0,0
CELE_Y7A5A.T2|Y7A5A.t2,0,0
CELE_Y7A5A.7|Y7A5A.7,0,0
CELE_Y7A5A.23|Y7A5A.23,0,0
CELE_Y7A5A.9|Y7A5A.9,0,0
CELE_F59F4.6|F59F4.6,0,0
CELE_F53H4.7|F53H4.7,0,0
CELE_Y67D11A.2|Y67D11A.2,0,0
CELE_Y67D11A.4|Y67D11A.4,0,0
CELE_Y67D11A.3|Y67D11A.3,0,0
CELE_Y67D11A.1|21ur-13664,0,0
CELE_E03G2.1|E03G2.1,0,0
CELE_C09G1.7|C09G1.7,0,0
CELE_VB0395L.2|VB0395L.2,0,0
CELE_VB0395L.3|VB0395L.3,0,0
CELE_B0395.4|mir-84,0,0
CELE_B0395.5|21ur-15362,0,0
CELE_B0395.6|21ur-11674,0,0
CELE_B0395.8|B0395.8,0,0
CELE_B0395.9|B0395.9,0,0
CELE_B0395.10|B0395.10,0,0
CELE_B0395.T1|B0395.t1,0,0
CELE_T27A8.8|T27A8.8,0,0
CELE_T27A8.9|T27A8.9,0,0
CELE_C30F2.6|C30F2.6,0,0
CELE_F09C8.4|F09C8.4,0,0
CELE_F09C8.3|F09C8.3,0,0
CELE_F09C8.6|F09C8.6,0,0
CELE_F09C8.5|F09C8.5,0,0
CELE_F23C11.1|21ur-13752,0,0
CELE_R11.6|mir-2212,0,0
CELE_R11.5|mir-1819,0,0
CELE_R11.T4|R11.t4,0,0
CELE_R11.7|R11.7,0,0
CELE_R11.T3|R11.t3,0,0
CELE_R11.T2|R11.t2,0,0
CELE_R11.T1|R11.t1,0,0
CELE_F23A7.T1|F23A7.t1,0,0
CELE_F52E10.6|F52E10.6,0,0
CELE_F52E10.T1|F52E10.t1,0,0
CELE_F52E10.11|F52E10.11,0,0
CELE_F52E10.8|F52E10.8,0,0
CELE_F52E10.T2|F52E10.t2,0,0
CELE_F52E10.9|F52E10.9,0,0
CELE_F52E10.T4|F52E10.t4,0,0
CELE_F52E10.12|F52E10.12,0,0
CELE_F52E10.10|F52E10.10,0,0
CELE_F52E10.T3|F52E10.t3,0,0
CELE_T01B4.7|T01B4.7,0,0
CELE_T01B4.T1|T01B4.t1,0,0
CELE_T01B4.6|T01B4.6,0,0
CELE_T01B4.T2|T01B4.t2,0,0
CELE_T01B4.5|T01B4.5,0,0
CELE_C11G6.6|C11G6.6,0,0
CELE_W09B12.2|W09B12.2,0,0
CELE_W09B12.4|W09B12.4,0,0
CELE_W09B12.3|W09B12.3,0,0
CELE_F01G12.11|F01G12.11,0,0
CELE_F01G12.13|F01G12.13,0,0
CELE_F01G12.9|F01G12.9,0,0
CELE_F01G12.7|21ur-14759,0,0
CELE_F01G12.1|F01G12.1,0,0
CELE_T24D11.6|T24D11.6,0,0
CELE_T24D11.7|T24D11.7,0,0
CELE_T24D11.3|T24D11.3,0,0
CELE_T24D11.2|T24D11.2,0,0
CELE_F38E9.9|F38E9.9,0,0
CELE_F38E9.7|F38E9.7,0,0
CELE_F38E9.T1|F38E9.t1,0,0
CELE_K05G3.T1|K05G3.t1,0,0
CELE_T25D1.T1|T25D1.t1,0,0
CELE_T25D1.5|T25D1.5,0,0
CELE_T25D1.4|T25D1.4,0,0
CELE_T25D1.T2|T25D1.t2,0,0
CELE_T27B1.3|T27B1.3,0,0
CELE_T27B1.T1|T27B1.t1,0,0
CELE_T27B1.7|T27B1.7,0,0
CELE_T27B1.9|T27B1.9,0,0
CELE_T27B1.4|T27B1.4,0,0
CELE_T27B1.5|T27B1.5,0,0
CELE_T27B1.6|T27B1.6,0,0
CELE_T27B1.8|T27B1.8,0,0
CELE_K08B5.7|K08B5.7,0,0
CELE_K08B5.8|K08B5.8,0,0
CELE_K08B5.6|K08B5.6,0,0
CELE_K08B5.3|K08B5.3,0,0
CELE_F59C12.T1|F59C12.t1,0,0
CELE_F59C12.9|F59C12.9,0,0
CELE_F59C12.11|F59C12.11,0,0
CELE_F59C12.T3|F59C12.t3,0,0
CELE_F59C12.10|F59C12.10,0,0
CELE_C06G1.T4|C06G1.t4,0,0
CELE_C06G1.15|C06G1.15,0,0
CELE_C06G1.T3|C06G1.t3,0,0
CELE_C06G1.11|C06G1.11,0,0
CELE_C06G1.T2|C06G1.t2,0,0
CELE_C06G1.16|C06G1.16,0,0
CELE_C06G1.17|C06G1.17,0,0
CELE_C06G1.9|C06G1.9,0,0
CELE_C06G1.13|C06G1.13,0,0
CELE_C06G1.14|C06G1.14,0,0
CELE_F22H10.11|F22H10.11,0,0
CELE_F22H10.7|21ur-15487,0,0
CELE_T21F2.3|T21F2.3,0,0
CELE_C10E2.8|C10E2.8,0,0
CELE_T01C8.12|linc-100,0,0
CELE_T01C8.8|T01C8.8,0,0
CELE_F41G4.10|F41G4.10,0,0
CELE_F41G4.11|F41G4.11,0,0
CELE_F39F10.5|F39F10.5,0,0
CELE_C30E1.8|C30E1.8,0,0
CELE_C30E1.T1|C30E1.t1,0,0
CELE_F35B3.10|F35B3.10,0,0
CELE_C30G4.2|C30G4.2,0,0
CELE_C30G4.8|C30G4.8,0,0
CELE_C36E6.10|21ur-12105,0,0
CELE_C36E6.11|C36E6.11,0,0
CELE_C36E6.9|21ur-14151,0,0
CELE_R106.4|R106.4,0,0
CELE_F31A3.7|F31A3.7,0,0
CELE_F31A3.6|F31A3.6,0,0
CELE_F39B3.6|F39B3.6,0,0
CELE_F39B3.5|F39B3.5,0,0
CELE_C16H3.5|mir-63,0,0
CELE_C16H3.7|C16H3.7,0,0
CELE_C16H3.T1|C16H3.t1,0,0
CELE_C16H3.6|C16H3.6,0,0
CELE_C16H3.T2|C16H3.t2,0,0
CELE_F15G10.3|21ur-13675,0,0
CELE_T23E7.8|T23E7.8,0,0
CELE_T23E7.9|T23E7.9,0,0
KEF34_t01,0,0
KEF34_t02,0,0
KEF34_t11,0,0
KEF34_t12,0,0
KEF34_t13,0,0
KEF34_t22,0,0
<class 'str'>,,95399
